*********************************************************************
* LD Score Regression (LDSC)
* Version 1.0.1
* (C) 2014-2019 Brendan Bulik-Sullivan and Hilary Finucane
* Broad Institute of MIT and Harvard / MIT Department of Mathematics
* GNU General Public License v3
*********************************************************************
Call: 
./ldsc.py \
--out /data/sbcs/GuoLab/backup/liq17/CRC_TF_TWAS_zhishan2024/NC_revision_OceanCode/v2_NC_revision//84Tracks//ldscores_sim500//1 \
--bfile /data/sbcs/GuoLab/backup/liq17/ref/Alkesgroup/1000G_EUR_Phase3_plink_hg38/1000G.EUR.QC.1 \
--annot /data/sbcs/GuoLab/backup/liq17/CRC_TF_TWAS_zhishan2024/NC_revision_OceanCode/v2_NC_revision//84Tracks//annots_sim500//1.annot.txt \
--l2  \
--ld-wind-kb 100.0 

Beginning analysis at Sun Oct 26 21:19:51 2025
Read list of 778603 SNPs from /data/sbcs/GuoLab/backup/liq17/ref/Alkesgroup/1000G_EUR_Phase3_plink_hg38/1000G.EUR.QC.1.bim
Read 50 annotations for 778603 SNPs from /data/sbcs/GuoLab/backup/liq17/CRC_TF_TWAS_zhishan2024/NC_revision_OceanCode/v2_NC_revision//84Tracks//annots_sim500//1.annot.txt
Read list of 489 individuals from /data/sbcs/GuoLab/backup/liq17/ref/Alkesgroup/1000G_EUR_Phase3_plink_hg38/1000G.EUR.QC.1.fam
Reading genotypes from /data/sbcs/GuoLab/backup/liq17/ref/Alkesgroup/1000G_EUR_Phase3_plink_hg38/1000G.EUR.QC.1.bed
Estimating LD Score.
Writing LD Scores for 778603 SNPs to /data/sbcs/GuoLab/backup/liq17/CRC_TF_TWAS_zhishan2024/NC_revision_OceanCode/v2_NC_revision//84Tracks//ldscores_sim500//1.l2.ldscore.gz

Summary of LD Scores in /data/sbcs/GuoLab/backup/liq17/CRC_TF_TWAS_zhishan2024/NC_revision_OceanCode/v2_NC_revision//84Tracks//ldscores_sim500//1.l2.ldscore.gz
         MAF  SIM1L2  SIM2L2  SIM3L2  SIM4L2  SIM5L2  SIM6L2  SIM7L2  SIM8L2  SIM9L2  SIM10L2  SIM11L2  SIM12L2  SIM13L2  SIM14L2  SIM15L2  SIM16L2  SIM17L2  SIM18L2  SIM19L2  SIM20L2  SIM21L2  SIM22L2  SIM23L2  SIM24L2  SIM25L2  SIM26L2  SIM27L2  SIM28L2  SIM29L2  SIM30L2  SIM31L2  SIM32L2  SIM33L2  SIM34L2  SIM35L2  SIM36L2  SIM37L2  SIM38L2  SIM39L2  SIM40L2  SIM41L2  SIM42L2  SIM43L2  SIM44L2  SIM45L2  SIM46L2  SIM47L2  SIM48L2  SIM49L2  SIM50L2
mean  0.1452  0.0028  0.0032  0.0016  0.0035  0.0020  0.0031  0.0030  0.0046  0.0037   0.0035   0.0034   0.0023   0.0033   0.0035   0.0027   0.0025   0.0025   0.0042   0.0041   0.0036   0.0035   0.0024   0.0030   0.0025   0.0038   0.0027   0.0032   0.0035   0.0025   0.0039   0.0043   0.0038   0.0029   0.0025   0.0034   0.0042   0.0031   0.0026   0.0025   0.0027   0.0023   0.0039   0.0025   0.0038   0.0023   0.0034   0.0042   0.0029   0.0020   0.0020
std   0.1490  0.0408  0.0465  0.0310  0.0471  0.0334  0.0425  0.0408  0.0513  0.0471   0.0471   0.0440   0.0408   0.0429   0.0448   0.0407   0.0390   0.0405   0.0524   0.0487   0.0476   0.0436   0.0392   0.0400   0.0391   0.0490   0.0399   0.0400   0.0448   0.0387   0.0509   0.0520   0.0510   0.0423   0.0399   0.0441   0.0493   0.0430   0.0393   0.0400   0.0392   0.0334   0.0493   0.0378   0.0482   0.0352   0.0435   0.0497   0.0408   0.0318   0.0331
min   0.0051 -0.0038 -0.0043 -0.0038 -0.0041 -0.0040 -0.0040 -0.0039 -0.0041 -0.0056  -0.0021  -0.0041  -0.0041  -0.0040  -0.0034  -0.0041  -0.0041  -0.0035  -0.0041  -0.0041  -0.0038  -0.0041  -0.0021  -0.0021  -0.0037  -0.0041  -0.0041  -0.0041  -0.0041  -0.0041  -0.0039  -0.0040  -0.0041  -0.0035  -0.0038  -0.0038  -0.0041  -0.0041  -0.0040  -0.0021  -0.0040  -0.0040  -0.0041  -0.0021  -0.0040  -0.0038  -0.0041  -0.0039  -0.0041  -0.0021  -0.0034
25%   0.0174  0.0000  0.0000  0.0000  0.0000  0.0000  0.0000  0.0000  0.0000  0.0000   0.0000   0.0000   0.0000   0.0000   0.0000   0.0000   0.0000   0.0000   0.0000   0.0000   0.0000   0.0000   0.0000   0.0000   0.0000   0.0000   0.0000   0.0000   0.0000   0.0000   0.0000   0.0000   0.0000   0.0000   0.0000   0.0000   0.0000   0.0000   0.0000   0.0000   0.0000   0.0000   0.0000   0.0000   0.0000   0.0000   0.0000   0.0000   0.0000   0.0000   0.0000
50%   0.0818  0.0000  0.0000  0.0000  0.0000  0.0000  0.0000  0.0000  0.0000  0.0000   0.0000   0.0000   0.0000   0.0000   0.0000   0.0000   0.0000   0.0000   0.0000   0.0000   0.0000   0.0000   0.0000   0.0000   0.0000   0.0000   0.0000   0.0000   0.0000   0.0000   0.0000   0.0000   0.0000   0.0000   0.0000   0.0000   0.0000   0.0000   0.0000   0.0000   0.0000   0.0000   0.0000   0.0000   0.0000   0.0000   0.0000   0.0000   0.0000   0.0000   0.0000
75%   0.2505  0.0000  0.0000  0.0000  0.0000  0.0000  0.0000  0.0000  0.0000  0.0000   0.0000   0.0000   0.0000   0.0000   0.0000   0.0000   0.0000   0.0000   0.0000   0.0000   0.0000   0.0000   0.0000   0.0000   0.0000   0.0000   0.0000   0.0000   0.0000   0.0000   0.0000   0.0000   0.0000   0.0000   0.0000   0.0000   0.0000   0.0000   0.0000   0.0000   0.0000   0.0000   0.0000   0.0000   0.0000   0.0000   0.0000   0.0000   0.0000   0.0000   0.0000
max   0.5000  1.0000  1.1768  1.0003  1.3802  1.0091  1.0000  1.0005  1.0141  1.0712   1.0000   1.0032   2.0000   1.0046   1.0000   1.9952   1.0000   1.0001   1.4433   1.9886   1.0624   1.0196   1.0000   1.0000   1.0015   1.0032   1.0111   1.0455   1.0017   1.0041   1.8224   1.0010   1.0057   1.0000   1.0000   1.0000   1.0984   1.0002   1.0000   1.0000   1.2297   1.0583   1.0000   1.0000   1.0069   1.0000   1.0000   1.0000   1.0000   1.0000   1.0000

MAF/LD Score Correlation Matrix
            MAF  SIM1L2  SIM2L2  SIM3L2  SIM4L2  SIM5L2  SIM6L2  SIM7L2  SIM8L2  SIM9L2  SIM10L2  SIM11L2  SIM12L2     SIM13L2  SIM14L2  SIM15L2  SIM16L2     SIM17L2  SIM18L2  SIM19L2  SIM20L2  SIM21L2     SIM22L2  SIM23L2  SIM24L2     SIM25L2  SIM26L2  SIM27L2  SIM28L2  SIM29L2  SIM30L2  SIM31L2     SIM32L2  SIM33L2     SIM34L2     SIM35L2  SIM36L2  SIM37L2  SIM38L2  SIM39L2  SIM40L2  SIM41L2     SIM42L2  SIM43L2  SIM44L2  SIM45L2  SIM46L2  SIM47L2  SIM48L2  SIM49L2     SIM50L2
MAF      1.0000  0.0155  0.0218  0.0188  0.0253  0.0337  0.0450  0.0404  0.0598  0.0237   0.0077   0.0340   0.0055  4.3251e-02   0.0311   0.0308   0.0441  4.4657e-02   0.0182   0.0458   0.0284   0.0390  2.0231e-02   0.0107   0.0261  4.2983e-02   0.0177   0.0420   0.0200   0.0202   0.0233   0.0266  2.3751e-02   0.0466  8.7436e-03  5.3656e-02   0.0242   0.0264   0.0120   0.0109   0.0275   0.0434  4.0243e-02   0.0380   0.0159   0.0287   0.0122   0.0311   0.0322   0.0204  3.8925e-02
SIM1L2   0.0155  1.0000 -0.0047  0.0205 -0.0050 -0.0025  0.0047 -0.0019  0.0089  0.0038  -0.0036  -0.0013  -0.0039 -5.3212e-03   0.0012  -0.0038  -0.0042 -2.0746e-03  -0.0051   0.0271  -0.0047  -0.0010 -4.3823e-03   0.0091   0.0008  2.4133e-02  -0.0047   0.0032   0.0275  -0.0044   0.0159  -0.0057 -1.0045e-03  -0.0043 -2.8812e-03  3.8721e-03  -0.0022  -0.0038  -0.0005  -0.0044   0.0005  -0.0018 -3.4171e-03   0.0026  -0.0041  -0.0033   0.1203   0.0018   0.0339  -0.0012  2.3897e-03
SIM2L2   0.0218 -0.0047  1.0000 -0.0032 -0.0038 -0.0030  0.0518 -0.0006  0.0635 -0.0039  -0.0051  -0.0042   0.0126 -7.6940e-04  -0.0036  -0.0025  -0.0047  3.9817e-03  -0.0055  -0.0018  -0.0051   0.0734 -4.2639e-03  -0.0047  -0.0039  5.0775e-03  -0.0046   0.0097  -0.0030  -0.0035  -0.0052   0.0074  7.2794e-03   0.0452 -3.7475e-03  4.2859e-02   0.0045  -0.0029  -0.0046  -0.0036  -0.0040  -0.0046 -5.3879e-03  -0.0041   0.0370  -0.0043   0.0436   0.0729   0.0066  -0.0042 -3.2975e-03
SIM3L2   0.0188  0.0205 -0.0032  1.0000 -0.0027 -0.0030  0.0007 -0.0036 -0.0021 -0.0007  -0.0038   0.0036  -0.0018 -3.9718e-03  -0.0040  -0.0009  -0.0023 -3.0233e-03   0.0138   0.0027  -0.0040  -0.0042 -3.4079e-03  -0.0039   0.0004 -4.0375e-03  -0.0035   0.0042  -0.0038  -0.0031  -0.0032  -0.0026  5.8122e-03  -0.0034 -3.2377e-03 -4.0085e-03  -0.0039  -0.0031   0.0526  -0.0034  -0.0024   0.0250 -4.1152e-03  -0.0019  -0.0041  -0.0031   0.0096  -0.0038  -0.0033  -0.0031  2.3402e-03
SIM4L2   0.0253 -0.0050 -0.0038 -0.0027  1.0000 -0.0035 -0.0052 -0.0056  0.0107 -0.0055  -0.0054   0.0264  -0.0040 -2.1346e-03  -0.0058  -0.0049   0.0109  1.0446e-02  -0.0055   0.0010   0.0092  -0.0060 -4.5196e-03  -0.0038  -0.0044 -4.2849e-03  -0.0046  -0.0054  -0.0011  -0.0013  -0.0058   0.0048 -4.4186e-03  -0.0049  6.1149e-02 -5.7420e-03   0.0176  -0.0038   0.0338  -0.0045   0.0035  -0.0049  6.4742e-03  -0.0032  -0.0059   0.0053   0.0238  -0.0053  -0.0053  -0.0046 -4.3893e-03
SIM5L2   0.0337 -0.0025 -0.0030 -0.0030 -0.0035  1.0000 -0.0015 -0.0038 -0.0018  0.0022   0.0258   0.0498  -0.0021 -2.3688e-03   0.0573  -0.0040   0.0004 -3.1544e-03   0.0126   0.0224   0.0904   0.0043 -3.6410e-03   0.0157   0.0149 -1.0579e-03   0.0005   0.0112  -0.0042   0.0165  -0.0035   0.0110 -2.8947e-03  -0.0025 -3.8843e-03  7.3031e-02   0.0171  -0.0044   0.0181  -0.0029  -0.0036   0.0019  1.4851e-03  -0.0006   0.0205  -0.0040   0.1001  -0.0013  -0.0044  -0.0033  7.5105e-02
SIM6L2   0.0450  0.0047  0.0518  0.0007 -0.0052 -0.0015  1.0000 -0.0004  0.0303  0.0075  -0.0016  -0.0056  -0.0034 -1.2393e-03  -0.0050  -0.0020   0.0016 -4.1041e-03  -0.0021   0.0715  -0.0052  -0.0053 -4.5183e-03  -0.0043  -0.0047 -4.5493e-03  -0.0034  -0.0013  -0.0051  -0.0048  -0.0057   0.0108 -2.3062e-03   0.0379  3.7055e-03  5.0646e-03  -0.0014  -0.0037  -0.0032  -0.0034   0.0336   0.0384  1.8675e-03  -0.0048   0.0146  -0.0031   0.0109   0.0100  -0.0032  -0.0045 -9.3171e-04
SIM7L2   0.0404 -0.0019 -0.0006 -0.0036 -0.0056 -0.0038 -0.0004  1.0000 -0.0005 -0.0046  -0.0018  -0.0042  -0.0010 -5.2579e-03  -0.0055  -0.0020   0.0004 -4.5893e-03  -0.0051   0.0438   0.0481  -0.0008  1.2481e-03   0.0032  -0.0043 -4.2302e-03   0.0073   0.0345   0.0164   0.0017   0.0163  -0.0038  1.1861e-02  -0.0047 -4.7228e-03 -3.7488e-03  -0.0051  -0.0043   0.0012  -0.0022  -0.0049  -0.0028 -2.2712e-03  -0.0045  -0.0032   0.0156  -0.0028   0.0216   0.0062  -0.0046 -3.9031e-03
SIM8L2   0.0598  0.0089  0.0635 -0.0021  0.0107 -0.0018  0.0303 -0.0005  1.0000  0.0389   0.0080  -0.0054  -0.0033 -4.4570e-03  -0.0036  -0.0058  -0.0058  9.8025e-03  -0.0063  -0.0076  -0.0058  -0.0032 -4.9663e-03   0.0724  -0.0044 -6.6841e-03  -0.0061   0.0033   0.0375  -0.0050  -0.0025   0.0057 -5.2869e-03  -0.0021 -5.3400e-03  2.2573e-02   0.0393  -0.0057  -0.0059  -0.0033  -0.0056  -0.0056  8.8084e-03  -0.0015   0.0011  -0.0057   0.0760  -0.0072  -0.0014   0.0124 -5.4659e-03
SIM9L2   0.0237  0.0038 -0.0039 -0.0007 -0.0055  0.0022  0.0075 -0.0046  0.0389  1.0000   0.0371   0.0257  -0.0045  4.4701e-02  -0.0048   0.1008  -0.0051 -1.6519e-03   0.0102  -0.0047  -0.0053  -0.0061 -1.7298e-04   0.0076  -0.0034 -1.5918e-03   0.0648  -0.0022  -0.0054   0.0919   0.0809   0.1505 -1.9766e-03   0.0014 -2.9111e-03 -2.8528e-03   0.0223  -0.0056  -0.0039   0.0028   0.0067   0.0057  3.5326e-02  -0.0051  -0.0063  -0.0036   0.0111   0.0280  -0.0037  -0.0044  4.5913e-03
SIM10L2  0.0077 -0.0036 -0.0051 -0.0038 -0.0054  0.0258 -0.0016 -0.0018  0.0080  0.0371   1.0000  -0.0055   0.0510 -4.0379e-04   0.0325   0.0276  -0.0018 -4.3917e-03   0.0476  -0.0025   0.0672  -0.0012 -4.5369e-03  -0.0015  -0.0003 -5.4297e-03   0.0479  -0.0044  -0.0050  -0.0048  -0.0043   0.0344 -5.2256e-03  -0.0047 -4.3269e-03  2.4801e-04   0.0153  -0.0053   0.0241  -0.0044  -0.0023  -0.0050  1.0773e-02  -0.0032   0.0036   0.0401   0.0053  -0.0024  -0.0048  -0.0045  3.1247e-03
SIM11L2  0.0340 -0.0013 -0.0042  0.0036  0.0264  0.0498 -0.0056 -0.0042 -0.0054  0.0257  -0.0055   1.0000   0.0034  3.1014e-02  -0.0054   0.0054  -0.0050 -3.7522e-03   0.0569   0.0142  -0.0050  -0.0029 -4.8857e-03   0.0328   0.0185  7.2021e-02   0.0110  -0.0047  -0.0055   0.0845   0.0700  -0.0062  5.3554e-03  -0.0053  6.3395e-02  5.0010e-03  -0.0053  -0.0032  -0.0050   0.0875   0.0011  -0.0045  1.9681e-02   0.0014   0.0211  -0.0035  -0.0012  -0.0066  -0.0053  -0.0047 -4.7056e-03
SIM12L2  0.0055 -0.0039  0.0126 -0.0018 -0.0040 -0.0021 -0.0034 -0.0010 -0.0033 -0.0045   0.0510   0.0034   1.0000  2.7891e-02   0.0005  -0.0017  -0.0037  4.1535e-03   0.0126   0.0267   0.0134  -0.0037 -3.5050e-03  -0.0017   0.0125 -4.3153e-03  -0.0020  -0.0027  -0.0015   0.0038  -0.0014  -0.0045 -1.0166e-03  -0.0038 -3.5913e-03 -3.9697e-03   0.0921  -0.0041  -0.0038   0.0365  -0.0034   0.0149  1.0847e-03  -0.0019  -0.0043  -0.0033  -0.0031   0.0055   0.0028  -0.0035 -2.6961e-03
SIM13L2  0.0433 -0.0053 -0.0008 -0.0040 -0.0021 -0.0024 -0.0012 -0.0053 -0.0045  0.0447  -0.0004   0.0310   0.0279  1.0000e+00  -0.0050   0.0222   0.0270 -4.7474e-05  -0.0054  -0.0059   0.0229   0.0172 -4.3832e-03   0.0170  -0.0049 -5.8410e-03  -0.0048   0.0478   0.0629  -0.0038  -0.0057   0.0084  1.0694e-02  -0.0046 -4.7623e-03  2.4745e-03   0.0049  -0.0052  -0.0050  -0.0017  -0.0033  -0.0033 -4.5217e-03   0.0029   0.0589   0.0027  -0.0031   0.0163  -0.0012  -0.0019 -4.5684e-03
SIM14L2  0.0311  0.0012 -0.0036 -0.0040 -0.0058  0.0573 -0.0050 -0.0055 -0.0036 -0.0048   0.0325  -0.0054   0.0005 -4.9611e-03   1.0000   0.0009  -0.0021 -4.4155e-03   0.0663  -0.0037  -0.0029  -0.0057 -4.2418e-03  -0.0046   0.0134 -4.6103e-04   0.0036  -0.0024   0.0069  -0.0050  -0.0045  -0.0021 -1.8358e-03  -0.0053 -7.5862e-04 -5.5603e-03  -0.0064   0.0044  -0.0052  -0.0048   0.0055  -0.0023 -4.6510e-03  -0.0035  -0.0056   0.0068  -0.0060  -0.0066   0.0075  -0.0047 -4.6993e-03
SIM15L2  0.0308 -0.0038 -0.0025 -0.0009 -0.0049 -0.0040 -0.0020 -0.0020 -0.0058  0.1008   0.0276   0.0054  -0.0017  2.2227e-02   0.0009   1.0000  -0.0034 -3.7167e-03  -0.0024  -0.0011  -0.0046  -0.0053 -4.1086e-03  -0.0027  -0.0041 -2.1551e-03   0.0428   0.0009  -0.0002   0.0770   0.1307  -0.0053  6.0157e-04   0.0846 -4.3164e-03 -5.0570e-03   0.0181  -0.0045  -0.0014  -0.0037  -0.0031  -0.0034 -2.1261e-03   0.0012  -0.0047  -0.0043  -0.0052  -0.0054   0.0009   0.0049  1.2120e-02
SIM16L2  0.0441 -0.0042 -0.0047 -0.0023  0.0109  0.0004  0.0016  0.0004 -0.0058 -0.0051  -0.0018  -0.0050  -0.0037  2.7017e-02  -0.0021  -0.0034   1.0000 -4.5713e-04   0.0496  -0.0048   0.0702  -0.0028  4.9758e-02  -0.0033   0.0988 -4.6315e-03  -0.0045  -0.0038  -0.0031  -0.0042  -0.0009   0.1109  2.0020e-02  -0.0044 -4.1964e-03  6.0888e-03  -0.0053  -0.0019  -0.0043   0.0025   0.0026  -0.0036  1.5328e-02   0.0146   0.0213  -0.0042   0.0136   0.0429   0.0012  -0.0036 -1.5539e-03
SIM17L2  0.0447 -0.0021  0.0040 -0.0030  0.0104 -0.0032 -0.0041 -0.0046  0.0098 -0.0017  -0.0044  -0.0038   0.0042 -4.7474e-05  -0.0044  -0.0037  -0.0005  1.0000e+00   0.0066  -0.0031  -0.0038  -0.0049 -9.3061e-05  -0.0038   0.0028 -4.6367e-03   0.0476  -0.0019   0.0184  -0.0020  -0.0033  -0.0021 -3.9788e-03   0.1064 -3.9183e-03 -4.7572e-03  -0.0050  -0.0043  -0.0042  -0.0003  -0.0043   0.0977  1.3925e-01   0.0034  -0.0045  -0.0035  -0.0047  -0.0052  -0.0017  -0.0038 -3.7226e-03
SIM18L2  0.0182 -0.0051 -0.0055  0.0138 -0.0055  0.0126 -0.0021 -0.0051 -0.0063  0.0102   0.0476   0.0569   0.0126 -5.3770e-03   0.0663  -0.0024   0.0496  6.6461e-03   1.0000   0.0246   0.0253  -0.0058  5.6719e-02  -0.0055   0.0422 -5.2614e-03  -0.0054  -0.0034  -0.0057  -0.0035   0.0124  -0.0061  5.4689e-03   0.0040 -4.6057e-03 -4.0610e-03   0.0160   0.0044  -0.0047  -0.0047   0.0067   0.0025 -3.2586e-03   0.0003  -0.0062   0.0046   0.0036   0.0079   0.0135  -0.0038  8.5784e-02
SIM19L2  0.0458  0.0271 -0.0018  0.0027  0.0010  0.0224  0.0715  0.0438 -0.0076 -0.0047  -0.0025   0.0142   0.0267 -5.9076e-03  -0.0037  -0.0011  -0.0048 -3.1147e-03   0.0246   1.0000   0.0121  -0.0056 -3.6570e-03  -0.0037   0.0015  7.0925e-04  -0.0047  -0.0061  -0.0019  -0.0049  -0.0052  -0.0070  1.3257e-02   0.0015  2.3819e-03  1.1653e-03   0.0515   0.0084  -0.0046   0.0013   0.0757   0.0224  4.0017e-03  -0.0043   0.0627   0.0035  -0.0056   0.0241  -0.0052   0.0848  4.3378e-03
SIM20L2  0.0284 -0.0047 -0.0051 -0.0040  0.0092  0.0904 -0.0052  0.0481 -0.0058 -0.0053   0.0672  -0.0050   0.0134  2.2921e-02  -0.0029  -0.0046   0.0702 -3.8380e-03   0.0253   0.0121   1.0000  -0.0004 -3.3354e-03   0.0020   0.0568 -2.0309e-03  -0.0050   0.0447  -0.0059   0.0213   0.0334  -0.0026 -5.5586e-03   0.1203 -4.5612e-03  1.2781e-01  -0.0023  -0.0046  -0.0047   0.0067  -0.0013   0.0499  3.1586e-02  -0.0029   0.0006   0.0017   0.0693   0.0111  -0.0028  -0.0046 -3.0586e-03
SIM21L2  0.0390 -0.0010  0.0734 -0.0042 -0.0060  0.0043 -0.0053 -0.0008 -0.0032 -0.0061  -0.0012  -0.0029  -0.0037  1.7229e-02  -0.0057  -0.0053  -0.0028 -4.9012e-03  -0.0058  -0.0056  -0.0004   1.0000  9.5290e-04  -0.0053  -0.0044 -6.1042e-03   0.0060  -0.0045   0.0043  -0.0005   0.0017  -0.0025 -6.0156e-03  -0.0049 -4.4610e-03 -1.8734e-03   0.0176  -0.0052  -0.0048   0.0124   0.0120  -0.0049  9.4102e-03   0.0451  -0.0017  -0.0029  -0.0046  -0.0046   0.0076   0.0092 -2.4793e-03
SIM22L2  0.0202 -0.0044 -0.0043 -0.0034 -0.0045 -0.0036 -0.0045  0.0012 -0.0050 -0.0002  -0.0045  -0.0049  -0.0035 -4.3832e-03  -0.0042  -0.0041   0.0498 -9.3061e-05   0.0567  -0.0037  -0.0033   0.0010  1.0000e+00  -0.0022   0.0044 -3.4956e-03  -0.0036   0.0479  -0.0039   0.0078   0.0013  -0.0048 -4.5342e-03  -0.0009 -9.4366e-04 -4.7621e-03  -0.0029   0.0003  -0.0038  -0.0029  -0.0042   0.0397  1.6919e-02  -0.0041  -0.0016  -0.0040  -0.0025  -0.0052   0.0037   0.0173 -1.9402e-03
SIM23L2  0.0107  0.0091 -0.0047 -0.0039 -0.0038  0.0157 -0.0043  0.0032  0.0724  0.0076  -0.0015   0.0328  -0.0017  1.7018e-02  -0.0046  -0.0027  -0.0033 -3.8246e-03  -0.0055  -0.0037   0.0020  -0.0053 -2.1749e-03   1.0000   0.0512 -4.3778e-03  -0.0025   0.0069  -0.0057  -0.0015  -0.0045  -0.0049 -5.2336e-03  -0.0021 -4.7222e-03  5.7658e-03   0.0531  -0.0037  -0.0045  -0.0047   0.0109  -0.0050  1.4890e-02  -0.0041   0.0079  -0.0031  -0.0002  -0.0052  -0.0044  -0.0030  2.6396e-02
SIM24L2  0.0261  0.0008 -0.0039  0.0004 -0.0044  0.0149 -0.0047 -0.0043 -0.0044 -0.0034  -0.0003   0.0185   0.0125 -4.9411e-03   0.0134  -0.0041   0.0988  2.7778e-03   0.0422   0.0015   0.0568  -0.0044  4.3668e-03   0.0512   1.0000 -3.7200e-03  -0.0043   0.0005  -0.0008  -0.0017   0.0396  -0.0044  7.0040e-03  -0.0043  1.9634e-02 -4.9305e-03  -0.0053  -0.0045  -0.0043   0.0012   0.0468  -0.0045  2.7741e-02   0.0019   0.0021  -0.0042  -0.0035  -0.0055  -0.0003  -0.0041  2.7814e-02
SIM25L2  0.0430  0.0241  0.0051 -0.0040 -0.0043 -0.0011 -0.0045 -0.0042 -0.0067 -0.0016  -0.0054   0.0720  -0.0043 -5.8410e-03  -0.0005  -0.0022  -0.0046 -4.6367e-03  -0.0053   0.0007  -0.0020  -0.0061 -3.4956e-03  -0.0044  -0.0037  1.0000e+00  -0.0017  -0.0016   0.0391  -0.0044  -0.0052   0.0696 -3.7147e-03   0.0055 -2.4628e-03 -5.1292e-05  -0.0060  -0.0052   0.1110   0.0796  -0.0053  -0.0030  1.4021e-01  -0.0021   0.0812   0.0609   0.0058  -0.0059   0.0332  -0.0046  4.4349e-05
SIM26L2  0.0177 -0.0047 -0.0046 -0.0035 -0.0046  0.0005 -0.0034  0.0073 -0.0061  0.0648   0.0479   0.0110  -0.0020 -4.8409e-03   0.0036   0.0428  -0.0045  4.7620e-02  -0.0054  -0.0047  -0.0050   0.0060 -3.5562e-03  -0.0025  -0.0043 -1.6881e-03   1.0000  -0.0051   0.0021   0.0680   0.0581  -0.0051 -3.0638e-03  -0.0034 -4.0884e-03 -2.5079e-03   0.0158  -0.0048  -0.0037  -0.0041  -0.0046  -0.0017  1.2223e-02  -0.0041   0.0005   0.0021   0.0086  -0.0058   0.0090  -0.0040 -6.0996e-04
SIM27L2  0.0420  0.0032  0.0097  0.0042 -0.0054  0.0112 -0.0013  0.0345  0.0033 -0.0022  -0.0044  -0.0047  -0.0027  4.7815e-02  -0.0024   0.0009  -0.0038 -1.8711e-03  -0.0034  -0.0061   0.0447  -0.0045  4.7935e-02   0.0069   0.0005 -1.6252e-03  -0.0051   1.0000   0.0373  -0.0052   0.0453   0.0040 -2.5673e-03  -0.0055 -5.0971e-03  3.3475e-02   0.0084   0.0557   0.0115   0.0070  -0.0020  -0.0041 -6.2382e-03  -0.0052  -0.0063   0.0008   0.0058  -0.0052   0.0065  -0.0049 -4.8531e-03
SIM28L2  0.0200  0.0275 -0.0030 -0.0038 -0.0011 -0.0042 -0.0051  0.0164  0.0375 -0.0054  -0.0050  -0.0055  -0.0015  6.2925e-02   0.0069  -0.0002  -0.0031  1.8423e-02  -0.0057  -0.0019  -0.0059   0.0043 -3.8799e-03  -0.0057  -0.0008  3.9099e-02   0.0021   0.0373   1.0000  -0.0047  -0.0035  -0.0035  2.1317e-02  -0.0054 -1.0166e-03  7.0619e-03  -0.0059   0.0023  -0.0007  -0.0022   0.0041  -0.0051  4.1419e-03  -0.0045  -0.0059   0.0023  -0.0031  -0.0067  -0.0023  -0.0008  1.0973e-02
SIM29L2  0.0202 -0.0044 -0.0035 -0.0031 -0.0013  0.0165 -0.0048  0.0017 -0.0050  0.0919  -0.0048   0.0845   0.0038 -3.8211e-03  -0.0050   0.0770  -0.0042 -2.0368e-03  -0.0035  -0.0049   0.0213  -0.0005  7.7979e-03  -0.0015  -0.0017 -4.4216e-03   0.0680  -0.0052  -0.0047   1.0000   0.1005  -0.0044 -4.8319e-03  -0.0046  7.3291e-02  1.4888e-02  -0.0052  -0.0047   0.0007   0.0473  -0.0029  -0.0044  2.1190e-02  -0.0040  -0.0047   0.0208   0.0092  -0.0046   0.0060  -0.0021 -3.7388e-03
SIM30L2  0.0233  0.0159 -0.0052 -0.0032 -0.0058 -0.0035 -0.0057  0.0163 -0.0025  0.0809  -0.0043   0.0700  -0.0014 -5.6798e-03  -0.0045   0.1307  -0.0009 -3.2904e-03   0.0124  -0.0052   0.0334   0.0017  1.2749e-03  -0.0045   0.0396 -5.2023e-03   0.0581   0.0453  -0.0035   0.1005   1.0000  -0.0044 -1.8969e-03  -0.0040 -5.4116e-04 -5.9623e-03   0.0041  -0.0014   0.0049   0.0370   0.0012   0.0174  3.1982e-03  -0.0049   0.0339  -0.0050  -0.0005  -0.0054  -0.0004  -0.0048 -6.5395e-04
SIM31L2  0.0266 -0.0057  0.0074 -0.0026  0.0048  0.0110  0.0108 -0.0038  0.0057  0.1505   0.0344  -0.0062  -0.0045  8.4045e-03  -0.0021  -0.0053   0.1109 -2.1023e-03  -0.0061  -0.0070  -0.0026  -0.0025 -4.7947e-03  -0.0049  -0.0044  6.9594e-02  -0.0051   0.0040  -0.0035  -0.0044  -0.0044   1.0000 -6.1630e-03  -0.0031 -5.2437e-03  3.7097e-03   0.0227   0.0143   0.0073  -0.0052   0.0221  -0.0017  1.3276e-02  -0.0021  -0.0066  -0.0053  -0.0044   0.0574  -0.0058  -0.0050 -2.3519e-03
SIM32L2  0.0238 -0.0010  0.0073  0.0058 -0.0044 -0.0029 -0.0023  0.0119 -0.0053 -0.0020  -0.0052   0.0054  -0.0010  1.0694e-02  -0.0018   0.0006   0.0200 -3.9788e-03   0.0055   0.0133  -0.0056  -0.0060 -4.5342e-03  -0.0052   0.0070 -3.7147e-03  -0.0031  -0.0026   0.0213  -0.0048  -0.0019  -0.0062  1.0000e+00  -0.0036  1.5000e-01  9.1074e-03  -0.0057  -0.0045  -0.0046  -0.0046  -0.0049   0.0333 -8.3971e-05  -0.0048   0.0463  -0.0043  -0.0052   0.1374  -0.0034  -0.0044  8.7723e-03
SIM33L2  0.0466 -0.0043  0.0452 -0.0034 -0.0049 -0.0025  0.0379 -0.0047 -0.0021  0.0014  -0.0047  -0.0053  -0.0038 -4.6477e-03  -0.0053   0.0846  -0.0044  1.0638e-01   0.0040   0.0015   0.1203  -0.0049 -9.1400e-04  -0.0021  -0.0043  5.5115e-03  -0.0034  -0.0055  -0.0054  -0.0046  -0.0040  -0.0031 -3.6219e-03   1.0000 -3.5717e-03  1.0671e-01   0.0057   0.0135  -0.0047   0.0021  -0.0038   0.1670 -5.2942e-03  -0.0024   0.0408  -0.0044   0.0006   0.0095  -0.0037   0.0027  1.1471e-02
SIM34L2  0.0087 -0.0029 -0.0037 -0.0032  0.0611 -0.0039  0.0037 -0.0047 -0.0053 -0.0029  -0.0043   0.0634  -0.0036 -4.7623e-03  -0.0008  -0.0043  -0.0042 -3.9183e-03  -0.0046   0.0024  -0.0046  -0.0045 -9.4366e-04  -0.0047   0.0196 -2.4628e-03  -0.0041  -0.0051  -0.0010   0.0733  -0.0005  -0.0052  1.5000e-01  -0.0036  1.0000e+00 -4.2504e-03  -0.0045   0.0013  -0.0038  -0.0036   0.0018  -0.0014 -4.6522e-03  -0.0034   0.0060  -0.0016  -0.0019   0.0020  -0.0009  -0.0040 -3.6569e-06
SIM35L2  0.0537  0.0039  0.0429 -0.0040 -0.0057  0.0730  0.0051 -0.0037  0.0226 -0.0029   0.0002   0.0050  -0.0040  2.4745e-03  -0.0056  -0.0051   0.0061 -4.7572e-03  -0.0041   0.0012   0.1278  -0.0019 -4.7621e-03   0.0058  -0.0049 -5.1292e-05  -0.0025   0.0335   0.0071   0.0149  -0.0060   0.0037  9.1074e-03   0.1067 -4.2504e-03  1.0000e+00   0.0115  -0.0045  -0.0051   0.0005  -0.0052   0.0327 -1.7432e-03   0.0157   0.0052  -0.0034   0.0629  -0.0025  -0.0050  -0.0034  1.9337e-02
SIM36L2  0.0242 -0.0022  0.0045 -0.0039  0.0176  0.0171 -0.0014 -0.0051  0.0393  0.0223   0.0153  -0.0053   0.0921  4.9272e-03  -0.0064   0.0181  -0.0053 -5.0019e-03   0.0160   0.0515  -0.0023   0.0176 -2.8872e-03   0.0531  -0.0053 -5.9793e-03   0.0158   0.0084  -0.0059  -0.0052   0.0041   0.0227 -5.7408e-03   0.0057 -4.4731e-03  1.1451e-02   1.0000  -0.0052  -0.0042  -0.0052   0.0079   0.0431 -5.2646e-03   0.0091   0.0621  -0.0053   0.0356  -0.0022  -0.0058   0.1048  2.0375e-02
SIM37L2  0.0264 -0.0038 -0.0029 -0.0031 -0.0038 -0.0044 -0.0037 -0.0043 -0.0057 -0.0056  -0.0053  -0.0032  -0.0041 -5.2043e-03   0.0044  -0.0045  -0.0019 -4.2637e-03   0.0044   0.0084  -0.0046  -0.0052  3.0759e-04  -0.0037  -0.0045 -5.1881e-03  -0.0048   0.0557   0.0023  -0.0047  -0.0014   0.0143 -4.4650e-03   0.0135  1.2823e-03 -4.5011e-03  -0.0052   1.0000  -0.0016  -0.0045   0.0041  -0.0014  1.3851e-03   0.0242   0.0153  -0.0045   0.0198  -0.0039  -0.0045  -0.0043 -3.5398e-03
SIM38L2  0.0120 -0.0005 -0.0046  0.0526  0.0338  0.0181 -0.0032  0.0012 -0.0059 -0.0039   0.0241  -0.0050  -0.0038 -5.0232e-03  -0.0052  -0.0014  -0.0043 -4.1513e-03  -0.0047  -0.0046  -0.0047  -0.0048 -3.7598e-03  -0.0045  -0.0043  1.1102e-01  -0.0037   0.0115  -0.0007   0.0007   0.0049   0.0073 -4.5948e-03  -0.0047 -3.7858e-03 -5.1096e-03  -0.0042  -0.0016   1.0000  -0.0039  -0.0038  -0.0045  6.4246e-02  -0.0044   0.1229  -0.0041  -0.0044  -0.0054  -0.0032  -0.0035 -3.9003e-03
SIM39L2  0.0109 -0.0044 -0.0036 -0.0034 -0.0045 -0.0029 -0.0034 -0.0022 -0.0033  0.0028  -0.0044   0.0875   0.0365 -1.7498e-03  -0.0048  -0.0037   0.0025 -2.5442e-04  -0.0047   0.0013   0.0067   0.0124 -2.9363e-03  -0.0047   0.0012  7.9587e-02  -0.0041   0.0070  -0.0022   0.0473   0.0370  -0.0052 -4.6361e-03   0.0021 -3.5651e-03  5.0856e-04  -0.0052  -0.0045  -0.0039   1.0000  -0.0043  -0.0038  5.5280e-03  -0.0041  -0.0050   0.1122   0.0194  -0.0053  -0.0044  -0.0039 -1.6231e-03
SIM40L2  0.0275  0.0005 -0.0040 -0.0024  0.0035 -0.0036  0.0336 -0.0049 -0.0056  0.0067  -0.0023   0.0011  -0.0034 -3.3014e-03   0.0055  -0.0031   0.0026 -4.3165e-03   0.0067   0.0757  -0.0013   0.0120 -4.1907e-03   0.0109   0.0468 -5.3032e-03  -0.0046  -0.0020   0.0041  -0.0029   0.0012   0.0221 -4.8972e-03  -0.0038  1.8128e-03 -5.2358e-03   0.0079   0.0041  -0.0038  -0.0043   1.0000   0.0062 -5.4418e-03  -0.0035  -0.0045  -0.0025   0.0018  -0.0057   0.0012  -0.0042  2.0137e-04
SIM41L2  0.0434 -0.0018 -0.0046  0.0250 -0.0049  0.0019  0.0384 -0.0028 -0.0056  0.0057  -0.0050  -0.0045   0.0149 -3.2608e-03  -0.0023  -0.0034  -0.0036  9.7678e-02   0.0025   0.0224   0.0499  -0.0049  3.9719e-02  -0.0050  -0.0045 -2.9660e-03  -0.0017  -0.0041  -0.0051  -0.0044   0.0174  -0.0017  3.3307e-02   0.1670 -1.4465e-03  3.2706e-02   0.0431  -0.0014  -0.0045  -0.0038   0.0062   1.0000 -3.9777e-03   0.0166   0.0046   0.0140   0.0529   0.0018  -0.0025  -0.0037 -3.1575e-03
SIM42L2  0.0402 -0.0034 -0.0054 -0.0041  0.0065  0.0015  0.0019 -0.0023  0.0088  0.0353   0.0108   0.0197   0.0011 -4.5217e-03  -0.0047  -0.0021   0.0153  1.3925e-01  -0.0033   0.0040   0.0316   0.0094  1.6919e-02   0.0149   0.0277  1.4021e-01   0.0122  -0.0062   0.0041   0.0212   0.0032   0.0133 -8.3971e-05  -0.0053 -4.6522e-03 -1.7432e-03  -0.0053   0.0014   0.0642   0.0055  -0.0054  -0.0040  1.0000e+00  -0.0005  -0.0006  -0.0050   0.0019  -0.0005  -0.0050  -0.0010  1.6909e-03
SIM43L2  0.0380  0.0026 -0.0041 -0.0019 -0.0032 -0.0006 -0.0048 -0.0045 -0.0015 -0.0051  -0.0032   0.0014  -0.0019  2.8864e-03  -0.0035   0.0012   0.0146  3.4303e-03   0.0003  -0.0043  -0.0029   0.0451 -4.1090e-03  -0.0041   0.0019 -2.1191e-03  -0.0041  -0.0052  -0.0045  -0.0040  -0.0049  -0.0021 -4.7831e-03  -0.0024 -3.4395e-03  1.5687e-02   0.0091   0.0242  -0.0044  -0.0041  -0.0035   0.0166 -4.6141e-04   1.0000  -0.0022  -0.0042   0.0357  -0.0050   0.0697   0.0054 -1.3803e-03
SIM44L2  0.0159 -0.0041  0.0370 -0.0041 -0.0059  0.0205  0.0146 -0.0032  0.0011 -0.0063   0.0036   0.0211  -0.0043  5.8889e-02  -0.0056  -0.0047   0.0213 -4.4785e-03  -0.0062   0.0627   0.0006  -0.0017 -1.5977e-03   0.0079   0.0021  8.1170e-02   0.0005  -0.0063  -0.0059  -0.0047   0.0339  -0.0066  4.6259e-02   0.0408  5.9609e-03  5.2064e-03   0.0621   0.0153   0.1229  -0.0050  -0.0045   0.0046 -6.1305e-04  -0.0022   1.0000   0.0001  -0.0020   0.0122   0.0030   0.1013 -3.7543e-03
SIM45L2  0.0287 -0.0033 -0.0043 -0.0031  0.0053 -0.0040 -0.0031  0.0156 -0.0057 -0.0036   0.0401  -0.0035  -0.0033  2.7328e-03   0.0068  -0.0043  -0.0042 -3.5382e-03   0.0046   0.0035   0.0017  -0.0029 -4.0403e-03  -0.0031  -0.0042  6.0907e-02   0.0021   0.0008   0.0023   0.0208  -0.0050  -0.0053 -4.2796e-03  -0.0044 -1.6449e-03 -3.3703e-03  -0.0053  -0.0045  -0.0041   0.1122  -0.0025   0.0140 -4.9797e-03  -0.0042   0.0001   1.0000  -0.0042  -0.0044   0.0148  -0.0040 -3.9558e-03
SIM46L2  0.0122  0.1203  0.0436  0.0096  0.0238  0.1001  0.0109 -0.0028  0.0760  0.0111   0.0053  -0.0012  -0.0031 -3.0964e-03  -0.0060  -0.0052   0.0136 -4.6664e-03   0.0036  -0.0056   0.0693  -0.0046 -2.4985e-03  -0.0002  -0.0035  5.8182e-03   0.0086   0.0058  -0.0031   0.0092  -0.0005  -0.0044 -5.1889e-03   0.0006 -1.8563e-03  6.2898e-02   0.0356   0.0198  -0.0044   0.0194   0.0018   0.0529  1.9225e-03   0.0357  -0.0020  -0.0042   1.0000  -0.0063  -0.0046   0.0031 -1.1737e-03
SIM47L2  0.0311  0.0018  0.0729 -0.0038 -0.0053 -0.0013  0.0100  0.0216 -0.0072  0.0280  -0.0024  -0.0066   0.0055  1.6296e-02  -0.0066  -0.0054   0.0429 -5.1565e-03   0.0079   0.0241   0.0111  -0.0046 -5.1866e-03  -0.0052  -0.0055 -5.8545e-03  -0.0058  -0.0052  -0.0067  -0.0046  -0.0054   0.0574  1.3745e-01   0.0095  2.0272e-03 -2.4872e-03  -0.0022  -0.0039  -0.0054  -0.0053  -0.0057   0.0018 -4.9321e-04  -0.0050   0.0122  -0.0044  -0.0063   1.0000  -0.0022   0.0360 -2.0281e-04
SIM48L2  0.0322  0.0339  0.0066 -0.0033 -0.0053 -0.0044 -0.0032  0.0062 -0.0014 -0.0037  -0.0048  -0.0053   0.0028 -1.2395e-03   0.0075   0.0009   0.0012 -1.7370e-03   0.0135  -0.0052  -0.0028   0.0076  3.7218e-03  -0.0044  -0.0003  3.3207e-02   0.0090   0.0065  -0.0023   0.0060  -0.0004  -0.0058 -3.4351e-03  -0.0037 -9.1192e-04 -5.0088e-03  -0.0058  -0.0045  -0.0032  -0.0044   0.0012  -0.0025 -5.0246e-03   0.0697   0.0030   0.0148  -0.0046  -0.0022   1.0000  -0.0042 -4.3350e-03
SIM49L2  0.0204 -0.0012 -0.0042 -0.0031 -0.0046 -0.0033 -0.0045 -0.0046  0.0124 -0.0044  -0.0045  -0.0047  -0.0035 -1.9262e-03  -0.0047   0.0049  -0.0036 -3.8334e-03  -0.0038   0.0848  -0.0046   0.0092  1.7289e-02  -0.0030  -0.0041 -4.5768e-03  -0.0040  -0.0049  -0.0008  -0.0021  -0.0048  -0.0050 -4.4441e-03   0.0027 -3.9722e-03 -3.4175e-03   0.1048  -0.0043  -0.0035  -0.0039  -0.0042  -0.0037 -1.0463e-03   0.0054   0.1013  -0.0040   0.0031   0.0360  -0.0042   1.0000 -3.2993e-03
SIM50L2  0.0389  0.0024 -0.0033  0.0023 -0.0044  0.0751 -0.0009 -0.0039 -0.0055  0.0046   0.0031  -0.0047  -0.0027 -4.5684e-03  -0.0047   0.0121  -0.0016 -3.7226e-03   0.0858   0.0043  -0.0031  -0.0025 -1.9402e-03   0.0264   0.0278  4.4349e-05  -0.0006  -0.0049   0.0110  -0.0037  -0.0007  -0.0024  8.7723e-03   0.0115 -3.6569e-06  1.9337e-02   0.0204  -0.0035  -0.0039  -0.0016   0.0002  -0.0032  1.6909e-03  -0.0014  -0.0038  -0.0040  -0.0012  -0.0002  -0.0043  -0.0033  1.0000e+00

LD Score Matrix Condition Number
1.9542

Annotation Correlation Matrix
             SIM1        SIM2        SIM3        SIM4        SIM5        SIM6        SIM7        SIM8        SIM9       SIM10       SIM11       SIM12       SIM13       SIM14       SIM15       SIM16       SIM17       SIM18       SIM19       SIM20       SIM21       SIM22       SIM23       SIM24       SIM25       SIM26       SIM27       SIM28       SIM29       SIM30       SIM31       SIM32       SIM33       SIM34       SIM35       SIM36       SIM37       SIM38       SIM39       SIM40       SIM41       SIM42       SIM43       SIM44       SIM45       SIM46       SIM47       SIM48       SIM49       SIM50
SIM1   1.0000e+00 -4.9346e-05 -4.0779e-05 -5.1697e-05 -4.7506e-05 -4.8740e-05 -5.1697e-05 -5.5036e-05 -5.1697e-05 -4.9944e-05 -5.1697e-05 -4.2908e-05 -4.8127e-05 -5.1697e-05 -4.9944e-05 -4.3594e-05 -4.4270e-05 -5.4493e-05 -4.9944e-05 -5.0535e-05 -5.3946e-05 -4.4270e-05 -4.9346e-05 -4.8127e-05 -5.1119e-05 -4.6239e-05 -5.0535e-05 -5.5036e-05 -4.5592e-05 -4.9944e-05 -4.8740e-05 -4.7506e-05 -4.8740e-05 -4.4936e-05 -5.2268e-05 -5.6105e-05 -4.9944e-05 -5.1697e-05 -4.2908e-05 -4.9944e-05 -4.6239e-05 -5.2833e-05 -4.8127e-05 -5.6105e-05 -4.2210e-05 -5.6631e-05 -5.0535e-05  2.4795e-02 -4.6239e-05 -4.3594e-05
SIM2  -4.9346e-05  1.0000e+00 -4.3519e-05 -5.5170e-05 -5.0698e-05 -5.2015e-05 -5.5170e-05 -5.8734e-05 -5.5170e-05 -5.3300e-05 -5.5170e-05 -4.5791e-05 -5.1361e-05 -5.5170e-05 -5.3300e-05 -4.6523e-05 -4.7245e-05 -5.8155e-05 -5.3300e-05 -5.3930e-05 -5.7570e-05 -4.7245e-05 -5.2661e-05 -5.1361e-05 -5.4554e-05 -4.9346e-05 -5.3930e-05 -5.8734e-05 -4.8655e-05 -5.3300e-05 -5.2015e-05 -5.0698e-05 -5.2015e-05 -4.7955e-05 -5.5780e-05 -5.9874e-05 -5.3300e-05 -5.5170e-05 -4.5791e-05 -5.3300e-05 -4.9346e-05 -5.6383e-05 -5.1361e-05 -5.9874e-05 -4.5046e-05 -6.0436e-05 -5.3930e-05  2.3227e-02 -4.9346e-05 -4.6523e-05
SIM3  -4.0779e-05 -4.3519e-05  1.0000e+00 -4.5592e-05 -4.1896e-05 -4.2985e-05 -4.5592e-05 -4.8537e-05 -4.5592e-05 -4.4046e-05 -4.5592e-05 -3.7841e-05 -4.2444e-05 -4.5592e-05 -4.4046e-05 -3.8446e-05 -3.9042e-05 -4.8058e-05 -4.4046e-05 -4.4567e-05 -4.7575e-05 -3.9042e-05 -4.3519e-05 -4.2444e-05 -4.5083e-05 -4.0779e-05 -4.4567e-05 -4.8537e-05 -4.0208e-05 -4.4046e-05 -4.2985e-05 -4.1896e-05 -4.2985e-05 -3.9630e-05 -4.6096e-05 -4.9479e-05 -4.4046e-05 -4.5592e-05 -3.7841e-05 -4.4046e-05  3.1458e-02 -4.6594e-05 -4.2444e-05 -4.9479e-05 -3.7225e-05 -4.9944e-05 -4.4567e-05 -4.5592e-05 -4.0779e-05 -3.8446e-05
SIM4  -5.1697e-05 -5.5170e-05 -4.5592e-05  1.0000e+00 -5.3114e-05 -5.4493e-05 -5.7799e-05 -6.1532e-05 -5.7799e-05 -5.5839e-05 -5.7799e-05 -4.7972e-05 -5.3808e-05 -5.7799e-05 -5.5839e-05 -4.8740e-05 -4.9496e-05 -6.0926e-05 -5.5839e-05 -5.6500e-05 -6.0313e-05 -4.9496e-05 -5.5170e-05 -5.3808e-05 -5.7153e-05 -5.1697e-05 -5.6500e-05  2.0814e-02 -5.0974e-05 -5.5839e-05 -5.4493e-05 -5.3114e-05 -5.4493e-05 -5.0240e-05 -5.8438e-05 -6.2727e-05 -5.5839e-05 -5.7799e-05 -4.7972e-05 -5.5839e-05 -5.1697e-05 -5.9070e-05 -5.3808e-05 -6.2727e-05 -4.7192e-05 -6.3316e-05 -5.6500e-05 -5.7799e-05 -5.1697e-05 -4.8740e-05
SIM5  -4.7506e-05 -5.0698e-05 -4.1896e-05 -5.3114e-05  1.0000e+00 -5.0076e-05 -5.3114e-05  2.2660e-02 -5.3114e-05 -5.1312e-05 -5.3114e-05 -4.4083e-05 -4.9446e-05 -5.3114e-05 -5.1312e-05 -4.4789e-05 -4.5483e-05 -5.5987e-05 -5.1312e-05 -5.1920e-05 -5.5424e-05 -4.5483e-05 -5.0698e-05 -4.9446e-05 -5.2520e-05 -4.7506e-05 -5.1920e-05 -5.6544e-05 -4.6841e-05 -5.1312e-05 -5.0076e-05 -4.8808e-05 -5.0076e-05 -4.6167e-05 -5.3700e-05  2.2226e-02 -5.1312e-05 -5.3114e-05 -4.4083e-05 -5.1312e-05 -4.7506e-05 -5.4281e-05 -4.9446e-05 -5.7642e-05 -4.3367e-05 -5.8183e-05 -5.1920e-05 -5.3114e-05 -4.7506e-05 -4.4789e-05
SIM6  -4.8740e-05 -5.2015e-05 -4.2985e-05 -5.4493e-05 -5.0076e-05  1.0000e+00 -5.4493e-05 -5.8013e-05 -5.4493e-05 -5.2646e-05 -5.4493e-05 -4.5229e-05 -5.0730e-05 -5.4493e-05 -5.2646e-05 -4.5952e-05 -4.6665e-05 -5.7441e-05 -5.2646e-05 -5.3269e-05 -5.6864e-05 -4.6665e-05 -5.2015e-05 -5.0730e-05 -5.3884e-05 -4.8740e-05 -5.3269e-05 -5.8013e-05 -4.8058e-05 -5.2646e-05 -5.1377e-05 -5.0076e-05 -5.1377e-05 -4.7367e-05 -5.5096e-05 -5.9140e-05 -5.2646e-05 -5.4493e-05 -4.5229e-05 -5.2646e-05 -4.8740e-05 -5.5691e-05 -5.0730e-05 -5.9140e-05 -4.4493e-05 -5.9695e-05 -5.3269e-05 -5.4493e-05 -4.8740e-05 -4.5952e-05
SIM7  -5.1697e-05 -5.5170e-05 -4.5592e-05 -5.7799e-05 -5.3114e-05 -5.4493e-05  1.0000e+00 -6.1532e-05 -5.7799e-05 -5.5839e-05 -5.7799e-05 -4.7972e-05 -5.3808e-05 -5.7799e-05 -5.5839e-05 -4.8740e-05 -4.9496e-05 -6.0926e-05 -5.5839e-05 -5.6500e-05 -6.0313e-05 -4.9496e-05 -5.5170e-05 -5.3808e-05 -5.7153e-05 -5.1697e-05 -5.6500e-05 -6.1532e-05 -5.0974e-05 -5.5839e-05 -5.4493e-05 -5.3114e-05 -5.4493e-05 -5.0240e-05 -5.8438e-05 -6.2727e-05 -5.5839e-05 -5.7799e-05 -4.7972e-05 -5.5839e-05 -5.1697e-05 -5.9070e-05 -5.3808e-05 -6.2727e-05 -4.7192e-05 -6.3316e-05 -5.6500e-05 -5.7799e-05 -5.1697e-05 -4.8740e-05
SIM8  -5.5036e-05 -5.8734e-05 -4.8537e-05 -6.1532e-05  2.2660e-02 -5.8013e-05 -6.1532e-05  1.0000e+00 -6.1532e-05 -5.9446e-05 -6.1532e-05 -5.1071e-05 -5.7283e-05 -6.1532e-05 -5.9446e-05 -5.1888e-05 -5.2693e-05 -6.4861e-05 -5.9446e-05 -6.0149e-05  1.9941e-02 -5.2693e-05 -5.8734e-05 -5.7283e-05 -6.0845e-05 -5.5036e-05 -6.0149e-05 -6.5506e-05 -5.4266e-05 -5.9446e-05 -5.8013e-05 -5.6544e-05 -5.8013e-05 -5.3485e-05 -6.2212e-05 -6.6778e-05 -5.9446e-05 -6.1532e-05 -5.1071e-05 -5.9446e-05 -5.5036e-05 -6.2885e-05 -5.7283e-05 -6.6778e-05 -5.0240e-05 -6.7405e-05 -6.0149e-05 -6.1532e-05 -5.5036e-05 -5.1888e-05
SIM9  -5.1697e-05 -5.5170e-05 -4.5592e-05 -5.7799e-05 -5.3114e-05 -5.4493e-05 -5.7799e-05 -6.1532e-05  1.0000e+00 -5.5839e-05 -5.7799e-05 -4.7972e-05 -5.3808e-05 -5.7799e-05 -5.5839e-05 -4.8740e-05 -4.9496e-05 -6.0926e-05 -5.5839e-05 -5.6500e-05 -6.0313e-05 -4.9496e-05 -5.5170e-05 -5.3808e-05 -5.7153e-05 -5.1697e-05 -5.6500e-05 -6.1532e-05 -5.0974e-05 -5.5839e-05 -5.4493e-05 -5.3114e-05 -5.4493e-05 -5.0240e-05 -5.8438e-05 -6.2727e-05 -5.5839e-05 -5.7799e-05  2.6727e-02  2.2948e-02 -5.1697e-05 -5.9070e-05 -5.3808e-05 -6.2727e-05 -4.7192e-05 -6.3316e-05 -5.6500e-05 -5.7799e-05 -5.1697e-05 -4.8740e-05
SIM10 -4.9944e-05 -5.3300e-05 -4.4046e-05 -5.5839e-05 -5.1312e-05 -5.2646e-05 -5.5839e-05 -5.9446e-05 -5.5839e-05  1.0000e+00 -5.5839e-05 -4.6346e-05 -5.1983e-05 -5.5839e-05 -5.3946e-05 -4.7087e-05 -4.7817e-05 -5.8860e-05 -5.3946e-05 -5.4584e-05 -5.8268e-05 -4.7817e-05 -5.3300e-05 -5.1983e-05 -5.5215e-05 -4.9944e-05 -5.4584e-05 -5.9446e-05 -4.9245e-05 -5.3946e-05 -5.2646e-05 -5.1312e-05 -5.2646e-05 -4.8537e-05 -5.6456e-05 -6.0600e-05 -5.3946e-05 -5.5839e-05 -4.6346e-05 -5.3946e-05 -4.9944e-05 -5.7067e-05 -5.1983e-05 -6.0600e-05 -4.5592e-05 -6.1169e-05 -5.4584e-05 -5.5839e-05 -4.9944e-05 -4.7087e-05
SIM11 -5.1697e-05 -5.5170e-05 -4.5592e-05 -5.7799e-05 -5.3114e-05 -5.4493e-05 -5.7799e-05 -6.1532e-05 -5.7799e-05 -5.5839e-05  1.0000e+00 -4.7972e-05 -5.3808e-05 -5.7799e-05 -5.5839e-05 -4.8740e-05 -4.9496e-05 -6.0926e-05 -5.5839e-05 -5.6500e-05 -6.0313e-05 -4.9496e-05 -5.5170e-05 -5.3808e-05 -5.7153e-05 -5.1697e-05 -5.6500e-05 -6.1532e-05 -5.0974e-05 -5.5839e-05 -5.4493e-05  2.4131e-02 -5.4493e-05 -5.0240e-05 -5.8438e-05 -6.2727e-05 -5.5839e-05 -5.7799e-05 -4.7972e-05 -5.5839e-05 -5.1697e-05 -5.9070e-05 -5.3808e-05 -6.2727e-05 -4.7192e-05 -6.3316e-05 -5.6500e-05 -5.7799e-05 -5.1697e-05 -4.8740e-05
SIM12 -4.2908e-05 -4.5791e-05 -3.7841e-05 -4.7972e-05 -4.4083e-05 -4.5229e-05 -4.7972e-05 -5.1071e-05 -4.7972e-05 -4.6346e-05 -4.7972e-05  1.0000e+00 -4.4660e-05 -4.7972e-05 -4.6346e-05 -4.0454e-05 -4.1081e-05 -5.0568e-05 -4.6346e-05 -4.6894e-05 -5.0059e-05 -4.1081e-05 -4.5791e-05 -4.4660e-05 -4.7436e-05 -4.2908e-05 -4.6894e-05 -5.1071e-05 -4.2307e-05 -4.6346e-05 -4.5229e-05 -4.4083e-05 -4.5229e-05 -4.1699e-05 -4.8503e-05 -5.2063e-05 -4.6346e-05 -4.7972e-05 -3.9816e-05 -4.6346e-05 -4.2908e-05 -4.9027e-05 -4.4660e-05 -5.2063e-05 -3.9169e-05 -5.2552e-05 -4.6894e-05 -4.7972e-05 -4.2908e-05 -4.0454e-05
SIM13 -4.8127e-05 -5.1361e-05 -4.2444e-05 -5.3808e-05 -4.9446e-05 -5.0730e-05 -5.3808e-05 -5.7283e-05 -5.3808e-05 -5.1983e-05 -5.3808e-05 -4.4660e-05  1.0000e+00 -5.3808e-05 -5.1983e-05 -4.5374e-05 -4.6078e-05 -5.6719e-05 -5.1983e-05 -5.2598e-05  2.2821e-02 -4.6078e-05 -5.1361e-05 -5.0092e-05 -5.3207e-05 -4.8127e-05 -5.2598e-05  2.2366e-02 -4.7454e-05 -5.1983e-05 -5.0730e-05 -4.9446e-05 -5.0730e-05 -4.6771e-05 -5.4402e-05 -5.8396e-05 -5.1983e-05 -5.3808e-05 -4.4660e-05 -5.1983e-05 -4.8127e-05 -5.4991e-05 -5.0092e-05 -5.8396e-05 -4.3934e-05 -5.8944e-05 -5.2598e-05 -5.3808e-05 -4.8127e-05 -4.5374e-05
SIM14 -5.1697e-05 -5.5170e-05 -4.5592e-05 -5.7799e-05 -5.3114e-05 -5.4493e-05 -5.7799e-05 -6.1532e-05 -5.7799e-05 -5.5839e-05 -5.7799e-05 -4.7972e-05 -5.3808e-05  1.0000e+00 -5.5839e-05 -4.8740e-05 -4.9496e-05 -6.0926e-05 -5.5839e-05 -5.6500e-05 -6.0313e-05 -4.9496e-05 -5.5170e-05 -5.3808e-05 -5.7153e-05 -5.1697e-05 -5.6500e-05 -6.1532e-05 -5.0974e-05 -5.5839e-05 -5.4493e-05 -5.3114e-05 -5.4493e-05 -5.0240e-05 -5.8438e-05 -6.2727e-05 -5.5839e-05 -5.7799e-05 -4.7972e-05 -5.5839e-05 -5.1697e-05 -5.9070e-05 -5.3808e-05 -6.2727e-05 -4.7192e-05 -6.3316e-05 -5.6500e-05 -5.7799e-05 -5.1697e-05 -4.8740e-05
