*********************************************************************
* LD Score Regression (LDSC)
* Version 1.0.1
* (C) 2014-2019 Brendan Bulik-Sullivan and Hilary Finucane
* Broad Institute of MIT and Harvard / MIT Department of Mathematics
* GNU General Public License v3
*********************************************************************
Call: 
./ldsc.py \
--out /data/sbcs/GuoLab/backup/liq17/CRC_TF_TWAS_zhishan2024/NC_revision_OceanCode/v2_NC_revision//84Tracks//ldscores_sim500//11 \
--bfile /data/sbcs/GuoLab/backup/liq17/ref/Alkesgroup/1000G_EUR_Phase3_plink_hg38/1000G.EUR.QC.11 \
--annot /data/sbcs/GuoLab/backup/liq17/CRC_TF_TWAS_zhishan2024/NC_revision_OceanCode/v2_NC_revision//84Tracks//annots_sim500//11.annot.txt \
--l2  \
--ld-wind-kb 100.0 

Beginning analysis at Sun Oct 26 23:15:54 2025
Read list of 493753 SNPs from /data/sbcs/GuoLab/backup/liq17/ref/Alkesgroup/1000G_EUR_Phase3_plink_hg38/1000G.EUR.QC.11.bim
Read 50 annotations for 493753 SNPs from /data/sbcs/GuoLab/backup/liq17/CRC_TF_TWAS_zhishan2024/NC_revision_OceanCode/v2_NC_revision//84Tracks//annots_sim500//11.annot.txt
Read list of 489 individuals from /data/sbcs/GuoLab/backup/liq17/ref/Alkesgroup/1000G_EUR_Phase3_plink_hg38/1000G.EUR.QC.11.fam
Reading genotypes from /data/sbcs/GuoLab/backup/liq17/ref/Alkesgroup/1000G_EUR_Phase3_plink_hg38/1000G.EUR.QC.11.bed
Estimating LD Score.
Writing LD Scores for 493753 SNPs to /data/sbcs/GuoLab/backup/liq17/CRC_TF_TWAS_zhishan2024/NC_revision_OceanCode/v2_NC_revision//84Tracks//ldscores_sim500//11.l2.ldscore.gz

Summary of LD Scores in /data/sbcs/GuoLab/backup/liq17/CRC_TF_TWAS_zhishan2024/NC_revision_OceanCode/v2_NC_revision//84Tracks//ldscores_sim500//11.l2.ldscore.gz
         MAF  SIM1L2  SIM2L2  SIM3L2  SIM4L2  SIM5L2  SIM6L2  SIM7L2  SIM8L2  SIM9L2  SIM10L2  SIM11L2  SIM12L2  SIM13L2  SIM14L2  SIM15L2  SIM16L2  SIM17L2  SIM18L2  SIM19L2  SIM20L2  SIM21L2  SIM22L2  SIM23L2  SIM24L2  SIM25L2  SIM26L2  SIM27L2  SIM28L2  SIM29L2  SIM30L2  SIM31L2  SIM32L2  SIM33L2  SIM34L2  SIM35L2  SIM36L2  SIM37L2  SIM38L2  SIM39L2  SIM40L2  SIM41L2  SIM42L2  SIM43L2  SIM44L2  SIM45L2  SIM46L2  SIM47L2  SIM48L2  SIM49L2  SIM50L2
mean  0.1509  0.0050  0.0022  0.0027  0.0029  0.0029  0.0030  0.0026  0.0025  0.0027   0.0028   0.0042   0.0022   0.0034   0.0030   0.0034   0.0054   0.0026   0.0038   0.0034   0.0021   0.0019   0.0029   0.0030   0.0041   0.0024   0.0035   0.0019   0.0036   0.0035   0.0037   0.0024   0.0017   0.0035   0.0029   0.0027   0.0032   0.0027   0.0022   0.0023   0.0031   0.0031   0.0025   0.0019   0.0039   0.0027   0.0020   0.0032   0.0030   0.0027   0.0048
std   0.1499  0.0560  0.0368  0.0385  0.0401  0.0398  0.0409  0.0373  0.0372  0.0364   0.0415   0.0531   0.0358   0.0447   0.0421   0.0458   0.0630   0.0383   0.0473   0.0429   0.0333   0.0322   0.0427   0.0408   0.0501   0.0385   0.0465   0.0321   0.0481   0.0482   0.0479   0.0370   0.0285   0.0441   0.0396   0.0371   0.0443   0.0430   0.0363   0.0377   0.0430   0.0443   0.0365   0.0338   0.0506   0.0382   0.0318   0.0435   0.0396   0.0390   0.0625
min   0.0051 -0.0021 -0.0041 -0.0021 -0.0040 -0.0041 -0.0039 -0.0021 -0.0040 -0.0021  -0.0021  -0.0021  -0.0021  -0.0040  -0.0021  -0.0021  -0.0041  -0.0041  -0.0027  -0.0038  -0.0040  -0.0041  -0.0039  -0.0041  -0.0021  -0.0039  -0.0021  -0.0021  -0.0021  -0.0041  -0.0021  -0.0032  -0.0021  -0.0041  -0.0039  -0.0037  -0.0021  -0.0036  -0.0040  -0.0041  -0.0037  -0.0034  -0.0021  -0.0021  -0.0041  -0.0041  -0.0021  -0.0021  -0.0034  -0.0034  -0.0041
25%   0.0194  0.0000  0.0000  0.0000  0.0000  0.0000  0.0000  0.0000  0.0000  0.0000   0.0000   0.0000   0.0000   0.0000   0.0000   0.0000   0.0000   0.0000   0.0000   0.0000   0.0000   0.0000   0.0000   0.0000   0.0000   0.0000   0.0000   0.0000   0.0000   0.0000   0.0000   0.0000   0.0000   0.0000   0.0000   0.0000   0.0000   0.0000   0.0000   0.0000   0.0000   0.0000   0.0000   0.0000   0.0000   0.0000   0.0000   0.0000   0.0000   0.0000   0.0000
50%   0.0920  0.0000  0.0000  0.0000  0.0000  0.0000  0.0000  0.0000  0.0000  0.0000   0.0000   0.0000   0.0000   0.0000   0.0000   0.0000   0.0000   0.0000   0.0000   0.0000   0.0000   0.0000   0.0000   0.0000   0.0000   0.0000   0.0000   0.0000   0.0000   0.0000   0.0000   0.0000   0.0000   0.0000   0.0000   0.0000   0.0000   0.0000   0.0000   0.0000   0.0000   0.0000   0.0000   0.0000   0.0000   0.0000   0.0000   0.0000   0.0000   0.0000   0.0000
75%   0.2628  0.0000  0.0000  0.0000  0.0000  0.0000  0.0000  0.0000  0.0000  0.0000   0.0000   0.0000   0.0000   0.0000   0.0000   0.0000   0.0000   0.0000   0.0000   0.0000   0.0000   0.0000   0.0000   0.0000   0.0000   0.0000   0.0000   0.0000   0.0000   0.0000   0.0000   0.0000   0.0000   0.0000   0.0000   0.0000   0.0000   0.0000   0.0000   0.0000   0.0000   0.0000   0.0000   0.0000   0.0000   0.0000   0.0000   0.0000   0.0000   0.0000   0.0000
max   0.5000  1.0000  1.0000  1.0000  1.0000  1.0000  1.1554  1.0000  1.0000  1.0000   1.0000   1.0000   1.0000   1.0000   1.0000   1.0000   1.0062   1.1540   1.0000   1.0000   1.0000   1.0000   1.0000   1.0000   1.0000   1.0990   1.0000   1.0000   1.0000   1.5211   1.0000   1.0000   1.0000   1.0000   1.0032   1.0082   1.0000   1.0000   1.0000   1.0000   1.0000   1.0000   1.0000   1.0000   1.7646   1.0000   1.0000   1.0000   1.0000   1.0000   1.9101

MAF/LD Score Correlation Matrix
            MAF      SIM1L2  SIM2L2  SIM3L2  SIM4L2      SIM5L2  SIM6L2  SIM7L2      SIM8L2      SIM9L2  SIM10L2  SIM11L2  SIM12L2  SIM13L2  SIM14L2  SIM15L2  SIM16L2  SIM17L2     SIM18L2  SIM19L2  SIM20L2  SIM21L2  SIM22L2  SIM23L2     SIM24L2     SIM25L2  SIM26L2  SIM27L2  SIM28L2     SIM29L2     SIM30L2  SIM31L2  SIM32L2  SIM33L2  SIM34L2  SIM35L2  SIM36L2  SIM37L2  SIM38L2  SIM39L2  SIM40L2  SIM41L2  SIM42L2  SIM43L2  SIM44L2  SIM45L2  SIM46L2  SIM47L2     SIM48L2  SIM49L2     SIM50L2
MAF      1.0000  1.7993e-02  0.0258  0.0584  0.0382  2.6187e-02  0.0422  0.0306  3.8029e-02  5.4426e-02   0.0220   0.0320   0.0307   0.0273   0.0091   0.0102   0.0066   0.0006  2.6484e-02   0.0329   0.0263   0.0437   0.0317   0.0485  1.7823e-02  3.1201e-02   0.0233   0.0435   0.0401  5.2423e-02  3.9247e-02   0.0163   0.0366   0.0319   0.0226   0.0368   0.0282   0.0314   0.0256   0.0243   0.0212   0.0403   0.0302   0.0141   0.0417   0.0298   0.0363  -0.0121  3.1019e-02   0.0139  2.0883e-02
SIM1L2   0.0180  1.0000e+00 -0.0054 -0.0063  0.0283  6.9088e-06 -0.0054  0.0063  1.4223e-02 -3.7283e-03  -0.0061  -0.0028  -0.0051   0.0353  -0.0062  -0.0001  -0.0057  -0.0060 -6.9451e-03   0.0073   0.0626  -0.0053  -0.0053   0.0098  1.5739e-02 -5.7186e-03   0.0603  -0.0047   0.0325 -6.5365e-03 -6.8633e-03   0.0588  -0.0053   0.0216   0.0063  -0.0065   0.0640  -0.0058   0.0022  -0.0051  -0.0064  -0.0055   0.0023   0.0613   0.0504  -0.0053  -0.0051   0.0056 -6.9073e-03   0.0134 -6.6991e-03
SIM2L2   0.0258 -5.4152e-03  1.0000 -0.0035  0.0144  1.2833e-03 -0.0027 -0.0022 -3.8084e-03  2.0122e-02   0.0158  -0.0043   0.0143  -0.0045   0.0413  -0.0039   0.0381  -0.0041 -4.8934e-03   0.0019   0.0048  -0.0011  -0.0043  -0.0038 -3.8993e-03 -3.3762e-03  -0.0042   0.0081  -0.0012 -2.3288e-03  1.3916e-02  -0.0038  -0.0035   0.0367  -0.0045   0.0119   0.0005  -0.0038  -0.0027   0.0040  -0.0042   0.0150  -0.0042  -0.0034  -0.0009  -0.0018  -0.0037  -0.0005 -4.6422e-03   0.0113 -4.5950e-03
SIM3L2   0.0584 -6.2743e-03 -0.0035  1.0000  0.0145  2.3130e-02  0.0673  0.0178  2.7553e-02  2.7130e-02   0.0819  -0.0054  -0.0043  -0.0050  -0.0048  -0.0047  -0.0014  -0.0046 -4.3018e-03   0.0763  -0.0022   0.0060   0.0838  -0.0051 -1.0052e-03  4.4255e-02   0.0015  -0.0037   0.0005  1.8543e-03 -3.1182e-03  -0.0045  -0.0027  -0.0051   0.0764   0.0123  -0.0051  -0.0019  -0.0035   0.0010  -0.0020  -0.0001  -0.0012  -0.0039   0.0009   0.0019   0.0376  -0.0037  9.3723e-02  -0.0047 -5.2757e-03
SIM4L2   0.0382  2.8344e-02  0.0144  0.0145  1.0000  2.4527e-02 -0.0049  0.0356  1.4816e-02  8.2575e-03  -0.0043   0.0145  -0.0044  -0.0051   0.0045  -0.0051   0.0015   0.0119 -4.0061e-03   0.0039   0.0705  -0.0039   0.0585  -0.0044 -5.4268e-03  4.2832e-02   0.0734  -0.0043  -0.0045 -1.9358e-03  5.7922e-02  -0.0041  -0.0043  -0.0055   0.0064  -0.0026  -0.0031  -0.0035   0.0004   0.0015   0.0641   0.1977   0.0029   0.0215  -0.0057  -0.0009  -0.0028  -0.0033 -5.5558e-03   0.0168 -5.5606e-03
SIM5L2   0.0262  6.9088e-06  0.0013  0.0231  0.0245  1.0000e+00 -0.0002  0.0199 -4.7819e-03  6.6306e-03  -0.0050  -0.0022  -0.0045   0.0117   0.0116   0.0044  -0.0034  -0.0044 -5.8725e-03  -0.0021  -0.0042  -0.0026   0.0002   0.0009  7.7946e-04 -4.6698e-03   0.0068   0.0023   0.0024 -5.0973e-03 -4.1554e-03  -0.0042  -0.0044  -0.0020  -0.0054   0.0026   0.0027   0.0010  -0.0044   0.0805  -0.0027  -0.0048  -0.0008   0.1883  -0.0056   0.0072  -0.0042  -0.0053  1.3396e-01   0.1378 -4.7433e-03
SIM6L2   0.0422 -5.3746e-03 -0.0027  0.0673 -0.0049 -2.0677e-04  1.0000 -0.0027 -4.6967e-03 -2.9929e-03  -0.0048  -0.0058  -0.0044   0.0110  -0.0029  -0.0049  -0.0061  -0.0048  1.8852e-02   0.0192  -0.0046   0.0050   0.0323  -0.0049 -5.9503e-03  2.3341e-02  -0.0026  -0.0013  -0.0054 -5.2997e-03 -5.3173e-03   0.0960   0.0428  -0.0035  -0.0051   0.0024  -0.0044  -0.0045   0.0319  -0.0029  -0.0037  -0.0050  -0.0006   0.0038  -0.0045  -0.0050  -0.0046   0.0273 -4.6989e-03  -0.0032 -5.3857e-03
SIM7L2   0.0306  6.2579e-03 -0.0022  0.0178  0.0356  1.9927e-02 -0.0027  1.0000 -1.2931e-03  6.6830e-03  -0.0008  -0.0034  -0.0043  -0.0005  -0.0045   0.0289  -0.0004   0.0692 -5.5997e-03   0.0095   0.0457   0.0971  -0.0049  -0.0048 -5.7875e-03 -4.4580e-03   0.1111  -0.0034  -0.0029 -3.5831e-03  1.7718e-02  -0.0044  -0.0041  -0.0050   0.0030  -0.0050  -0.0047  -0.0013  -0.0021   0.0018  -0.0051  -0.0049  -0.0045   0.0233  -0.0053   0.0436  -0.0044  -0.0051 -5.0732e-03   0.0133 -5.2427e-03
SIM8L2   0.0380  1.4223e-02 -0.0038  0.0276  0.0148 -4.7819e-03 -0.0047 -0.0013  1.0000e+00  6.1217e-02  -0.0044   0.0168  -0.0038  -0.0047  -0.0040  -0.0049  -0.0056  -0.0017 -5.2865e-03   0.0214   0.0044  -0.0039   0.0006  -0.0024  8.8846e-03 -2.0300e-04  -0.0010   0.0548  -0.0049 -5.0653e-06  2.8552e-02  -0.0042   0.0575  -0.0005  -0.0046  -0.0048  -0.0048   0.0687   0.0099  -0.0036  -0.0009   0.0028  -0.0027  -0.0037  -0.0050  -0.0046  -0.0021   0.0161 -4.4404e-03  -0.0046 -4.5051e-03
SIM9L2   0.0544 -3.7283e-03  0.0201  0.0271  0.0083  6.6306e-03 -0.0030  0.0067  6.1217e-02  1.0000e+00  -0.0024  -0.0043   0.0247  -0.0057   0.0001  -0.0054  -0.0048  -0.0035  2.8104e-05  -0.0044  -0.0038  -0.0031   0.0002   0.0430 -6.0590e-03 -3.6741e-03   0.0181  -0.0006   0.0053 -2.4626e-03 -9.3228e-07  -0.0027  -0.0044   0.0433  -0.0053  -0.0050  -0.0033  -0.0047  -0.0019   0.0643  -0.0053  -0.0046  -0.0052  -0.0041  -0.0046   0.0346  -0.0046  -0.0054  2.9329e-03  -0.0047 -5.3630e-03
SIM10L2  0.0220 -6.0783e-03  0.0158  0.0819 -0.0043 -5.0252e-03 -0.0048 -0.0008 -4.4343e-03 -2.4154e-03   1.0000  -0.0053  -0.0006   0.0720  -0.0046  -0.0046   0.1551   0.0260 -5.2926e-03  -0.0054  -0.0040  -0.0034   0.0837  -0.0027 -4.1166e-03 -3.9947e-03  -0.0038  -0.0021  -0.0040 -1.7511e-03 -3.2651e-03  -0.0032  -0.0036   0.2148   0.0135   0.0017   0.0330   0.0021   0.0173   0.0056  -0.0002   0.1867  -0.0046   0.0113   0.0115  -0.0041  -0.0039  -0.0045  8.7876e-02  -0.0046 -5.0159e-03
SIM11L2  0.0320 -2.7630e-03 -0.0043 -0.0054  0.0145 -2.2109e-03 -0.0058 -0.0034  1.6798e-02 -4.3067e-03  -0.0053   1.0000  -0.0049  -0.0055   0.0196   0.0889  -0.0061  -0.0003  5.5688e-02   0.0010  -0.0049  -0.0046  -0.0049  -0.0030  6.2178e-02 -4.3755e-03  -0.0058  -0.0043   0.0971  4.3502e-03  3.9180e-02  -0.0032  -0.0047   0.0599   0.0037   0.0011   0.0018  -0.0014  -0.0035  -0.0048  -0.0042  -0.0049  -0.0055  -0.0044  -0.0060  -0.0052  -0.0048  -0.0003 -5.3625e-03   0.0012 -4.1492e-03
SIM12L2  0.0307 -5.1428e-03  0.0143 -0.0043 -0.0044 -4.5218e-03 -0.0044 -0.0043 -3.8034e-03  2.4722e-02  -0.0006  -0.0049   1.0000  -0.0004  -0.0012  -0.0046  -0.0050  -0.0038 -4.9810e-03  -0.0049   0.0675  -0.0013   0.0288   0.0167 -3.9414e-03 -3.9088e-03   0.0175  -0.0036  -0.0046 -4.4727e-03 -3.8215e-03  -0.0039  -0.0028  -0.0048   0.0145   0.0185   0.0509  -0.0039  -0.0034  -0.0037   0.0665  -0.0041  -0.0032  -0.0034   0.0045   0.0471  -0.0038  -0.0045 -4.7302e-03   0.0164 -4.0505e-03
SIM13L2  0.0273  3.5273e-02 -0.0045 -0.0050 -0.0051  1.1714e-02  0.0110 -0.0005 -4.6895e-03 -5.6669e-03   0.0720  -0.0055  -0.0004   1.0000  -0.0054  -0.0006  -0.0066   0.0233 -5.6806e-03  -0.0023   0.0021  -0.0046  -0.0047  -0.0019 -2.9812e-03 -4.9000e-03  -0.0058  -0.0045  -0.0044 -4.8050e-03 -7.7031e-04   0.1686  -0.0044  -0.0031  -0.0057  -0.0056   0.0251  -0.0030  -0.0046  -0.0047  -0.0031   0.0016   0.0721   0.0025  -0.0051  -0.0049  -0.0043   0.0051 -3.6303e-03  -0.0054 -5.7396e-03
SIM14L2  0.0091 -6.1885e-03  0.0413 -0.0048  0.0045  1.1605e-02 -0.0029 -0.0045 -3.9695e-03  1.1986e-04  -0.0046   0.0196  -0.0012  -0.0054   1.0000  -0.0053  -0.0005   0.1735 -4.7657e-03  -0.0041  -0.0030  -0.0039  -0.0046  -0.0049 -5.5004e-03 -4.3976e-03  -0.0050  -0.0028  -0.0038  3.7240e-02 -1.0596e-03  -0.0040  -0.0031  -0.0055  -0.0006  -0.0051  -0.0032  -0.0035  -0.0036  -0.0029  -0.0052  -0.0047  -0.0048  -0.0028  -0.0029  -0.0049  -0.0045   0.1522  4.5687e-03  -0.0049  5.3051e-03
SIM15L2  0.0102 -1.1217e-04 -0.0039 -0.0047 -0.0051  4.4302e-03 -0.0049  0.0289 -4.8670e-03 -5.3530e-03  -0.0046   0.0889  -0.0046  -0.0006  -0.0053   1.0000  -0.0026  -0.0049 -5.9080e-03  -0.0059   0.0280   0.0356  -0.0044  -0.0007  1.8957e-02 -1.0046e-03  -0.0052  -0.0043   0.0042  4.9918e-03  2.9040e-02  -0.0047  -0.0043   0.0005  -0.0007  -0.0026   0.0052  -0.0017  -0.0044  -0.0035   0.0176  -0.0053  -0.0047  -0.0033  -0.0050   0.0689  -0.0046   0.0027 -4.0522e-03   0.0014  1.7689e-02
SIM16L2  0.0066 -5.7361e-03  0.0381 -0.0014  0.0015 -3.3684e-03 -0.0061 -0.0004 -5.6410e-03 -4.7576e-03   0.1551  -0.0061  -0.0050  -0.0066  -0.0005  -0.0026   1.0000  -0.0050  7.7952e-03  -0.0064   0.0018  -0.0051  -0.0059  -0.0057 -7.0102e-03 -5.3080e-03   0.0168  -0.0029  -0.0059 -5.6169e-03 -5.7261e-03  -0.0044   0.0400   0.1383  -0.0039  -0.0060   0.0188  -0.0007   0.0096  -0.0021  -0.0061   0.1185   0.1376  -0.0019   0.0142  -0.0059  -0.0052  -0.0061 -6.5550e-03  -0.0008  3.1998e-02
SIM17L2  0.0006 -6.0308e-03 -0.0041 -0.0046  0.0119 -4.4314e-03 -0.0048  0.0692 -1.7135e-03 -3.5376e-03   0.0260  -0.0003  -0.0038   0.0233   0.1735  -0.0049  -0.0050   1.0000 -5.3954e-03  -0.0041  -0.0039  -0.0040  -0.0043   0.0774 -4.1043e-03 -4.2358e-03   0.0020   0.0199  -0.0049 -4.8730e-03  4.5333e-02   0.0134   0.0018  -0.0052  -0.0032  -0.0033   0.0063  -0.0043  -0.0039  -0.0027   0.0320  -0.0047   0.0183  -0.0037  -0.0051  -0.0025  -0.0040   0.1981  7.6064e-04  -0.0040  7.6586e-03
SIM18L2  0.0265 -6.9451e-03 -0.0049 -0.0043 -0.0040 -5.8725e-03  0.0189 -0.0056 -5.2865e-03  2.8104e-05  -0.0053   0.0557  -0.0050  -0.0057  -0.0048  -0.0059   0.0078  -0.0054  1.0000e+00   0.0135  -0.0052  -0.0048  -0.0049  -0.0060 -9.2415e-04 -5.1578e-03  -0.0060   0.0860  -0.0060 -5.7386e-03  4.5218e-02   0.0016  -0.0031   0.0684   0.1290   0.0001  -0.0047  -0.0052   0.0139  -0.0044  -0.0059   0.0067  -0.0041  -0.0043  -0.0062  -0.0037  -0.0002  -0.0059 -6.2151e-03  -0.0055  5.1891e-04
SIM19L2  0.0329  7.3210e-03  0.0019  0.0763  0.0039 -2.0613e-03  0.0192  0.0095  2.1441e-02 -4.3536e-03  -0.0054   0.0010  -0.0049  -0.0023  -0.0041  -0.0059  -0.0064  -0.0041  1.3509e-02   1.0000  -0.0029  -0.0006  -0.0041  -0.0006 -6.5852e-03 -3.5396e-03   0.0282  -0.0038  -0.0059 -5.8936e-03  1.5273e-02  -0.0050  -0.0029   0.0496  -0.0048  -0.0049  -0.0058   0.0138   0.0750   0.1263  -0.0042  -0.0056  -0.0033  -0.0046  -0.0061  -0.0056   0.0215  -0.0025 -1.8871e-03  -0.0045  1.2265e-02
SIM20L2  0.0263  6.2574e-02  0.0048 -0.0022  0.0705 -4.2218e-03 -0.0046  0.0457  4.3685e-03 -3.7573e-03  -0.0040  -0.0049   0.0675   0.0021  -0.0030   0.0280   0.0018  -0.0039 -5.1681e-03  -0.0029   1.0000  -0.0035  -0.0044   0.0755 -5.1964e-03  1.1684e-02   0.0255  -0.0037  -0.0049 -7.7611e-04  1.4977e-02  -0.0041  -0.0032  -0.0050  -0.0042   0.0161  -0.0043   0.0041  -0.0031  -0.0038  -0.0046   0.0639  -0.0042  -0.0014  -0.0049  -0.0039   0.0552   0.0010  2.8859e-03   0.0036  2.6110e-02
SIM21L2  0.0437 -5.3211e-03 -0.0011  0.0060 -0.0039 -2.5771e-03  0.0050  0.0971 -3.9191e-03 -3.1450e-03  -0.0034  -0.0046  -0.0013  -0.0046  -0.0039   0.0356  -0.0051  -0.0040 -4.7743e-03  -0.0006  -0.0035   1.0000  -0.0036  -0.0042 -3.1587e-03 -3.7636e-03  -0.0041  -0.0035  -0.0044 -3.4679e-03  5.1799e-03  -0.0038  -0.0012  -0.0035  -0.0002   0.0011  -0.0043  -0.0038  -0.0010  -0.0036  -0.0043  -0.0039   0.0013  -0.0033  -0.0025   0.0448   0.0022  -0.0043 -4.8846e-04  -0.0041 -4.5151e-03
SIM22L2  0.0317 -5.2630e-03 -0.0043  0.0838  0.0585  1.8583e-04  0.0323 -0.0049  6.1715e-04  2.2532e-04   0.0837  -0.0049   0.0288  -0.0047  -0.0046  -0.0044  -0.0059  -0.0043 -4.8981e-03  -0.0041  -0.0044  -0.0036   1.0000  -0.0027 -4.7817e-03 -3.0796e-03  -0.0051  -0.0040   0.0089  4.1695e-02  1.9860e-01  -0.0039  -0.0040  -0.0032   0.0313   0.0115   0.0248  -0.0045  -0.0040  -0.0032  -0.0040  -0.0040  -0.0048   0.0413  -0.0047  -0.0048  -0.0028  -0.0028  8.7289e-02  -0.0047  5.7083e-02
SIM23L2  0.0485  9.8062e-03 -0.0038 -0.0051 -0.0044  8.7599e-04 -0.0049 -0.0048 -2.4113e-03  4.3031e-02  -0.0027  -0.0030   0.0167  -0.0019  -0.0049  -0.0007  -0.0057   0.0774 -6.0065e-03  -0.0006   0.0755  -0.0042  -0.0027   1.0000 -5.7352e-03 -4.7067e-03  -0.0049  -0.0036  -0.0055 -5.3291e-03  2.5209e-02  -0.0021  -0.0043   0.0267   0.0017  -0.0033  -0.0054  -0.0045  -0.0042  -0.0019   0.1258  -0.0022   0.1163  -0.0041  -0.0057   0.0220   0.1327  -0.0053  1.3288e-02  -0.0016  5.8833e-03
SIM24L2  0.0178  1.5739e-02 -0.0039 -0.0010 -0.0054  7.7946e-04 -0.0060 -0.0058  8.8846e-03 -6.0590e-03  -0.0041   0.0622  -0.0039  -0.0030  -0.0055   0.0190  -0.0070  -0.0041 -9.2415e-04  -0.0066  -0.0052  -0.0032  -0.0048  -0.0057  1.0000e+00 -5.0713e-03   0.0903   0.0185   0.0764  5.5643e-03 -6.2816e-03   0.0500  -0.0002  -0.0059  -0.0061  -0.0053   0.0845   0.0058  -0.0043  -0.0049   0.0615   0.0206  -0.0055  -0.0046   0.0710   0.0155   0.0110   0.0061  1.0143e-03  -0.0056 -2.1970e-05
SIM25L2  0.0312 -5.7186e-03 -0.0034  0.0443  0.0428 -4.6698e-03  0.0233 -0.0045 -2.0300e-04 -3.6741e-03  -0.0040  -0.0044  -0.0039  -0.0049  -0.0044  -0.0010  -0.0053  -0.0042 -5.1578e-03  -0.0035   0.0117  -0.0038  -0.0031  -0.0047 -5.0713e-03  1.0000e+00   0.1672  -0.0037  -0.0033  7.0921e-02 -3.6820e-03   0.0087  -0.0037   0.0022  -0.0018  -0.0038   0.0898  -0.0014  -0.0038  -0.0038  -0.0046   0.0385  -0.0041  -0.0036  -0.0048  -0.0044   0.0093   0.0589 -3.8634e-05   0.0142 -4.7930e-03
SIM26L2  0.0233  6.0326e-02 -0.0042  0.0015  0.0734  6.8071e-03 -0.0026  0.1111 -1.0198e-03  1.8068e-02  -0.0038  -0.0058   0.0175  -0.0058  -0.0050  -0.0052   0.0168   0.0020 -6.0315e-03   0.0282   0.0255  -0.0041  -0.0051  -0.0049  9.0253e-02  1.6718e-01   1.0000  -0.0034  -0.0052  1.9186e-03 -5.7307e-03  -0.0048  -0.0043  -0.0047  -0.0054  -0.0054   0.1030  -0.0048  -0.0027  -0.0042  -0.0055   0.1247  -0.0042   0.0107   0.0539  -0.0048  -0.0047  -0.0049 -5.9161e-03   0.0074 -5.6933e-03
SIM27L2  0.0435 -4.7134e-03  0.0081 -0.0037 -0.0043  2.3156e-03 -0.0013 -0.0034  5.4829e-02 -6.1270e-04  -0.0021  -0.0043  -0.0036  -0.0045  -0.0028  -0.0043  -0.0029   0.0199  8.5955e-02  -0.0038  -0.0037  -0.0035  -0.0040  -0.0036  1.8486e-02 -3.7122e-03  -0.0034   1.0000  -0.0028 -4.2547e-03 -4.4632e-03   0.0556  -0.0003   0.0554   0.0129  -0.0041  -0.0042  -0.0037  -0.0029  -0.0033   0.0025   0.0006  -0.0041   0.0050  -0.0032  -0.0042  -0.0037  -0.0041  3.4036e-02  -0.0040 -4.4650e-03
SIM28L2  0.0401  3.2514e-02 -0.0012  0.0005 -0.0045  2.4397e-03 -0.0054 -0.0029 -4.9125e-03  5.3415e-03  -0.0040   0.0971  -0.0046  -0.0044  -0.0038   0.0042  -0.0059  -0.0049 -5.9957e-03  -0.0059  -0.0049  -0.0044   0.0089  -0.0055  7.6446e-02 -3.2987e-03  -0.0052  -0.0028   1.0000 -1.6113e-04 -5.6738e-03   0.0200   0.0033   0.0092   0.0053  -0.0029   0.0442   0.0004   0.0592  -0.0022  -0.0042  -0.0040  -0.0052  -0.0041  -0.0057  -0.0011  -0.0047  -0.0015 -5.4224e-04  -0.0051 -5.6595e-03
SIM29L2  0.0524 -6.5365e-03 -0.0023  0.0019 -0.0019 -5.0973e-03 -0.0053 -0.0036 -5.0653e-06 -2.4626e-03  -0.0018   0.0044  -0.0045  -0.0048   0.0372   0.0050  -0.0056  -0.0049 -5.7386e-03  -0.0059  -0.0008  -0.0035   0.0417  -0.0053  5.5643e-03  7.0921e-02   0.0019  -0.0043  -0.0002  1.0000e+00 -5.5513e-03  -0.0044  -0.0043  -0.0057  -0.0054  -0.0051  -0.0002  -0.0048  -0.0031   0.0039   0.0257  -0.0021  -0.0048  -0.0014  -0.0019  -0.0025  -0.0044   0.0756 -5.6419e-03   0.0112  4.0108e-03
SIM30L2  0.0392 -6.8633e-03  0.0139 -0.0031  0.0579 -4.1554e-03 -0.0053  0.0177  2.8552e-02 -9.3228e-07  -0.0033   0.0392  -0.0038  -0.0008  -0.0011   0.0290  -0.0057   0.0453  4.5218e-02   0.0153   0.0150   0.0052   0.1986   0.0252 -6.2816e-03 -3.6820e-03  -0.0057  -0.0045  -0.0057 -5.5513e-03  1.0000e+00  -0.0049  -0.0034   0.0491   0.0053  -0.0055  -0.0056   0.0052  -0.0026   0.1273  -0.0044  -0.0025   0.0494  -0.0043  -0.0058   0.0026  -0.0046  -0.0056 -5.6358e-03  -0.0052 -5.5156e-03
SIM31L2  0.0163  5.8811e-02 -0.0038 -0.0045 -0.0041 -4.1635e-03  0.0960 -0.0044 -4.2095e-03 -2.6613e-03  -0.0032  -0.0032  -0.0039   0.1686  -0.0040  -0.0047  -0.0044   0.0134  1.6445e-03  -0.0050  -0.0041  -0.0038  -0.0039  -0.0021  4.9956e-02  8.6627e-03  -0.0048   0.0556   0.0200 -4.3656e-03 -4.8664e-03   1.0000  -0.0015  -0.0039  -0.0032  -0.0046   0.0062  -0.0035   0.0415  -0.0027  -0.0045  -0.0044   0.0143  -0.0035  -0.0028  -0.0044  -0.0039  -0.0047 -4.8977e-03   0.0073 -4.8557e-03
SIM32L2  0.0366 -5.2623e-03 -0.0035 -0.0027 -0.0043 -4.3992e-03  0.0428 -0.0041  5.7520e-02 -4.3795e-03  -0.0036  -0.0047  -0.0028  -0.0044  -0.0031  -0.0043   0.0400   0.0018 -3.1405e-03  -0.0029  -0.0032  -0.0012  -0.0040  -0.0043 -1.6350e-04 -3.7170e-03  -0.0043  -0.0003   0.0033 -4.2616e-03 -3.4175e-03  -0.0015   1.0000  -0.0045  -0.0015  -0.0037  -0.0043   0.0256   0.1526  -0.0035  -0.0042  -0.0036   0.0033  -0.0007  -0.0029  -0.0041  -0.0032  -0.0041 -3.5430e-03  -0.0040 -4.4284e-03
SIM33L2  0.0319  2.1641e-02  0.0367 -0.0051 -0.0055 -2.0358e-03 -0.0035 -0.0050 -4.7474e-04  4.3320e-02   0.2148   0.0599  -0.0048  -0.0031  -0.0055   0.0005   0.1383  -0.0052  6.8356e-02   0.0496  -0.0050  -0.0035  -0.0032   0.0267 -5.8577e-03  2.2194e-03  -0.0047   0.0554   0.0092 -5.6986e-03  4.9111e-02  -0.0039  -0.0045   1.0000   0.0025   0.0260  -0.0056  -0.0039  -0.0029  -0.0044  -0.0057   0.1640   0.0021  -0.0044  -0.0041  -0.0016  -0.0044  -0.0057  2.7066e-02   0.0140 -5.9857e-03
SIM34L2  0.0226  6.2753e-03 -0.0045  0.0764  0.0064 -5.4255e-03 -0.0051  0.0030 -4.5739e-03 -5.3032e-03   0.0135   0.0037   0.0145  -0.0057  -0.0006  -0.0007  -0.0039  -0.0032  1.2901e-01  -0.0048  -0.0042  -0.0002   0.0313   0.0017 -6.1057e-03 -1.8425e-03  -0.0054   0.0129   0.0053 -5.3847e-03  5.2826e-03  -0.0032  -0.0015   0.0025   1.0000   0.0075  -0.0055  -0.0047   0.0004  -0.0011   0.0048   0.0225   0.0119  -0.0039   0.0948  -0.0020  -0.0047  -0.0053 -5.2876e-03   0.0177 -5.6070e-03
SIM35L2  0.0368 -6.5206e-03  0.0119  0.0123 -0.0026  2.5685e-03  0.0024 -0.0050 -4.8042e-03 -4.9753e-03   0.0017   0.0011   0.0185  -0.0056  -0.0051  -0.0026  -0.0060  -0.0033  1.3570e-04  -0.0049   0.0161   0.0011   0.0115  -0.0033 -5.2534e-03 -3.8021e-03  -0.0054  -0.0041  -0.0029 -5.1288e-03 -5.5142e-03  -0.0046  -0.0037   0.0260   0.0075   1.0000  -0.0028  -0.0031  -0.0041   0.0017   0.0383  -0.0051  -0.0039  -0.0040   0.0035  -0.0014   0.0163  -0.0053  8.4578e-03   0.0379 -3.7177e-03
SIM36L2  0.0282  6.4005e-02  0.0005 -0.0051 -0.0031  2.7189e-03 -0.0044 -0.0047 -4.8314e-03 -3.3232e-03   0.0330   0.0018   0.0509   0.0251  -0.0032   0.0052   0.0188   0.0063 -4.7114e-03  -0.0058  -0.0043  -0.0043   0.0248  -0.0054  8.4509e-02  8.9822e-02   0.1030  -0.0042   0.0442 -1.6748e-04 -5.5753e-03   0.0062  -0.0043  -0.0056  -0.0055  -0.0028   1.0000  -0.0046   0.0013  -0.0022  -0.0047  -0.0037  -0.0051  -0.0040  -0.0047  -0.0040  -0.0016  -0.0034  1.8896e-03   0.0072 -5.4953e-03
SIM37L2  0.0314 -5.7917e-03 -0.0038 -0.0019 -0.0035  9.9504e-04 -0.0045 -0.0013  6.8741e-02 -4.7191e-03   0.0021  -0.0014  -0.0039  -0.0030  -0.0035  -0.0017  -0.0007  -0.0043 -5.2174e-03   0.0138   0.0041  -0.0038  -0.0045  -0.0045  5.7565e-03 -1.4469e-03  -0.0048  -0.0037   0.0004 -4.8374e-03  5.2303e-03  -0.0035   0.0256  -0.0039  -0.0047  -0.0031  -0.0046   1.0000  -0.0038   0.0018   0.0116  -0.0013  -0.0044  -0.0032  -0.0048   0.0158   0.0016   0.0288 -4.8943e-03  -0.0039 -2.7172e-03
SIM38L2  0.0256  2.1707e-03 -0.0027 -0.0035  0.0004 -4.3651e-03  0.0319 -0.0021  9.8520e-03 -1.9179e-03   0.0173  -0.0035  -0.0034  -0.0046  -0.0036  -0.0044   0.0096  -0.0039  1.3860e-02   0.0750  -0.0031  -0.0010  -0.0040  -0.0042 -4.3317e-03 -3.7735e-03  -0.0027  -0.0029   0.0592 -3.1140e-03 -2.6484e-03   0.0415   0.1526  -0.0029   0.0004  -0.0041   0.0013  -0.0038   1.0000   0.0234  -0.0039  -0.0041   0.0094  -0.0013  -0.0044  -0.0041  -0.0034  -0.0043 -4.5663e-03   0.0870  1.6718e-03
SIM39L2  0.0243 -5.0820e-03  0.0040  0.0010  0.0015  8.0491e-02 -0.0029  0.0018 -3.6033e-03  6.4302e-02   0.0056  -0.0048  -0.0037  -0.0047  -0.0029  -0.0035  -0.0021  -0.0027 -4.4087e-03   0.1263  -0.0038  -0.0036  -0.0032  -0.0019 -4.9143e-03 -3.8314e-03  -0.0042  -0.0033  -0.0022  3.9188e-03  1.2726e-01  -0.0027  -0.0035  -0.0044  -0.0011   0.0017  -0.0022   0.0018   0.0234   1.0000   0.0060  -0.0041  -0.0042  -0.0031  -0.0046   0.0310  -0.0038  -0.0041  1.4400e-03   0.0046 -4.6089e-03
SIM40L2  0.0212 -6.4151e-03 -0.0042 -0.0020  0.0641 -2.7271e-03 -0.0037 -0.0051 -9.4914e-04 -5.3219e-03  -0.0002  -0.0042   0.0665  -0.0031  -0.0052   0.0176  -0.0061   0.0320 -5.8687e-03  -0.0042  -0.0046  -0.0043  -0.0040   0.1258  6.1548e-02 -4.5814e-03  -0.0055   0.0025  -0.0042  2.5720e-02 -4.4324e-03  -0.0045  -0.0042  -0.0057   0.0048   0.0383  -0.0047   0.0116  -0.0039   0.0060   1.0000  -0.0047   0.0294  -0.0040  -0.0055  -0.0012  -0.0015  -0.0044 -4.3878e-03  -0.0050 -4.5842e-03
SIM41L2  0.0403 -5.5099e-03  0.0150 -0.0001  0.1977 -4.8387e-03 -0.0050 -0.0049  2.7598e-03 -4.6382e-03   0.1867  -0.0049  -0.0041   0.0016  -0.0047  -0.0053   0.1185  -0.0047  6.7252e-03  -0.0056   0.0639  -0.0039  -0.0040  -0.0022  2.0582e-02  3.8537e-02   0.1247   0.0006  -0.0040 -2.0604e-03 -2.4972e-03  -0.0044  -0.0036   0.1640   0.0225  -0.0051  -0.0037  -0.0013  -0.0041  -0.0041  -0.0047   1.0000  -0.0022  -0.0033  -0.0053  -0.0041   0.0092  -0.0035 -4.8479e-03   0.0010 -3.8014e-03
SIM42L2  0.0302  2.3433e-03 -0.0042 -0.0012  0.0029 -7.9135e-04 -0.0006 -0.0045 -2.6515e-03 -5.2498e-03  -0.0046  -0.0055  -0.0032   0.0721  -0.0048  -0.0047   0.1376   0.0183 -4.0740e-03  -0.0033  -0.0042   0.0013  -0.0048   0.1163 -5.4753e-03 -4.1022e-03  -0.0042  -0.0041  -0.0052 -4.8114e-03  4.9409e-02   0.0143   0.0033   0.0021   0.0119  -0.0039  -0.0051  -0.0044   0.0094  -0.0042   0.0294  -0.0022   1.0000  -0.0039  -0.0047  -0.0048  -0.0036  -0.0049 -2.4441e-03  -0.0030 -5.3113e-03
SIM43L2  0.0141  6.1259e-02 -0.0034 -0.0039  0.0215  1.8833e-01  0.0038  0.0233 -3.6921e-03 -4.1004e-03   0.0113  -0.0044  -0.0034   0.0025  -0.0028  -0.0033  -0.0019  -0.0037 -4.3058e-03  -0.0046  -0.0014  -0.0033   0.0413  -0.0041 -4.6071e-03 -3.6415e-03   0.0107   0.0050  -0.0041 -1.3889e-03 -4.2630e-03  -0.0035  -0.0007  -0.0044  -0.0039  -0.0040  -0.0040  -0.0032  -0.0013  -0.0031  -0.0040  -0.0033  -0.0039   1.0000  -0.0041  -0.0039   0.0577   0.0149 -4.2632e-03   0.1630 -2.0855e-03
SIM44L2  0.0417  5.0387e-02 -0.0009  0.0009 -0.0057 -5.6411e-03 -0.0045 -0.0053 -5.0433e-03 -4.6279e-03   0.0115  -0.0060   0.0045  -0.0051  -0.0029  -0.0050   0.0142  -0.0051 -6.1527e-03  -0.0061  -0.0049  -0.0025  -0.0047  -0.0057  7.1003e-02 -4.8430e-03   0.0539  -0.0032  -0.0057 -1.9019e-03 -5.8230e-03  -0.0028  -0.0029  -0.0041   0.0948   0.0035  -0.0047  -0.0048  -0.0044  -0.0046  -0.0055  -0.0053  -0.0047  -0.0041   1.0000   0.0274  -0.0048  -0.0056 -5.6425e-03   0.0004 -6.0717e-03
SIM45L2  0.0298 -5.3307e-03 -0.0018  0.0019 -0.0009  7.2395e-03 -0.0050  0.0436 -4.5963e-03  3.4614e-02  -0.0041  -0.0052   0.0471  -0.0049  -0.0049   0.0689  -0.0059  -0.0025 -3.6521e-03  -0.0056  -0.0039   0.0448  -0.0048   0.0220  1.5453e-02 -4.4134e-03  -0.0048  -0.0042  -0.0011 -2.5301e-03  2.5843e-03  -0.0044  -0.0041  -0.0016  -0.0020  -0.0014  -0.0040   0.0158  -0.0041   0.0310  -0.0012  -0.0041  -0.0048  -0.0039   0.0274   1.0000  -0.0044  -0.0051 -4.9461e-03  -0.0001 -7.6096e-04
SIM46L2  0.0363 -5.1284e-03 -0.0037  0.0376 -0.0028 -4.1936e-03 -0.0046 -0.0044 -2.1200e-03 -4.6187e-03  -0.0039  -0.0048  -0.0038  -0.0043  -0.0045  -0.0046  -0.0052  -0.0040 -1.9700e-04   0.0215   0.0552   0.0022  -0.0028   0.1327  1.1017e-02  9.3413e-03  -0.0047  -0.0037  -0.0047 -4.4258e-03 -4.6017e-03  -0.0039  -0.0032  -0.0044  -0.0047   0.0163  -0.0016   0.0016  -0.0034  -0.0038  -0.0015   0.0092  -0.0036   0.0577  -0.0048  -0.0044   1.0000  -0.0045  1.2739e-02  -0.0034 -4.8033e-03
SIM47L2 -0.0121  5.5858e-03 -0.0005 -0.0037 -0.0033 -5.2562e-03  0.0273 -0.0051  1.6068e-02 -5.3694e-03  -0.0045  -0.0003  -0.0045   0.0051   0.1522   0.0027  -0.0061   0.1981 -5.9174e-03  -0.0025   0.0010  -0.0043  -0.0028  -0.0053  6.0862e-03  5.8934e-02  -0.0049  -0.0041  -0.0015  7.5551e-02 -5.5823e-03  -0.0047  -0.0041  -0.0057  -0.0053  -0.0053  -0.0034   0.0288  -0.0043  -0.0041  -0.0044  -0.0035  -0.0049   0.0149  -0.0056  -0.0051  -0.0045   1.0000 -4.9168e-03  -0.0045 -4.9816e-03
SIM48L2  0.0310 -6.9073e-03 -0.0046  0.0937 -0.0056  1.3396e-01 -0.0047 -0.0051 -4.4404e-03  2.9329e-03   0.0879  -0.0054  -0.0047  -0.0036   0.0046  -0.0041  -0.0066   0.0008 -6.2151e-03  -0.0019   0.0029  -0.0005   0.0873   0.0133  1.0143e-03 -3.8634e-05  -0.0059   0.0340  -0.0005 -5.6419e-03 -5.6358e-03  -0.0049  -0.0035   0.0271  -0.0053   0.0085   0.0019  -0.0049  -0.0046   0.0014  -0.0044  -0.0048  -0.0024  -0.0043  -0.0056  -0.0049   0.0127  -0.0049  1.0000e+00  -0.0023 -4.5771e-03
SIM49L2  0.0139  1.3415e-02  0.0113 -0.0047  0.0168  1.3780e-01 -0.0032  0.0133 -4.5664e-03 -4.7255e-03  -0.0046   0.0012   0.0164  -0.0054  -0.0049   0.0014  -0.0008  -0.0040 -5.5332e-03  -0.0045   0.0036  -0.0041  -0.0047  -0.0016 -5.5642e-03  1.4200e-02   0.0074  -0.0040  -0.0051  1.1212e-02 -5.2466e-03   0.0073  -0.0040   0.0140   0.0177   0.0379   0.0072  -0.0039   0.0870   0.0046  -0.0050   0.0010  -0.0030   0.1630   0.0004  -0.0001  -0.0034  -0.0045 -2.2508e-03   1.0000 -5.1927e-03
SIM50L2  0.0209 -6.6991e-03 -0.0046 -0.0053 -0.0056 -4.7433e-03 -0.0054 -0.0052 -4.5051e-03 -5.3630e-03  -0.0050  -0.0041  -0.0041  -0.0057   0.0053   0.0177   0.0320   0.0077  5.1891e-04   0.0123   0.0261  -0.0045   0.0571   0.0059 -2.1970e-05 -4.7930e-03  -0.0057  -0.0045  -0.0057  4.0108e-03 -5.5156e-03  -0.0049  -0.0044  -0.0060  -0.0056  -0.0037  -0.0055  -0.0027   0.0017  -0.0046  -0.0046  -0.0038  -0.0053  -0.0021  -0.0061  -0.0008  -0.0048  -0.0050 -4.5771e-03  -0.0052  1.0000e+00

LD Score Matrix Condition Number
2.4156

Annotation Correlation Matrix
             SIM1        SIM2        SIM3        SIM4        SIM5        SIM6        SIM7        SIM8        SIM9       SIM10       SIM11       SIM12       SIM13       SIM14       SIM15       SIM16       SIM17       SIM18       SIM19       SIM20       SIM21       SIM22       SIM23       SIM24       SIM25       SIM26       SIM27       SIM28       SIM29       SIM30       SIM31       SIM32       SIM33       SIM34       SIM35       SIM36       SIM37       SIM38       SIM39       SIM40       SIM41       SIM42       SIM43       SIM44       SIM45       SIM46       SIM47       SIM48       SIM49       SIM50
SIM1   1.0000e+00 -4.7066e-05 -4.4651e-05 -5.0473e-05 -5.0473e-05 -5.2622e-05 -5.0473e-05 -4.9363e-05 -5.3664e-05 -5.3664e-05 -5.3664e-05 -4.0760e-05 -5.0473e-05 -4.9363e-05 -5.2622e-05 -5.2622e-05 -5.0473e-05 -5.4686e-05 -5.0473e-05 -5.1558e-05 -4.5874e-05 -5.3664e-05 -5.3664e-05 -5.3664e-05 -4.8228e-05 -5.7644e-05 -4.5874e-05 -5.0473e-05 -5.3664e-05 -4.9363e-05 -4.5874e-05 -4.0760e-05 -5.5690e-05 -5.4686e-05 -5.2622e-05 -5.3664e-05 -4.8228e-05 -4.4651e-05 -4.7066e-05 -5.0473e-05 -5.3664e-05 -5.1558e-05 -4.2097e-05  3.8439e-02 -5.1558e-05 -4.4651e-05 -5.0473e-05 -5.1558e-05 -4.9363e-05 -5.1558e-05
SIM2  -4.7066e-05  1.0000e+00 -3.8429e-05 -4.3440e-05 -4.3440e-05 -4.5289e-05 -4.3440e-05 -4.2485e-05 -4.6186e-05 -4.6186e-05 -4.6186e-05 -3.5081e-05 -4.3440e-05 -4.2485e-05 -4.5289e-05 -4.5289e-05 -4.3440e-05 -4.7066e-05 -4.3440e-05 -4.4374e-05  5.1261e-02 -4.6186e-05 -4.6186e-05 -4.6186e-05 -4.1508e-05 -4.9612e-05 -3.9482e-05 -4.3440e-05 -4.6186e-05 -4.2485e-05 -3.9482e-05 -3.5081e-05 -4.7930e-05 -4.7066e-05 -4.5289e-05 -4.6186e-05 -4.1508e-05 -3.8429e-05 -4.0508e-05 -4.3440e-05 -4.6186e-05 -4.4374e-05 -3.6231e-05 -4.5289e-05 -4.4374e-05 -3.8429e-05 -4.3440e-05 -4.4374e-05 -4.2485e-05 -4.4374e-05
SIM3  -4.4651e-05 -3.8429e-05  1.0000e+00 -4.1211e-05 -4.1211e-05 -4.2965e-05  4.9108e-02 -4.0305e-05 -4.3816e-05 -4.3816e-05 -4.3816e-05 -3.3280e-05 -4.1211e-05 -4.0305e-05 -4.2965e-05 -4.2965e-05 -4.1211e-05 -4.4651e-05 -4.1211e-05 -4.2097e-05 -3.7456e-05 -4.3816e-05 -4.3816e-05 -4.3816e-05 -3.9378e-05 -4.7066e-05 -3.7456e-05 -4.1211e-05 -4.3816e-05 -4.0305e-05 -3.7456e-05 -3.3280e-05 -4.5470e-05 -4.4651e-05 -4.2965e-05 -4.3816e-05 -3.9378e-05 -3.6457e-05 -3.8429e-05 -4.1211e-05 -4.3816e-05 -4.2097e-05 -3.4372e-05 -4.2965e-05 -4.2097e-05 -3.6457e-05 -4.1211e-05 -4.2097e-05 -4.0305e-05 -4.2097e-05
SIM4  -5.0473e-05 -4.3440e-05 -4.1211e-05  1.0000e+00 -4.6584e-05 -4.8567e-05 -4.6584e-05 -4.5560e-05 -4.9529e-05 -4.9529e-05 -4.9529e-05 -3.7620e-05 -4.6584e-05 -4.5560e-05 -4.8567e-05 -4.8567e-05 -4.6584e-05 -5.0473e-05 -4.6584e-05 -4.7586e-05 -4.2340e-05 -4.9529e-05 -4.9529e-05 -4.9529e-05 -4.4513e-05 -5.3203e-05 -4.2340e-05 -4.6584e-05 -4.9529e-05 -4.5560e-05 -4.2340e-05 -3.7620e-05 -5.1399e-05 -5.0473e-05 -4.8567e-05 -4.9529e-05 -4.4513e-05 -4.1211e-05 -4.3440e-05 -4.6584e-05  4.0846e-02 -4.7586e-05 -3.8854e-05 -4.8567e-05 -4.7586e-05 -4.1211e-05 -4.6584e-05 -4.7586e-05 -4.5560e-05 -4.7586e-05
SIM5  -5.0473e-05 -4.3440e-05 -4.1211e-05 -4.6584e-05  1.0000e+00 -4.8567e-05 -4.6584e-05 -4.5560e-05 -4.9529e-05 -4.9529e-05 -4.9529e-05 -3.7620e-05 -4.6584e-05 -4.5560e-05 -4.8567e-05 -4.8567e-05 -4.6584e-05 -5.0473e-05 -4.6584e-05 -4.7586e-05 -4.2340e-05 -4.9529e-05 -4.9529e-05 -4.9529e-05 -4.4513e-05 -5.3203e-05 -4.2340e-05 -4.6584e-05 -4.9529e-05 -4.5560e-05 -4.2340e-05 -3.7620e-05 -5.1399e-05 -5.0473e-05 -4.8567e-05 -4.9529e-05 -4.4513e-05 -4.1211e-05 -4.3440e-05 -4.6584e-05 -4.9529e-05 -4.7586e-05 -3.8854e-05 -4.8567e-05 -4.7586e-05 -4.1211e-05 -4.6584e-05 -4.7586e-05 -4.5560e-05 -4.7586e-05
SIM6  -5.2622e-05 -4.5289e-05 -4.2965e-05 -4.8567e-05 -4.8567e-05  1.0000e+00 -4.8567e-05 -4.7500e-05 -5.1638e-05 -5.1638e-05 -5.1638e-05 -3.9221e-05 -4.8567e-05 -4.7500e-05 -5.0635e-05 -5.0635e-05 -4.8567e-05 -5.2622e-05 -4.8567e-05 -4.9612e-05 -4.4142e-05 -5.1638e-05 -5.1638e-05 -5.1638e-05 -4.6408e-05 -5.5468e-05 -4.4142e-05 -4.8567e-05 -5.1638e-05 -4.7500e-05 -4.4142e-05 -3.9221e-05 -5.3587e-05 -5.2622e-05 -5.0635e-05 -5.1638e-05 -4.6408e-05 -4.2965e-05 -4.5289e-05 -4.8567e-05 -5.1638e-05 -4.9612e-05 -4.0508e-05 -5.0635e-05 -4.9612e-05 -4.2965e-05 -4.8567e-05 -4.9612e-05 -4.7500e-05 -4.9612e-05
SIM7  -5.0473e-05 -4.3440e-05  4.9108e-02 -4.6584e-05 -4.6584e-05 -4.8567e-05  1.0000e+00 -4.5560e-05 -4.9529e-05 -4.9529e-05  4.0846e-02 -3.7620e-05 -4.6584e-05 -4.5560e-05 -4.8567e-05 -4.8567e-05 -4.6584e-05 -5.0473e-05 -4.6584e-05 -4.7586e-05 -4.2340e-05 -4.9529e-05 -4.9529e-05 -4.9529e-05 -4.4513e-05 -5.3203e-05 -4.2340e-05 -4.6584e-05 -4.9529e-05 -4.5560e-05 -4.2340e-05 -3.7620e-05 -5.1399e-05 -5.0473e-05 -4.8567e-05 -4.9529e-05 -4.4513e-05 -4.1211e-05 -4.3440e-05 -4.6584e-05 -4.9529e-05 -4.7586e-05 -3.8854e-05 -4.8567e-05 -4.7586e-05 -4.1211e-05 -4.6584e-05 -4.7586e-05 -4.5560e-05 -4.7586e-05
SIM8  -4.9363e-05 -4.2485e-05 -4.0305e-05 -4.5560e-05 -4.5560e-05 -4.7500e-05 -4.5560e-05  1.0000e+00  4.1766e-02 -4.8441e-05 -4.8441e-05 -3.6793e-05 -4.5560e-05 -4.4559e-05 -4.7500e-05 -4.7500e-05 -4.5560e-05 -4.9363e-05 -4.5560e-05 -4.6540e-05 -4.1409e-05 -4.8441e-05 -4.8441e-05 -4.8441e-05 -4.3534e-05 -5.2034e-05 -4.1409e-05 -4.5560e-05 -4.8441e-05 -4.4559e-05 -4.1409e-05 -3.6793e-05 -5.0269e-05 -4.9363e-05 -4.7500e-05 -4.8441e-05 -4.3534e-05 -4.0305e-05 -4.2485e-05 -4.5560e-05 -4.8441e-05 -4.6540e-05 -3.8000e-05 -4.7500e-05 -4.6540e-05 -4.0305e-05 -4.5560e-05 -4.6540e-05 -4.4559e-05 -4.6540e-05
SIM9  -5.3664e-05 -4.6186e-05 -4.3816e-05 -4.9529e-05 -4.9529e-05 -5.1638e-05 -4.9529e-05  4.1766e-02  1.0000e+00 -5.2661e-05 -5.2661e-05 -3.9998e-05 -4.9529e-05 -4.8441e-05 -5.1638e-05 -5.1638e-05 -4.9529e-05 -5.3664e-05 -4.9529e-05 -5.0595e-05 -4.5017e-05 -5.2661e-05 -5.2661e-05 -5.2661e-05 -4.7327e-05 -5.6567e-05 -4.5017e-05 -4.9529e-05 -5.2661e-05 -4.8441e-05 -4.5017e-05 -3.9998e-05 -5.4649e-05 -5.3664e-05 -5.1638e-05 -5.2661e-05 -4.7327e-05 -4.3816e-05 -4.6186e-05 -4.9529e-05 -5.2661e-05 -5.0595e-05 -4.1310e-05 -5.1638e-05 -5.0595e-05 -4.3816e-05 -4.9529e-05 -5.0595e-05 -4.8441e-05 -5.0595e-05
SIM10 -5.3664e-05 -4.6186e-05 -4.3816e-05 -4.9529e-05 -4.9529e-05 -5.1638e-05 -4.9529e-05 -4.8441e-05 -5.2661e-05  1.0000e+00 -5.2661e-05 -3.9998e-05 -4.9529e-05 -4.8441e-05 -5.1638e-05 -5.1638e-05 -4.9529e-05 -5.3664e-05 -4.9529e-05 -5.0595e-05 -4.5017e-05 -5.2661e-05 -5.2661e-05 -5.2661e-05 -4.7327e-05 -5.6567e-05 -4.5017e-05 -4.9529e-05 -5.2661e-05 -4.8441e-05 -4.5017e-05 -3.9998e-05 -5.4649e-05 -5.3664e-05 -5.1638e-05 -5.2661e-05 -4.7327e-05 -4.3816e-05 -4.6186e-05 -4.9529e-05 -5.2661e-05 -5.0595e-05 -4.1310e-05 -5.1638e-05 -5.0595e-05 -4.3816e-05 -4.9529e-05 -5.0595e-05 -4.8441e-05 -5.0595e-05
SIM11 -5.3664e-05 -4.6186e-05 -4.3816e-05 -4.9529e-05 -4.9529e-05 -5.1638e-05  4.0846e-02 -4.8441e-05 -5.2661e-05 -5.2661e-05  1.0000e+00 -3.9998e-05 -4.9529e-05 -4.8441e-05 -5.1638e-05 -5.1638e-05 -4.9529e-05 -5.3664e-05 -4.9529e-05 -5.0595e-05 -4.5017e-05 -5.2661e-05 -5.2661e-05 -5.2661e-05 -4.7327e-05 -5.6567e-05 -4.5017e-05 -4.9529e-05 -5.2661e-05 -4.8441e-05 -4.5017e-05 -3.9998e-05  3.7010e-02  3.7691e-02 -5.1638e-05 -5.2661e-05 -4.7327e-05 -4.3816e-05 -4.6186e-05 -4.9529e-05 -5.2661e-05 -5.0595e-05 -4.1310e-05 -5.1638e-05 -5.0595e-05 -4.3816e-05 -4.9529e-05 -5.0595e-05 -4.8441e-05 -5.0595e-05
SIM12 -4.0760e-05 -3.5081e-05 -3.3280e-05 -3.7620e-05 -3.7620e-05 -3.9221e-05 -3.7620e-05 -3.6793e-05 -3.9998e-05 -3.9998e-05 -3.9998e-05  1.0000e+00 -3.7620e-05 -3.6793e-05 -3.9221e-05 -3.9221e-05 -3.7620e-05 -4.0760e-05 -3.7620e-05 -3.8429e-05 -3.4192e-05 -3.9998e-05 -3.9998e-05 -3.9998e-05 -3.5947e-05 -4.2965e-05 -3.4192e-05 -3.7620e-05 -3.9998e-05 -3.6793e-05 -3.4192e-05 -3.0380e-05 -4.1508e-05 -4.0760e-05 -3.9221e-05 -3.9998e-05 -3.5947e-05 -3.3280e-05 -3.5081e-05 -3.7620e-05 -3.9998e-05 -3.8429e-05 -3.1377e-05 -3.9221e-05 -3.8429e-05 -3.3280e-05 -3.7620e-05 -3.8429e-05 -3.6793e-05 -3.8429e-05
SIM13 -5.0473e-05 -4.3440e-05 -4.1211e-05 -4.6584e-05 -4.6584e-05 -4.8567e-05 -4.6584e-05 -4.5560e-05 -4.9529e-05 -4.9529e-05 -4.9529e-05 -3.7620e-05  1.0000e+00 -4.5560e-05 -4.8567e-05 -4.8567e-05 -4.6584e-05 -5.0473e-05 -4.6584e-05 -4.7586e-05 -4.2340e-05 -4.9529e-05 -4.9529e-05 -4.9529e-05 -4.4513e-05 -5.3203e-05 -4.2340e-05 -4.6584e-05 -4.9529e-05 -4.5560e-05 -4.2340e-05 -3.7620e-05 -5.1399e-05 -5.0473e-05 -4.8567e-05 -4.9529e-05 -4.4513e-05 -4.1211e-05 -4.3440e-05 -4.6584e-05 -4.9529e-05 -4.7586e-05 -3.8854e-05 -4.8567e-05 -4.7586e-05 -4.1211e-05 -4.6584e-05 -4.7586e-05 -4.5560e-05 -4.7586e-05
