*********************************************************************
* LD Score Regression (LDSC)
* Version 1.0.1
* (C) 2014-2019 Brendan Bulik-Sullivan and Hilary Finucane
* Broad Institute of MIT and Harvard / MIT Department of Mathematics
* GNU General Public License v3
*********************************************************************
Call: 
./ldsc.py \
--out /data/sbcs/GuoLab/backup/liq17/CRC_TF_TWAS_zhishan2024/NC_revision_OceanCode/v2_NC_revision//84Tracks//ldscores_sim500//13 \
--bfile /data/sbcs/GuoLab/backup/liq17/ref/Alkesgroup/1000G_EUR_Phase3_plink_hg38/1000G.EUR.QC.13 \
--annot /data/sbcs/GuoLab/backup/liq17/CRC_TF_TWAS_zhishan2024/NC_revision_OceanCode/v2_NC_revision//84Tracks//annots_sim500//13.annot.txt \
--l2  \
--ld-wind-kb 100.0 

Beginning analysis at Sun Oct 26 23:35:45 2025
Read list of 366088 SNPs from /data/sbcs/GuoLab/backup/liq17/ref/Alkesgroup/1000G_EUR_Phase3_plink_hg38/1000G.EUR.QC.13.bim
Read 50 annotations for 366088 SNPs from /data/sbcs/GuoLab/backup/liq17/CRC_TF_TWAS_zhishan2024/NC_revision_OceanCode/v2_NC_revision//84Tracks//annots_sim500//13.annot.txt
Read list of 489 individuals from /data/sbcs/GuoLab/backup/liq17/ref/Alkesgroup/1000G_EUR_Phase3_plink_hg38/1000G.EUR.QC.13.fam
Reading genotypes from /data/sbcs/GuoLab/backup/liq17/ref/Alkesgroup/1000G_EUR_Phase3_plink_hg38/1000G.EUR.QC.13.bed
Estimating LD Score.
Writing LD Scores for 366088 SNPs to /data/sbcs/GuoLab/backup/liq17/CRC_TF_TWAS_zhishan2024/NC_revision_OceanCode/v2_NC_revision//84Tracks//ldscores_sim500//13.l2.ldscore.gz

Summary of LD Scores in /data/sbcs/GuoLab/backup/liq17/CRC_TF_TWAS_zhishan2024/NC_revision_OceanCode/v2_NC_revision//84Tracks//ldscores_sim500//13.l2.ldscore.gz
         MAF  SIM1L2  SIM2L2  SIM3L2  SIM4L2  SIM5L2  SIM6L2  SIM7L2  SIM8L2  SIM9L2  SIM10L2  SIM11L2  SIM12L2  SIM13L2  SIM14L2  SIM15L2  SIM16L2  SIM17L2  SIM18L2  SIM19L2  SIM20L2  SIM21L2  SIM22L2  SIM23L2  SIM24L2  SIM25L2  SIM26L2  SIM27L2  SIM28L2  SIM29L2  SIM30L2  SIM31L2  SIM32L2  SIM33L2  SIM34L2  SIM35L2  SIM36L2  SIM37L2  SIM38L2  SIM39L2  SIM40L2  SIM41L2  SIM42L2  SIM43L2  SIM44L2  SIM45L2  SIM46L2  SIM47L2  SIM48L2  SIM49L2  SIM50L2
mean  0.1493  0.0030  0.0016  0.0022  0.0034  0.0029  0.0012  0.0022  0.0025  0.0025   0.0034   0.0028   0.0011   0.0042   0.0033   0.0023   0.0021   0.0022   0.0030   0.0029   0.0032   0.0030   0.0043   0.0032   0.0015   0.0013   0.0040   0.0010   0.0024   0.0030   0.0020   0.0010   0.0023   0.0028   0.0025   0.0031   0.0020   0.0024   0.0012   0.0025   0.0023   0.0029   0.0022   0.0037   0.0044   0.0043   0.0014   0.0026   0.0017   0.0022   0.0021
std   0.1496  0.0400  0.0289  0.0332  0.0455  0.0423  0.0256  0.0361  0.0395  0.0363   0.0446   0.0345   0.0243   0.0519   0.0441   0.0358   0.0342   0.0359   0.0423   0.0430   0.0432   0.0408   0.0496   0.0414   0.0299   0.0248   0.0519   0.0220   0.0333   0.0410   0.0346   0.0223   0.0353   0.0401   0.0351   0.0436   0.0319   0.0367   0.0268   0.0346   0.0373   0.0407   0.0329   0.0472   0.0509   0.0520   0.0284   0.0350   0.0301   0.0348   0.0326
min   0.0051 -0.0021 -0.0021 -0.0021 -0.0021 -0.0041 -0.0021 -0.0021 -0.0040 -0.0021  -0.0021  -0.0041  -0.0039  -0.0021  -0.0021  -0.0039  -0.0021  -0.0021  -0.0041  -0.0021  -0.0028  -0.0041  -0.0041  -0.0021  -0.0021  -0.0021  -0.0031  -0.0021  -0.0021  -0.0041  -0.0039  -0.0021  -0.0041  -0.0037  -0.0035  -0.0021  -0.0021  -0.0040  -0.0021  -0.0039  -0.0021  -0.0021  -0.0021  -0.0040  -0.0021  -0.0041  -0.0041  -0.0021  -0.0021  -0.0040  -0.0021
25%   0.0194  0.0000  0.0000  0.0000  0.0000  0.0000  0.0000  0.0000  0.0000  0.0000   0.0000   0.0000   0.0000   0.0000   0.0000   0.0000   0.0000   0.0000   0.0000   0.0000   0.0000   0.0000   0.0000   0.0000   0.0000   0.0000   0.0000   0.0000   0.0000   0.0000   0.0000   0.0000   0.0000   0.0000   0.0000   0.0000   0.0000   0.0000   0.0000   0.0000   0.0000   0.0000   0.0000   0.0000   0.0000   0.0000   0.0000   0.0000   0.0000   0.0000   0.0000
50%   0.0879  0.0000  0.0000  0.0000  0.0000  0.0000  0.0000  0.0000  0.0000  0.0000   0.0000   0.0000   0.0000   0.0000   0.0000   0.0000   0.0000   0.0000   0.0000   0.0000   0.0000   0.0000   0.0000   0.0000   0.0000   0.0000   0.0000   0.0000   0.0000   0.0000   0.0000   0.0000   0.0000   0.0000   0.0000   0.0000   0.0000   0.0000   0.0000   0.0000   0.0000   0.0000   0.0000   0.0000   0.0000   0.0000   0.0000   0.0000   0.0000   0.0000   0.0000
75%   0.2566  0.0000  0.0000  0.0000  0.0000  0.0000  0.0000  0.0000  0.0000  0.0000   0.0000   0.0000   0.0000   0.0000   0.0000   0.0000   0.0000   0.0000   0.0000   0.0000   0.0000   0.0000   0.0000   0.0000   0.0000   0.0000   0.0000   0.0000   0.0000   0.0000   0.0000   0.0000   0.0000   0.0000   0.0000   0.0000   0.0000   0.0000   0.0000   0.0000   0.0000   0.0000   0.0000   0.0000   0.0000   0.0000   0.0000   0.0000   0.0000   0.0000   0.0000
max   0.5000  1.0000  1.0000  1.0000  1.0000  1.0252  1.0000  1.0000  1.0521  1.0000   1.0000   1.0000   1.0000   1.0000   1.0000   1.0000   1.0000   1.0000   1.0000   1.0000   1.0000   1.0059   1.0180   1.0000   1.0000   1.0000   1.0020   1.0000   1.0000   1.0042   1.2224   1.0000   1.0743   1.0091   1.0000   1.0000   1.0000   1.0323   1.0000   1.0010   1.0000   1.0000   1.0000   1.0000   1.0000   1.0000   1.0019   1.0000   1.0000   1.0012   1.0000

MAF/LD Score Correlation Matrix
            MAF  SIM1L2  SIM2L2  SIM3L2  SIM4L2  SIM5L2  SIM6L2  SIM7L2      SIM8L2      SIM9L2  SIM10L2  SIM11L2  SIM12L2  SIM13L2  SIM14L2  SIM15L2  SIM16L2  SIM17L2  SIM18L2  SIM19L2  SIM20L2  SIM21L2  SIM22L2  SIM23L2  SIM24L2  SIM25L2  SIM26L2  SIM27L2  SIM28L2  SIM29L2     SIM30L2     SIM31L2  SIM32L2     SIM33L2  SIM34L2  SIM35L2  SIM36L2  SIM37L2  SIM38L2  SIM39L2     SIM40L2  SIM41L2     SIM42L2  SIM43L2  SIM44L2  SIM45L2  SIM46L2  SIM47L2  SIM48L2  SIM49L2  SIM50L2
MAF      1.0000  0.0336  0.0224  0.0203 -0.0035  0.0118  0.0249  0.0302  4.6108e-02  2.2559e-02   0.0190   0.0520   0.0240   0.0442   0.0254   0.0062   0.0513   0.0088   0.0275   0.0415   0.0255  -0.0093   0.0180   0.0358  -0.0043   0.0271   0.0568   0.0221   0.0571   0.0425  3.0489e-02  1.7045e-02   0.0191  5.1936e-02   0.0477   0.0644  -0.0010   0.0285   0.0450   0.0428  1.9809e-02   0.0452  4.7657e-02   0.0332   0.0740   0.0418   0.0162   0.0486   0.0101   0.0213   0.0139
SIM1L2   0.0336  1.0000  0.1409 -0.0013 -0.0055  0.0002 -0.0036 -0.0045 -4.4774e-03 -3.8126e-03  -0.0051  -0.0017  -0.0028  -0.0061  -0.0056  -0.0047  -0.0046   0.0116   0.0664  -0.0050  -0.0055  -0.0056   0.0346  -0.0045  -0.0038  -0.0041  -0.0046  -0.0035  -0.0054  -0.0050 -4.2531e-03 -2.3761e-03   0.0390  7.4131e-03   0.0299  -0.0053  -0.0047  -0.0050  -0.0033  -0.0025 -4.3671e-03  -0.0035  3.1234e-02  -0.0058  -0.0065  -0.0038  -0.0038  -0.0039   0.0062  -0.0048  -0.0043
SIM2L2   0.0224  0.1409  1.0000 -0.0036  0.0075  0.0044 -0.0026  0.0004 -3.4231e-03 -3.5458e-03  -0.0039   0.0619  -0.0022  -0.0043  -0.0042  -0.0036  -0.0033  -0.0026   0.0950  -0.0036  -0.0040  -0.0027   0.0773  -0.0029  -0.0027   0.0052   0.0014   0.0117  -0.0039  -0.0038 -1.9521e-03 -2.4475e-03   0.0712 -3.7954e-03  -0.0035   0.1684  -0.0033  -0.0035  -0.0023  -0.0038 -3.2673e-03   0.0037  1.1649e-03   0.0460  -0.0046  -0.0044   0.0163  -0.0012  -0.0031  -0.0039   0.0106
SIM3L2   0.0203 -0.0013 -0.0036  1.0000 -0.0049 -0.0047 -0.0020  0.0136 -4.0975e-03  3.1079e-02  -0.0050  -0.0054  -0.0029  -0.0051  -0.0034  -0.0011   0.0405  -0.0040  -0.0046  -0.0044   0.0029  -0.0049  -0.0041  -0.0040   0.0135  -0.0034   0.0016  -0.0031   0.0364  -0.0018 -3.7045e-03 -3.0216e-03  -0.0032 -4.6501e-03  -0.0037  -0.0016  -0.0035  -0.0044  -0.0029  -0.0048 -2.7948e-03  -0.0048  2.7720e-02  -0.0037  -0.0057  -0.0053  -0.0002  -0.0048  -0.0026  -0.0042  -0.0043
SIM4L2  -0.0035 -0.0055  0.0075 -0.0049  1.0000 -0.0044 -0.0036 -0.0042 -4.5862e-03 -5.1323e-03   0.0683   0.0066  -0.0031  -0.0056   0.0385  -0.0047  -0.0046  -0.0023  -0.0052  -0.0050  -0.0052   0.0057  -0.0026   0.0607  -0.0037  -0.0035  -0.0058   0.0928  -0.0054  -0.0010  9.8747e-04 -3.3989e-03   0.0033 -2.8089e-03   0.0133  -0.0018   0.0033  -0.0049  -0.0033  -0.0054 -4.5373e-03  -0.0037  6.9986e-02   0.0003  -0.0065  -0.0060   0.0389   0.0384   0.0027  -0.0048  -0.0039
SIM5L2   0.0118  0.0002  0.0044 -0.0047 -0.0044  1.0000 -0.0033 -0.0024 -4.3045e-03 -2.9639e-03   0.0152   0.0286  -0.0030  -0.0051  -0.0021  -0.0024  -0.0042  -0.0041   0.0112  -0.0043  -0.0013  -0.0048   0.1196  -0.0052  -0.0033  -0.0005  -0.0053  -0.0035  -0.0049  -0.0049  1.7195e-03 -2.8552e-03   0.0057  7.2698e-04  -0.0003  -0.0028  -0.0042   0.0097  -0.0032  -0.0004 -4.1429e-03  -0.0022 -3.5249e-03  -0.0045  -0.0059  -0.0050  -0.0034   0.0833   0.0338  -0.0044  -0.0045
SIM6L2   0.0249 -0.0036 -0.0026 -0.0020 -0.0036 -0.0033  1.0000 -0.0028 -3.0331e-03  8.7291e-03  -0.0036  -0.0039  -0.0021   0.0013   0.0285  -0.0030  -0.0029  -0.0028   0.0246  -0.0032  -0.0033  -0.0036  -0.0041  -0.0037  -0.0023  -0.0026  -0.0037  -0.0022  -0.0034  -0.0035 -2.6906e-03 -2.1670e-03  -0.0030 -3.3604e-03  -0.0034  -0.0034  -0.0030  -0.0032  -0.0021  -0.0034 -2.8791e-03  -0.0034 -3.2242e-03  -0.0036  -0.0041  -0.0040  -0.0024  -0.0035   0.0277  -0.0030  -0.0031
SIM7L2   0.0302 -0.0045  0.0004  0.0136 -0.0042 -0.0024 -0.0028  1.0000 -3.8295e-03  2.8936e-03  -0.0022   0.0632  -0.0026  -0.0048  -0.0048   0.0129  -0.0037  -0.0036  -0.0010  -0.0040   0.1187  -0.0045   0.0039   0.0032  -0.0010   0.0052  -0.0047  -0.0028  -0.0043  -0.0044 -3.3970e-03 -2.7342e-03  -0.0038 -1.4859e-03  -0.0043  -0.0038   0.0212  -0.0033  -0.0026  -0.0045 -3.6523e-03   0.0003 -4.0708e-03  -0.0047  -0.0052   0.0053  -0.0030  -0.0045  -0.0029  -0.0038  -0.0023
SIM8L2   0.0461 -0.0045 -0.0034 -0.0041 -0.0046 -0.0043 -0.0030 -0.0038  1.0000e+00 -4.3709e-03  -0.0047  -0.0024  -0.0028  -0.0050  -0.0047  -0.0040   0.1777  -0.0026  -0.0045  -0.0043   0.0020   0.0027  -0.0055  -0.0007  -0.0032   0.0076   0.0024  -0.0029  -0.0046  -0.0046 -9.8781e-05  6.9130e-05   0.0484 -4.4853e-03  -0.0044  -0.0028  -0.0040  -0.0034  -0.0028  -0.0046 -3.5753e-03  -0.0046 -3.5683e-03  -0.0049  -0.0055  -0.0053  -0.0031   0.0018  -0.0012  -0.0039   0.1193
SIM9L2   0.0226 -0.0038 -0.0035  0.0311 -0.0051 -0.0030  0.0087  0.0029 -4.3709e-03  1.0000e+00  -0.0038  -0.0041   0.0630  -0.0055  -0.0036  -0.0013  -0.0014  -0.0026   0.0016   0.0023  -0.0051   0.0030  -0.0060  -0.0053  -0.0034  -0.0037  -0.0052  -0.0032   0.0850   0.0075 -3.8743e-03  1.8909e-02  -0.0046 -4.8176e-03  -0.0049  -0.0037  -0.0043  -0.0031  -0.0033  -0.0050 -3.5538e-03  -0.0050 -2.8015e-05  -0.0052  -0.0059  -0.0044  -0.0025  -0.0046  -0.0022  -0.0039  -0.0046
SIM10L2  0.0190 -0.0051 -0.0039 -0.0050  0.0683  0.0152 -0.0036 -0.0022 -4.6753e-03 -3.7507e-03   1.0000  -0.0062  -0.0032  -0.0061  -0.0056   0.0109  -0.0046  -0.0046  -0.0047  -0.0051  -0.0056  -0.0056   0.0020   0.0922  -0.0038  -0.0020  -0.0050   0.0012   0.0956  -0.0053 -3.8705e-03 -3.4627e-03  -0.0043  4.6435e-02  -0.0055  -0.0036  -0.0043  -0.0015  -0.0033  -0.0055 -3.7367e-03   0.0843  1.4559e-04  -0.0041  -0.0065   0.0185  -0.0037   0.0178   0.0103  -0.0048  -0.0050
SIM11L2  0.0520 -0.0017  0.0619 -0.0054  0.0066  0.0286 -0.0039  0.0632 -2.4410e-03 -4.1011e-03  -0.0062   1.0000  -0.0032   0.0012  -0.0038  -0.0052  -0.0050   0.0024  -0.0057  -0.0045  -0.0059   0.0160  -0.0058  -0.0063  -0.0037   0.0094  -0.0064   0.0066  -0.0059  -0.0029 -4.6147e-03  7.3421e-04  -0.0019 -5.7613e-03  -0.0032  -0.0049   0.0004  -0.0054  -0.0035   0.1096 -4.7796e-03   0.0019 -5.5293e-03  -0.0061   0.0394   0.1132  -0.0025  -0.0050   0.1204  -0.0052  -0.0054
SIM12L2  0.0240 -0.0028 -0.0022 -0.0029 -0.0031 -0.0030 -0.0021 -0.0026 -2.7810e-03  6.2967e-02  -0.0032  -0.0032   1.0000   0.0899   0.0037   0.0060   0.0030  -0.0027  -0.0031   0.0010  -0.0033  -0.0033  -0.0033  -0.0034  -0.0022  -0.0024  -0.0025  -0.0020  -0.0001  -0.0031  3.2577e-03 -1.9871e-03  -0.0026  1.2026e-01  -0.0030  -0.0030  -0.0025  -0.0029  -0.0019  -0.0032 -1.6710e-03  -0.0029 -2.6969e-03   0.0011  -0.0038  -0.0035  -0.0011  -0.0030  -0.0025  -0.0028  -0.0029
SIM13L2  0.0442 -0.0061 -0.0043 -0.0051 -0.0056 -0.0051  0.0013 -0.0048 -4.9681e-03 -5.5235e-03  -0.0061   0.0012   0.0899   1.0000  -0.0034  -0.0050   0.0142  -0.0049  -0.0056  -0.0054   0.0787  -0.0058  -0.0069  -0.0063  -0.0040  -0.0044  -0.0063  -0.0037  -0.0053  -0.0055  4.5314e-04  1.3634e-01  -0.0036  3.0581e-01   0.0079   0.0009  -0.0050  -0.0045  -0.0035  -0.0057 -1.8158e-03  -0.0058 -5.4426e-03  -0.0050  -0.0067  -0.0059  -0.0040  -0.0060  -0.0038  -0.0038  -0.0046
SIM14L2  0.0254 -0.0056 -0.0042 -0.0034  0.0385 -0.0021  0.0285 -0.0048 -4.6810e-03 -3.6144e-03  -0.0056  -0.0038   0.0037  -0.0034   1.0000   0.0706  -0.0043   0.0024  -0.0052   0.0136  -0.0056  -0.0052  -0.0064  -0.0057  -0.0037  -0.0030   0.0850  -0.0034  -0.0053   0.0576  1.4788e-03 -2.5503e-03  -0.0047 -4.9603e-03   0.0680  -0.0050  -0.0044  -0.0036  -0.0032   0.0010  4.5127e-02  -0.0053  2.2921e-03   0.0127  -0.0037  -0.0062  -0.0037   0.0004   0.0002  -0.0032  -0.0039
SIM15L2  0.0062 -0.0047 -0.0036 -0.0011 -0.0047 -0.0024 -0.0030  0.0129 -4.0039e-03 -1.2712e-03   0.0109  -0.0052   0.0060  -0.0050   0.0706   1.0000  -0.0038  -0.0038  -0.0045   0.0063  -0.0025  -0.0047  -0.0050  -0.0048  -0.0031  -0.0034  -0.0049  -0.0025  -0.0038  -0.0035  5.1522e-04 -2.8340e-03  -0.0039 -4.4047e-03  -0.0045  -0.0044   0.0020   0.0122  -0.0026  -0.0045 -3.8183e-03   0.0347 -4.2485e-03  -0.0044   0.0037  -0.0053  -0.0031  -0.0031  -0.0015   0.0802  -0.0041
SIM16L2  0.0513 -0.0046 -0.0033  0.0405 -0.0046 -0.0042 -0.0029 -0.0037  1.7773e-01 -1.4437e-03  -0.0046  -0.0050   0.0030   0.0142  -0.0043  -0.0038   1.0000  -0.0034  -0.0029  -0.0041  -0.0017  -0.0045  -0.0030  -0.0034  -0.0030  -0.0033   0.0132  -0.0028  -0.0004  -0.0045  7.4625e-03 -5.7299e-04  -0.0039 -4.3127e-03  -0.0014  -0.0044  -0.0027  -0.0018  -0.0027   0.0107 -3.7126e-03  -0.0044 -4.1379e-03  -0.0047   0.0048  -0.0051  -0.0026  -0.0045  -0.0035  -0.0009   0.2145
SIM17L2  0.0088  0.0116 -0.0026 -0.0040 -0.0023 -0.0041 -0.0028 -0.0036 -2.5585e-03 -2.5526e-03  -0.0046   0.0024  -0.0027  -0.0049   0.0024  -0.0038  -0.0034   1.0000   0.0398   0.0430  -0.0047  -0.0045  -0.0051  -0.0039  -0.0030  -0.0031  -0.0047   0.0005  -0.0044  -0.0044 -3.4242e-03 -2.2852e-03   0.0005 -4.2767e-03   0.0387  -0.0016  -0.0038  -0.0040  -0.0026  -0.0043 -3.6816e-03  -0.0044 -3.0290e-03  -0.0047  -0.0049  -0.0037   0.0026   0.1772   0.0100   0.1894  -0.0037
SIM18L2  0.0275  0.0664  0.0950 -0.0046 -0.0052  0.0112  0.0246 -0.0010 -4.4633e-03  1.5587e-03  -0.0047  -0.0057  -0.0031  -0.0056  -0.0052  -0.0045  -0.0029   0.0398   1.0000  -0.0047  -0.0052  -0.0052   0.0597  -0.0055  -0.0015  -0.0038   0.2238  -0.0033  -0.0050  -0.0051 -3.9604e-03 -3.1897e-03   0.0836 -4.9463e-03  -0.0050  -0.0049  -0.0023  -0.0046  -0.0030  -0.0050 -4.2580e-03   0.0018  8.0888e-03  -0.0054  -0.0002  -0.0059  -0.0030   0.0154  -0.0039   0.0393   0.0020
SIM19L2  0.0415 -0.0050 -0.0036 -0.0044 -0.0050 -0.0043 -0.0032 -0.0040 -4.3471e-03  2.2638e-03  -0.0051  -0.0045   0.0010  -0.0054   0.0136   0.0063  -0.0041   0.0430  -0.0047   1.0000  -0.0049   0.0172  -0.0058  -0.0052  -0.0003  -0.0035   0.0003  -0.0031  -0.0048   0.0052  6.2262e-04 -3.0583e-03  -0.0012 -4.6966e-03   0.0129  -0.0016  -0.0042  -0.0044  -0.0029   0.0199  6.7618e-03  -0.0047 -4.0245e-03  -0.0050   0.0134  -0.0038   0.0243   0.0085   0.0187   0.0768  -0.0034
SIM20L2  0.0255 -0.0055 -0.0040  0.0029 -0.0052 -0.0013 -0.0033  0.1187  1.9991e-03 -5.1170e-03  -0.0056  -0.0059  -0.0033   0.0787  -0.0056  -0.0025  -0.0017  -0.0047  -0.0052  -0.0049   1.0000   0.0128  -0.0065  -0.0058  -0.0037  -0.0040  -0.0058  -0.0035  -0.0053  -0.0054  1.1352e-03 -3.4729e-03  -0.0043 -5.2501e-03  -0.0027   0.0056   0.0955   0.0250  -0.0032  -0.0054  2.8329e-03   0.0008 -3.6733e-03  -0.0058  -0.0023   0.0009  -0.0020   0.0009   0.0170  -0.0021  -0.0044
SIM21L2 -0.0093 -0.0056 -0.0027 -0.0049  0.0057 -0.0048 -0.0036 -0.0045  2.7175e-03  2.9527e-03  -0.0056   0.0160  -0.0033  -0.0058  -0.0052  -0.0047  -0.0045  -0.0045  -0.0052   0.0172   0.0128   1.0000   0.0137   0.0344   0.0263  -0.0039  -0.0058   0.0011   0.0094   0.0020  6.1999e-02  3.3908e-02  -0.0048 -5.3012e-03   0.0418  -0.0050  -0.0042  -0.0047  -0.0025  -0.0040  1.5603e-02  -0.0054 -4.9530e-03  -0.0057  -0.0059  -0.0051  -0.0030   0.0581  -0.0037  -0.0047   0.0227
SIM22L2  0.0180  0.0346  0.0773 -0.0041 -0.0026  0.1196 -0.0041  0.0039 -5.5145e-03 -5.9708e-03   0.0020  -0.0058  -0.0033  -0.0069  -0.0064  -0.0050  -0.0030  -0.0051   0.0597  -0.0058  -0.0065   0.0137   1.0000   0.0023  -0.0037   0.0058  -0.0068   0.0084   0.0040  -0.0062 -4.8985e-03 -3.9121e-03   0.0511  9.3357e-03  -0.0056   0.0519   0.0117   0.0163   0.0044  -0.0045 -4.6590e-03   0.0020  1.0730e-02  -0.0067  -0.0075  -0.0067   0.0064   0.0209  -0.0045  -0.0036  -0.0030
SIM23L2  0.0358 -0.0045 -0.0029 -0.0040  0.0607 -0.0052 -0.0037  0.0032 -6.9248e-04 -5.3324e-03   0.0922  -0.0063  -0.0034  -0.0063  -0.0057  -0.0048  -0.0034  -0.0039  -0.0055  -0.0052  -0.0058   0.0344   0.0023   1.0000  -0.0039  -0.0021   0.1707  -0.0036  -0.0055   0.0008  4.5258e-02 -1.8419e-03   0.0837  4.3001e-02   0.0081  -0.0055  -0.0048  -0.0051  -0.0034  -0.0040 -4.4906e-03   0.0368 -1.9875e-03  -0.0060  -0.0067   0.0753  -0.0038  -0.0058  -0.0044  -0.0049  -0.0051
SIM24L2 -0.0043 -0.0038 -0.0027  0.0135 -0.0037 -0.0033 -0.0023 -0.0010 -3.1703e-03 -3.4202e-03  -0.0038  -0.0037  -0.0022  -0.0040  -0.0037  -0.0031  -0.0030  -0.0030  -0.0015  -0.0003  -0.0037   0.0263  -0.0037  -0.0039   1.0000  -0.0027   0.0785  -0.0023  -0.0036  -0.0036 -2.8123e-03 -2.2650e-03  -0.0032 -3.4995e-03  -0.0036  -0.0019  -0.0010  -0.0033  -0.0022  -0.0009 -2.9869e-03  -0.0036 -3.3700e-03  -0.0036  -0.0041   0.0685   0.0017   0.0091  -0.0027  -0.0027   0.1049
SIM25L2  0.0271 -0.0041  0.0052 -0.0034 -0.0035 -0.0005 -0.0026  0.0052  7.5561e-03 -3.7436e-03  -0.0020   0.0094  -0.0024  -0.0044  -0.0030  -0.0034  -0.0033  -0.0031  -0.0038  -0.0035  -0.0040  -0.0039   0.0058  -0.0021  -0.0027   1.0000  -0.0041  -0.0013  -0.0039  -0.0039 -3.0516e-03 -2.5475e-03  -0.0028 -2.2552e-03   0.0001  -0.0037  -0.0034  -0.0036  -0.0023  -0.0037 -3.2084e-03   0.1236 -3.6569e-03   0.1005  -0.0047  -0.0016  -0.0013  -0.0016  -0.0030  -0.0034   0.0007
SIM26L2  0.0568 -0.0046  0.0014  0.0016 -0.0058 -0.0053 -0.0037 -0.0047  2.4234e-03 -5.1740e-03  -0.0050  -0.0064  -0.0025  -0.0063   0.0850  -0.0049   0.0132  -0.0047   0.2238   0.0003  -0.0058  -0.0058  -0.0068   0.1707   0.0785  -0.0041   1.0000  -0.0036  -0.0050   0.0416  1.1762e-01 -3.1903e-03   0.0129  1.9273e-03  -0.0056  -0.0052  -0.0047   0.0002   0.1760  -0.0057 -4.0766e-03  -0.0056 -5.2646e-03  -0.0060   0.0032  -0.0063  -0.0034  -0.0058  -0.0044   0.0019   0.0017
SIM27L2  0.0221 -0.0035  0.0117 -0.0031  0.0928 -0.0035 -0.0022 -0.0028 -2.8590e-03 -3.1926e-03   0.0012   0.0066  -0.0020  -0.0037  -0.0034  -0.0025  -0.0028   0.0005  -0.0033  -0.0031  -0.0035   0.0011   0.0084  -0.0036  -0.0023  -0.0013  -0.0036   1.0000  -0.0033  -0.0029 -2.6211e-03 -2.1174e-03  -0.0029 -3.2675e-03  -0.0033  -0.0005   0.0016   0.0328   0.0966  -0.0034 -2.8190e-03  -0.0034 -3.1420e-03  -0.0031  -0.0040  -0.0039  -0.0021  -0.0034  -0.0028   0.0116  -0.0029
SIM28L2  0.0571 -0.0054 -0.0039  0.0364 -0.0054 -0.0049 -0.0034 -0.0043 -4.5653e-03  8.4964e-02   0.0956  -0.0059  -0.0001  -0.0053  -0.0053  -0.0038  -0.0004  -0.0044  -0.0050  -0.0048  -0.0053   0.0094   0.0040  -0.0055  -0.0036  -0.0039  -0.0050  -0.0033   1.0000  -0.0019 -4.0497e-03 -3.1393e-03  -0.0046 -1.5971e-03   0.0076  -0.0040  -0.0045  -0.0040  -0.0033  -0.0052 -3.8024e-03  -0.0024 -4.8529e-03  -0.0056  -0.0062  -0.0060  -0.0035  -0.0053  -0.0041  -0.0046  -0.0047
SIM29L2  0.0425 -0.0050 -0.0038 -0.0018 -0.0010 -0.0049 -0.0035 -0.0044 -4.6442e-03  7.4547e-03  -0.0053  -0.0029  -0.0031  -0.0055   0.0576  -0.0035  -0.0045  -0.0044  -0.0051   0.0052  -0.0054   0.0020  -0.0062   0.0008  -0.0036  -0.0039   0.0416  -0.0029  -0.0019   1.0000  5.0467e-03 -1.2006e-04  -0.0033  3.8292e-03  -0.0041  -0.0051  -0.0040   0.0088  -0.0029  -0.0053 -4.4294e-03  -0.0053 -6.5872e-04  -0.0049   0.0254  -0.0026  -0.0036  -0.0054  -0.0040  -0.0003  -0.0048
SIM30L2  0.0305 -0.0043 -0.0020 -0.0037  0.0010  0.0017 -0.0027 -0.0034 -9.8781e-05 -3.8743e-03  -0.0039  -0.0046   0.0033   0.0005   0.0015   0.0005   0.0075  -0.0034  -0.0040   0.0006   0.0011   0.0620  -0.0049   0.0453  -0.0028  -0.0031   0.1176  -0.0026  -0.0040   0.0050  1.0000e+00 -2.4607e-03  -0.0036  2.8282e-03   0.0226  -0.0040   0.0069  -0.0037  -0.0025  -0.0041 -3.2988e-03  -0.0044 -3.8175e-03  -0.0044  -0.0049  -0.0037  -0.0028   0.0244  -0.0032  -0.0036   0.0084
SIM31L2  0.0170 -0.0024 -0.0024 -0.0030 -0.0034 -0.0029 -0.0022 -0.0027  6.9130e-05  1.8909e-02  -0.0035   0.0007  -0.0020   0.1363  -0.0026  -0.0028  -0.0006  -0.0023  -0.0032  -0.0031  -0.0035   0.0339  -0.0039  -0.0018  -0.0023  -0.0025  -0.0032  -0.0021  -0.0031  -0.0001 -2.4607e-03  1.0000e+00  -0.0029 -2.9679e-03   0.0347  -0.0032  -0.0029  -0.0010  -0.0020  -0.0033  5.4508e-02   0.0003 -3.0747e-03  -0.0037  -0.0035  -0.0038  -0.0022  -0.0019   0.0024  -0.0025   0.0008
SIM32L2  0.0191  0.0390  0.0712 -0.0032  0.0033  0.0057 -0.0030 -0.0038  4.8412e-02 -4.5792e-03  -0.0043  -0.0019  -0.0026  -0.0036  -0.0047  -0.0039  -0.0039   0.0005   0.0836  -0.0012  -0.0043  -0.0048   0.0511   0.0837  -0.0032  -0.0028   0.0129  -0.0029  -0.0046  -0.0033 -3.5957e-03 -2.9022e-03   1.0000 -4.4909e-03  -0.0046  -0.0045   0.0072  -0.0042  -0.0028  -0.0045 -3.8660e-03   0.0100  3.0744e-02   0.0631  -0.0055  -0.0053  -0.0025   0.0350   0.0026  -0.0040  -0.0031
SIM33L2  0.0519  0.0074 -0.0038 -0.0047 -0.0028  0.0007 -0.0034 -0.0015 -4.4853e-03 -4.8176e-03   0.0464  -0.0058   0.1203   0.3058  -0.0050  -0.0044  -0.0043  -0.0043  -0.0049  -0.0047  -0.0053  -0.0053   0.0093   0.0430  -0.0035  -0.0023   0.0019  -0.0033  -0.0016   0.0038  2.8282e-03 -2.9679e-03  -0.0045  1.0000e+00  -0.0050  -0.0050  -0.0044  -0.0015  -0.0024  -0.0050  7.6523e-05   0.0220 -4.7523e-03  -0.0011  -0.0061  -0.0044  -0.0035  -0.0002  -0.0039  -0.0042  -0.0038
SIM34L2  0.0477  0.0299 -0.0035 -0.0037  0.0133 -0.0003 -0.0034 -0.0043 -4.4275e-03 -4.9152e-03  -0.0055  -0.0032  -0.0030   0.0079   0.0680  -0.0045  -0.0014   0.0387  -0.0050   0.0129  -0.0027   0.0418  -0.0056   0.0081  -0.0036   0.0001  -0.0056  -0.0033   0.0076  -0.0041  2.2646e-02  3.4708e-02  -0.0046 -5.0477e-03   1.0000  -0.0047  -0.0035  -0.0047  -0.0031   0.0283 -4.2627e-03  -0.0046  2.1261e-02  -0.0056  -0.0048  -0.0061  -0.0025   0.0138  -0.0033   0.0254   0.0004
SIM35L2  0.0644 -0.0053  0.1684 -0.0016 -0.0018 -0.0028 -0.0034 -0.0038 -2.7639e-03 -3.7175e-03  -0.0036  -0.0049  -0.0030   0.0009  -0.0050  -0.0044  -0.0044  -0.0016  -0.0049  -0.0016   0.0056  -0.0050   0.0519  -0.0055  -0.0019  -0.0037  -0.0052  -0.0005  -0.0040  -0.0051 -3.9901e-03 -3.1998e-03  -0.0045 -4.9529e-03  -0.0047   1.0000  -0.0024  -0.0047  -0.0014  -0.0051 -4.2625e-03  -0.0051 -4.4865e-03  -0.0055   0.2265  -0.0056   0.0090  -0.0048  -0.0033  -0.0038   0.0048
SIM36L2 -0.0010 -0.0047 -0.0033 -0.0035  0.0033 -0.0042 -0.0030  0.0212 -3.9563e-03 -4.2681e-03  -0.0043   0.0004  -0.0025  -0.0050  -0.0044   0.0020  -0.0027  -0.0038  -0.0023  -0.0042   0.0955  -0.0042   0.0117  -0.0048  -0.0010  -0.0034  -0.0047   0.0016  -0.0045  -0.0040  6.9148e-03 -2.9480e-03   0.0072 -4.4138e-03  -0.0035  -0.0024   1.0000   0.0034  -0.0027  -0.0045 -3.4626e-03   0.0060  2.9805e-02  -0.0048  -0.0021  -0.0041  -0.0031   0.0771  -0.0036  -0.0040  -0.0041
SIM37L2  0.0285 -0.0050 -0.0035 -0.0044 -0.0049  0.0097 -0.0032 -0.0033 -3.4106e-03 -3.0800e-03  -0.0015  -0.0054  -0.0029  -0.0045  -0.0036   0.0122  -0.0018  -0.0040  -0.0046  -0.0044   0.0250  -0.0047   0.0163  -0.0051  -0.0033  -0.0036   0.0002   0.0328  -0.0040   0.0088 -3.7332e-03 -1.0447e-03  -0.0042 -1.5340e-03  -0.0047  -0.0047   0.0034   1.0000   0.0812  -0.0016  2.7606e-04   0.0592 -2.7050e-03  -0.0044   0.0407   0.1849  -0.0033  -0.0049  -0.0025  -0.0009  -0.0040
SIM38L2  0.0450 -0.0033 -0.0023 -0.0029 -0.0033 -0.0032 -0.0021 -0.0026 -2.7816e-03 -3.3195e-03  -0.0033  -0.0035  -0.0019  -0.0035  -0.0032  -0.0026  -0.0027  -0.0026  -0.0030  -0.0029  -0.0032  -0.0025   0.0044  -0.0034  -0.0022  -0.0023   0.1760   0.0966  -0.0033  -0.0029 -2.4952e-03 -1.9733e-03  -0.0028 -2.3526e-03  -0.0031  -0.0014  -0.0027   0.0812   1.0000  -0.0031 -2.3611e-04  -0.0031 -2.9360e-03  -0.0034  -0.0038  -0.0035  -0.0021  -0.0032  -0.0025   0.0010  -0.0028
SIM39L2  0.0428 -0.0025 -0.0038 -0.0048 -0.0054 -0.0004 -0.0034 -0.0045 -4.5559e-03 -4.9558e-03  -0.0055   0.1096  -0.0032  -0.0057   0.0010  -0.0045   0.0107  -0.0043  -0.0050   0.0199  -0.0054  -0.0040  -0.0045  -0.0040  -0.0009  -0.0037  -0.0057  -0.0034  -0.0052  -0.0053 -4.0750e-03 -3.2834e-03  -0.0045 -5.0158e-03   0.0283  -0.0051  -0.0045  -0.0016  -0.0031   1.0000  1.2545e-03  -0.0038 -4.8832e-03  -0.0056   0.0036   0.0508   0.0228  -0.0054  -0.0023   0.0241  -0.0047
SIM40L2  0.0198 -0.0044 -0.0033 -0.0028 -0.0045 -0.0041 -0.0029 -0.0037 -3.5753e-03 -3.5538e-03  -0.0037  -0.0048  -0.0017  -0.0018   0.0451  -0.0038  -0.0037  -0.0037  -0.0043   0.0068   0.0028   0.0156  -0.0047  -0.0045  -0.0030  -0.0032  -0.0041  -0.0028  -0.0038  -0.0044 -3.2988e-03  5.4508e-02  -0.0039  7.6523e-05  -0.0043  -0.0043  -0.0035   0.0003  -0.0002   0.0013  1.0000e+00   0.0291 -3.9588e-03  -0.0047   0.0210  -0.0019  -0.0030   0.0095  -0.0035   0.0150  -0.0037
SIM41L2  0.0452 -0.0035  0.0037 -0.0048 -0.0037 -0.0022 -0.0034  0.0003 -4.5892e-03 -4.9509e-03   0.0843   0.0019  -0.0029  -0.0058  -0.0053   0.0347  -0.0044  -0.0044   0.0018  -0.0047   0.0008  -0.0054   0.0020   0.0368  -0.0036   0.1236  -0.0056  -0.0034  -0.0024  -0.0053 -4.3966e-03  3.1284e-04   0.0100  2.1981e-02  -0.0046  -0.0051   0.0060   0.0592  -0.0031  -0.0038  2.9130e-02   1.0000  7.1077e-02  -0.0022   0.0274   0.0027  -0.0036   0.0145  -0.0035   0.0243  -0.0047
SIM42L2  0.0477  0.0312  0.0012  0.0277  0.0700 -0.0035 -0.0032 -0.0041 -3.5683e-03 -2.8015e-05   0.0001  -0.0055  -0.0027  -0.0054   0.0023  -0.0042  -0.0041  -0.0030   0.0081  -0.0040  -0.0037  -0.0050   0.0107  -0.0020  -0.0034  -0.0037  -0.0053  -0.0031  -0.0049  -0.0007 -3.8175e-03 -3.0747e-03   0.0307 -4.7523e-03   0.0213  -0.0045   0.0298  -0.0027  -0.0029  -0.0049 -3.9588e-03   0.0711  1.0000e+00  -0.0039  -0.0059  -0.0047  -0.0034   0.1159  -0.0039  -0.0013  -0.0040
SIM43L2  0.0332 -0.0058  0.0460 -0.0037  0.0003 -0.0045 -0.0036 -0.0047 -4.9232e-03 -5.1637e-03  -0.0041  -0.0061   0.0011  -0.0050   0.0127  -0.0044  -0.0047  -0.0047  -0.0054  -0.0050  -0.0058  -0.0057  -0.0067  -0.0060  -0.0036   0.1005  -0.0060  -0.0031  -0.0056  -0.0049 -4.3818e-03 -3.7178e-03   0.0631 -1.1373e-03  -0.0056  -0.0055  -0.0048  -0.0044  -0.0034  -0.0056 -4.7111e-03  -0.0022 -3.9374e-03   1.0000  -0.0067   0.0002  -0.0015  -0.0049  -0.0044  -0.0049  -0.0051
SIM44L2  0.0740 -0.0065 -0.0046 -0.0057 -0.0065 -0.0059 -0.0041 -0.0052 -5.5066e-03 -5.9406e-03  -0.0065   0.0394  -0.0038  -0.0067  -0.0037   0.0037   0.0048  -0.0049  -0.0002   0.0134  -0.0023  -0.0059  -0.0075  -0.0067  -0.0041  -0.0047   0.0032  -0.0040  -0.0062   0.0254 -4.8847e-03 -3.4539e-03  -0.0055 -6.1007e-03  -0.0048   0.2265  -0.0021   0.0407  -0.0038   0.0036  2.1009e-02   0.0274 -5.8535e-03  -0.0067   1.0000  -0.0004   0.0008  -0.0042  -0.0013   0.0337  -0.0057
SIM45L2  0.0418 -0.0038 -0.0044 -0.0053 -0.0060 -0.0050 -0.0040  0.0053 -5.2623e-03 -4.3556e-03   0.0185   0.1132  -0.0035  -0.0059  -0.0062  -0.0053  -0.0051  -0.0037  -0.0059  -0.0038   0.0009  -0.0051  -0.0067   0.0753   0.0685  -0.0016  -0.0063  -0.0039  -0.0060  -0.0026 -3.7186e-03 -3.7991e-03  -0.0053 -4.3724e-03  -0.0061  -0.0056  -0.0041   0.1849  -0.0035   0.0508 -1.8561e-03   0.0027 -4.6646e-03   0.0002  -0.0004   1.0000  -0.0018  -0.0058  -0.0047   0.0144   0.0103
SIM46L2  0.0162 -0.0038  0.0163 -0.0002  0.0389 -0.0034 -0.0024 -0.0030 -3.1455e-03 -2.5377e-03  -0.0037  -0.0025  -0.0011  -0.0040  -0.0037  -0.0031  -0.0026   0.0026  -0.0030   0.0243  -0.0020  -0.0030   0.0064  -0.0038   0.0017  -0.0013  -0.0034  -0.0021  -0.0035  -0.0036 -2.7902e-03 -2.2274e-03  -0.0025 -3.4849e-03  -0.0025   0.0090  -0.0031  -0.0033  -0.0021   0.0228 -2.9999e-03  -0.0036 -3.3504e-03  -0.0015   0.0008  -0.0018   1.0000   0.0152  -0.0018   0.0008  -0.0008
SIM47L2  0.0486 -0.0039 -0.0012 -0.0048  0.0384  0.0833 -0.0035 -0.0045  1.8107e-03 -4.5683e-03   0.0178  -0.0050  -0.0030  -0.0060   0.0004  -0.0031  -0.0045   0.1772   0.0154   0.0085   0.0009   0.0581   0.0209  -0.0058   0.0091  -0.0016  -0.0058  -0.0034  -0.0053  -0.0054  2.4429e-02 -1.9106e-03   0.0350 -2.2012e-04   0.0138  -0.0048   0.0771  -0.0049  -0.0032  -0.0054  9.5385e-03   0.0145  1.1594e-01  -0.0049  -0.0042  -0.0058   0.0152   1.0000   0.0914  -0.0047   0.0145
SIM48L2  0.0101  0.0062 -0.0031 -0.0026  0.0027  0.0338  0.0277 -0.0029 -1.1602e-03 -2.1883e-03   0.0103   0.1204  -0.0025  -0.0038   0.0002  -0.0015  -0.0035   0.0100  -0.0039   0.0187   0.0170  -0.0037  -0.0045  -0.0044  -0.0027  -0.0030  -0.0044  -0.0028  -0.0041  -0.0040 -3.2234e-03  2.4002e-03   0.0026 -3.9169e-03  -0.0033  -0.0033  -0.0036  -0.0025  -0.0025  -0.0023 -3.4657e-03  -0.0035 -3.8698e-03  -0.0044  -0.0013  -0.0047  -0.0018   0.0914   1.0000  -0.0036  -0.0034
SIM49L2  0.0213 -0.0048 -0.0039 -0.0042 -0.0048 -0.0044 -0.0030 -0.0038 -3.9075e-03 -3.9190e-03  -0.0048  -0.0052  -0.0028  -0.0038  -0.0032   0.0802  -0.0009   0.1894   0.0393   0.0768  -0.0021  -0.0047  -0.0036  -0.0049  -0.0027  -0.0034   0.0019   0.0116  -0.0046  -0.0003 -3.5857e-03 -2.5033e-03  -0.0040 -4.1575e-03   0.0254  -0.0038  -0.0040  -0.0009   0.0010   0.0241  1.4969e-02   0.0243 -1.2604e-03  -0.0049   0.0337   0.0144   0.0008  -0.0047  -0.0036   1.0000  -0.0025
SIM50L2  0.0139 -0.0043  0.0106 -0.0043 -0.0039 -0.0045 -0.0031 -0.0023  1.1934e-01 -4.5651e-03  -0.0050  -0.0054  -0.0029  -0.0046  -0.0039  -0.0041   0.2145  -0.0037   0.0020  -0.0034  -0.0044   0.0227  -0.0030  -0.0051   0.1049   0.0007   0.0017  -0.0029  -0.0047  -0.0048  8.3990e-03  7.5166e-04  -0.0031 -3.7599e-03   0.0004   0.0048  -0.0041  -0.0040  -0.0028  -0.0047 -3.7325e-03  -0.0047 -4.0200e-03  -0.0051  -0.0057   0.0103  -0.0008   0.0145  -0.0034  -0.0025   1.0000

LD Score Matrix Condition Number
2.6199

Annotation Correlation Matrix
             SIM1        SIM2        SIM3        SIM4        SIM5        SIM6        SIM7        SIM8        SIM9       SIM10       SIM11       SIM12       SIM13       SIM14       SIM15       SIM16       SIM17       SIM18       SIM19       SIM20       SIM21       SIM22       SIM23       SIM24       SIM25       SIM26       SIM27       SIM28       SIM29       SIM30       SIM31       SIM32       SIM33       SIM34       SIM35       SIM36       SIM37       SIM38       SIM39       SIM40       SIM41       SIM42       SIM43       SIM44       SIM45       SIM46       SIM47       SIM48       SIM49       SIM50
SIM1   1.0000e+00 -4.9624e-05 -5.1252e-05 -5.7301e-05 -5.7301e-05 -3.6240e-05 -4.0518e-05 -5.1252e-05 -5.2829e-05 -5.7301e-05 -5.2829e-05 -3.8438e-05 -5.5850e-05 -5.2829e-05 -4.6197e-05 -4.6197e-05 -5.1252e-05 -4.7941e-05 -5.2829e-05 -6.1449e-05 -6.4065e-05 -6.4065e-05 -4.7941e-05 -4.0518e-05 -4.2495e-05 -4.9624e-05 -4.0518e-05 -4.0518e-05 -5.8717e-05 -3.8438e-05 -4.6197e-05 -4.9624e-05 -5.1252e-05 -5.5850e-05 -5.1252e-05 -4.6197e-05 -5.1252e-05 -3.6240e-05 -4.9624e-05 -4.6197e-05 -5.1252e-05 -4.6197e-05 -5.4361e-05 -5.1252e-05 -6.2771e-05 -4.2495e-05 -4.9624e-05 -4.9624e-05 -4.6197e-05 -5.1252e-05
SIM2  -4.9624e-05  1.0000e+00 -4.2319e-05 -4.7315e-05 -4.7315e-05 -2.9924e-05 -3.3456e-05 -4.2319e-05 -4.3622e-05 -4.7315e-05 -4.3622e-05 -3.1739e-05 -4.6117e-05 -4.3622e-05 -3.8146e-05 -3.8146e-05 -4.2319e-05 -3.9586e-05 -4.3622e-05 -5.0740e-05 -5.2900e-05 -5.2900e-05 -3.9586e-05 -3.3456e-05 -3.5089e-05 -4.0975e-05 -3.3456e-05 -3.3456e-05 -4.8483e-05 -3.1739e-05 -3.8146e-05 -4.0975e-05 -4.2319e-05 -4.6117e-05 -4.2319e-05 -3.8146e-05 -4.2319e-05 -2.9924e-05 -4.0975e-05 -3.8146e-05 -4.2319e-05 -3.8146e-05 -4.4887e-05 -4.2319e-05 -5.1831e-05 -3.5089e-05 -4.0975e-05 -4.0975e-05 -3.8146e-05 -4.2319e-05
SIM3  -5.1252e-05 -4.2319e-05  1.0000e+00 -4.8866e-05 -4.8866e-05 -3.0905e-05 -3.4553e-05 -4.3707e-05 -4.5052e-05 -4.8866e-05 -4.5052e-05 -3.2780e-05 -4.7629e-05 -4.5052e-05 -3.9397e-05 -3.9397e-05 -4.3707e-05 -4.0884e-05 -4.5052e-05 -5.2404e-05 -5.4635e-05 -5.4635e-05 -4.0884e-05 -3.4553e-05 -3.6240e-05 -4.2319e-05 -3.4553e-05 -3.4553e-05 -5.0073e-05 -3.2780e-05 -3.9397e-05 -4.2319e-05 -4.3707e-05 -4.7629e-05 -4.3707e-05 -3.9397e-05 -4.3707e-05 -3.0905e-05 -4.2319e-05 -3.9397e-05 -4.3707e-05 -3.9397e-05 -4.6359e-05 -4.3707e-05 -5.3531e-05 -3.6240e-05 -4.2319e-05 -4.2319e-05 -3.9397e-05 -4.3707e-05
SIM4  -5.7301e-05 -4.7315e-05 -4.8866e-05  1.0000e+00 -5.4635e-05 -3.4553e-05 -3.8632e-05 -4.8866e-05 -5.0370e-05 -5.4635e-05 -5.0370e-05 -3.6649e-05 -5.3251e-05 -5.0370e-05 -4.4047e-05 -4.4047e-05 -4.8866e-05 -4.5710e-05 -5.0370e-05 -5.8589e-05 -6.1084e-05 -6.1084e-05 -4.5710e-05 -3.8632e-05 -4.0518e-05 -4.7315e-05 -3.8632e-05 -3.8632e-05 -5.5984e-05 -3.6649e-05 -4.4047e-05 -4.7315e-05 -4.8866e-05 -5.3251e-05 -4.8866e-05 -4.4047e-05 -4.8866e-05 -3.4553e-05 -4.7315e-05 -4.4047e-05 -4.8866e-05 -4.4047e-05 -5.1831e-05 -4.8866e-05 -5.9850e-05 -4.0518e-05 -4.7315e-05 -4.7315e-05 -4.4047e-05 -4.8866e-05
SIM5  -5.7301e-05 -4.7315e-05 -4.8866e-05 -5.4635e-05  1.0000e+00 -3.4553e-05 -3.8632e-05 -4.8866e-05 -5.0370e-05 -5.4635e-05 -5.0370e-05 -3.6649e-05 -5.3251e-05 -5.0370e-05 -4.4047e-05 -4.4047e-05 -4.8866e-05 -4.5710e-05 -5.0370e-05 -5.8589e-05 -6.1084e-05  4.4663e-02 -4.5710e-05 -3.8632e-05 -4.0518e-05 -4.7315e-05 -3.8632e-05 -3.8632e-05 -5.5984e-05 -3.6649e-05 -4.4047e-05 -4.7315e-05 -4.8866e-05 -5.3251e-05 -4.8866e-05 -4.4047e-05 -4.8866e-05 -3.4553e-05 -4.7315e-05 -4.4047e-05 -4.8866e-05 -4.4047e-05 -5.1831e-05 -4.8866e-05 -5.9850e-05 -4.0518e-05 -4.7315e-05 -4.7315e-05 -4.4047e-05 -4.8866e-05
SIM6  -3.6240e-05 -2.9924e-05 -3.0905e-05 -3.4553e-05 -3.4553e-05  1.0000e+00 -2.4433e-05 -3.0905e-05 -3.1857e-05 -3.4553e-05 -3.1857e-05 -2.3179e-05 -3.3678e-05 -3.1857e-05 -2.7858e-05 -2.7858e-05 -3.0905e-05 -2.8909e-05 -3.1857e-05 -3.7055e-05 -3.8632e-05 -3.8632e-05 -2.8909e-05 -2.4433e-05 -2.5625e-05 -2.9924e-05 -2.4433e-05 -2.4433e-05 -3.5407e-05 -2.3179e-05 -2.7858e-05 -2.9924e-05 -3.0905e-05 -3.3678e-05 -3.0905e-05 -2.7858e-05 -3.0905e-05 -2.1853e-05 -2.9924e-05 -2.7858e-05 -3.0905e-05 -2.7858e-05 -3.2780e-05 -3.0905e-05 -3.7852e-05 -2.5625e-05 -2.9924e-05 -2.9924e-05 -2.7858e-05 -3.0905e-05
SIM7  -4.0518e-05 -3.3456e-05 -3.4553e-05 -3.8632e-05 -3.8632e-05 -2.4433e-05  1.0000e+00 -3.4553e-05 -3.5617e-05 -3.8632e-05 -3.5617e-05 -2.5915e-05 -3.7654e-05 -3.5617e-05 -3.1146e-05 -3.1146e-05 -3.4553e-05 -3.2322e-05 -3.5617e-05 -4.1428e-05 -4.3192e-05 -4.3192e-05 -3.2322e-05 -2.7317e-05 -2.8650e-05 -3.3456e-05 -2.7317e-05 -2.7317e-05 -3.9586e-05 -2.5915e-05 -3.1146e-05 -3.3456e-05 -3.4553e-05 -3.7654e-05 -3.4553e-05 -3.1146e-05 -3.4553e-05 -2.4433e-05 -3.3456e-05 -3.1146e-05 -3.4553e-05 -3.1146e-05 -3.6649e-05 -3.4553e-05 -4.2319e-05 -2.8650e-05 -3.3456e-05 -3.3456e-05 -3.1146e-05 -3.4553e-05
SIM8  -5.1252e-05 -4.2319e-05 -4.3707e-05 -4.8866e-05 -4.8866e-05 -3.0905e-05 -3.4553e-05  1.0000e+00 -4.5052e-05 -4.8866e-05 -4.5052e-05 -3.2780e-05 -4.7629e-05 -4.5052e-05 -3.9397e-05 -3.9397e-05 -4.3707e-05 -4.0884e-05 -4.5052e-05 -5.2404e-05 -5.4635e-05 -5.4635e-05 -4.0884e-05 -3.4553e-05 -3.6240e-05 -4.2319e-05 -3.4553e-05 -3.4553e-05 -5.0073e-05 -3.2780e-05 -3.9397e-05 -4.2319e-05 -4.3707e-05 -4.7629e-05 -4.3707e-05 -3.9397e-05 -4.3707e-05 -3.0905e-05 -4.2319e-05 -3.9397e-05 -4.3707e-05 -3.9397e-05 -4.6359e-05 -4.3707e-05 -5.3531e-05 -3.6240e-05 -4.2319e-05 -4.2319e-05 -3.9397e-05 -4.3707e-05
SIM9  -5.2829e-05 -4.3622e-05 -4.5052e-05 -5.0370e-05 -5.0370e-05 -3.1857e-05 -3.5617e-05 -4.5052e-05  1.0000e+00 -5.0370e-05 -4.6439e-05 -3.3789e-05 -4.9095e-05 -4.6439e-05 -4.0610e-05 -4.0610e-05 -4.5052e-05 -4.2143e-05 -4.6439e-05 -5.4017e-05 -5.6316e-05 -5.6316e-05 -4.2143e-05 -3.5617e-05 -3.7355e-05 -4.3622e-05 -3.5617e-05 -3.5617e-05 -5.1614e-05 -3.3789e-05 -4.0610e-05 -4.3622e-05 -4.5052e-05 -4.9095e-05 -4.5052e-05 -4.0610e-05 -4.5052e-05 -3.1857e-05 -4.3622e-05 -4.0610e-05 -4.5052e-05 -4.0610e-05 -4.7785e-05 -4.5052e-05 -5.5178e-05 -3.7355e-05 -4.3622e-05 -4.3622e-05 -4.0610e-05 -4.5052e-05
SIM10 -5.7301e-05 -4.7315e-05 -4.8866e-05 -5.4635e-05 -5.4635e-05 -3.4553e-05 -3.8632e-05 -4.8866e-05 -5.0370e-05  1.0000e+00 -5.0370e-05 -3.6649e-05 -5.3251e-05 -5.0370e-05  6.1976e-02 -4.4047e-05 -4.8866e-05 -4.5710e-05 -5.0370e-05 -5.8589e-05 -6.1084e-05 -6.1084e-05 -4.5710e-05 -3.8632e-05 -4.0518e-05 -4.7315e-05 -3.8632e-05 -3.8632e-05 -5.5984e-05 -3.6649e-05 -4.4047e-05 -4.7315e-05 -4.8866e-05 -5.3251e-05 -4.8866e-05 -4.4047e-05 -4.8866e-05 -3.4553e-05 -4.7315e-05 -4.4047e-05 -4.8866e-05 -4.4047e-05 -5.1831e-05 -4.8866e-05 -5.9850e-05 -4.0518e-05 -4.7315e-05 -4.7315e-05 -4.4047e-05 -4.8866e-05
SIM11 -5.2829e-05 -4.3622e-05 -4.5052e-05 -5.0370e-05 -5.0370e-05 -3.1857e-05 -3.5617e-05 -4.5052e-05 -4.6439e-05 -5.0370e-05  1.0000e+00 -3.3789e-05 -4.9095e-05 -4.6439e-05 -4.0610e-05 -4.0610e-05 -4.5052e-05 -4.2143e-05 -4.6439e-05 -5.4017e-05 -5.6316e-05 -5.6316e-05 -4.2143e-05 -3.5617e-05 -3.7355e-05 -4.3622e-05 -3.5617e-05 -3.5617e-05 -5.1614e-05 -3.3789e-05 -4.0610e-05 -4.3622e-05 -4.5052e-05 -4.9095e-05 -4.5052e-05 -4.0610e-05 -4.5052e-05 -3.1857e-05 -4.3622e-05 -4.0610e-05 -4.5052e-05 -4.0610e-05 -4.7785e-05 -4.5052e-05  4.9455e-02 -3.7355e-05 -4.3622e-05  6.2582e-02 -4.0610e-05 -4.5052e-05
SIM12 -3.8438e-05 -3.1739e-05 -3.2780e-05 -3.6649e-05 -3.6649e-05 -2.3179e-05 -2.5915e-05 -3.2780e-05 -3.3789e-05 -3.6649e-05 -3.3789e-05  1.0000e+00 -3.5721e-05 -3.3789e-05 -2.9547e-05 -2.9547e-05 -3.2780e-05 -3.0663e-05 -3.3789e-05 -3.9302e-05 -4.0976e-05 -4.0976e-05 -3.0663e-05 -2.5915e-05 -2.7180e-05 -3.1739e-05 -2.5915e-05 -2.5915e-05 -3.7555e-05 -2.4585e-05 -2.9547e-05 -3.1739e-05 -3.2780e-05 -3.5721e-05 -3.2780e-05 -2.9547e-05 -3.2780e-05 -2.3179e-05 -3.1739e-05 -2.9547e-05 -3.2780e-05 -2.9547e-05 -3.4769e-05 -3.2780e-05 -4.0148e-05 -2.7180e-05 -3.1739e-05 -3.1739e-05 -2.9547e-05 -3.2780e-05
SIM13 -5.5850e-05 -4.6117e-05 -4.7629e-05 -5.3251e-05 -5.3251e-05 -3.3678e-05 -3.7654e-05 -4.7629e-05 -4.9095e-05 -5.3251e-05 -4.9095e-05 -3.5721e-05  1.0000e+00 -4.9095e-05 -4.2932e-05 -4.2932e-05 -4.7629e-05 -4.4553e-05 -4.9095e-05 -5.7106e-05 -5.9537e-05 -5.9537e-05 -4.4553e-05 -3.7654e-05 -3.9492e-05 -4.6117e-05 -3.7654e-05 -3.7654e-05 -5.4566e-05 -3.5721e-05  6.3588e-02 -4.6117e-05 -4.7629e-05  5.2582e-02 -4.7629e-05 -4.2932e-05 -4.7629e-05 -3.3678e-05 -4.6117e-05 -4.2932e-05 -4.7629e-05 -4.2932e-05 -5.0518e-05 -4.7629e-05 -5.8334e-05 -3.9492e-05 -4.6117e-05 -4.6117e-05 -4.2932e-05 -4.7629e-05
SIM14 -5.2829e-05 -4.3622e-05 -4.5052e-05 -5.0370e-05 -5.0370e-05 -3.1857e-05 -3.5617e-05 -4.5052e-05 -4.6439e-05 -5.0370e-05 -4.6439e-05 -3.3789e-05 -4.9095e-05  1.0000e+00  6.7229e-02 -4.0610e-05 -4.5052e-05 -4.2143e-05 -4.6439e-05 -5.4017e-05 -5.6316e-05 -5.6316e-05 -4.2143e-05 -3.5617e-05 -3.7355e-05 -4.3622e-05 -3.5617e-05 -3.5617e-05 -5.1614e-05 -3.3789e-05 -4.0610e-05 -4.3622e-05 -4.5052e-05 -4.9095e-05 -4.5052e-05 -4.0610e-05 -4.5052e-05 -3.1857e-05 -4.3622e-05 -4.0610e-05 -4.5052e-05 -4.0610e-05  5.7121e-02 -4.5052e-05 -5.5178e-05 -3.7355e-05 -4.3622e-05 -4.3622e-05 -4.0610e-05 -4.5052e-05
