*********************************************************************
* LD Score Regression (LDSC)
* Version 1.0.1
* (C) 2014-2019 Brendan Bulik-Sullivan and Hilary Finucane
* Broad Institute of MIT and Harvard / MIT Department of Mathematics
* GNU General Public License v3
*********************************************************************
Call: 
./ldsc.py \
--out /data/sbcs/GuoLab/backup/liq17/CRC_TF_TWAS_zhishan2024/NC_revision_OceanCode/v2_NC_revision//84Tracks//ldscores_sim500//14 \
--bfile /data/sbcs/GuoLab/backup/liq17/ref/Alkesgroup/1000G_EUR_Phase3_plink_hg38/1000G.EUR.QC.14 \
--annot /data/sbcs/GuoLab/backup/liq17/CRC_TF_TWAS_zhishan2024/NC_revision_OceanCode/v2_NC_revision//84Tracks//annots_sim500//14.annot.txt \
--l2  \
--ld-wind-kb 100.0 

Beginning analysis at Sun Oct 26 23:43:12 2025
Read list of 323965 SNPs from /data/sbcs/GuoLab/backup/liq17/ref/Alkesgroup/1000G_EUR_Phase3_plink_hg38/1000G.EUR.QC.14.bim
Read 50 annotations for 323965 SNPs from /data/sbcs/GuoLab/backup/liq17/CRC_TF_TWAS_zhishan2024/NC_revision_OceanCode/v2_NC_revision//84Tracks//annots_sim500//14.annot.txt
Read list of 489 individuals from /data/sbcs/GuoLab/backup/liq17/ref/Alkesgroup/1000G_EUR_Phase3_plink_hg38/1000G.EUR.QC.14.fam
Reading genotypes from /data/sbcs/GuoLab/backup/liq17/ref/Alkesgroup/1000G_EUR_Phase3_plink_hg38/1000G.EUR.QC.14.bed
Estimating LD Score.
Writing LD Scores for 323965 SNPs to /data/sbcs/GuoLab/backup/liq17/CRC_TF_TWAS_zhishan2024/NC_revision_OceanCode/v2_NC_revision//84Tracks//ldscores_sim500//14.l2.ldscore.gz

Summary of LD Scores in /data/sbcs/GuoLab/backup/liq17/CRC_TF_TWAS_zhishan2024/NC_revision_OceanCode/v2_NC_revision//84Tracks//ldscores_sim500//14.l2.ldscore.gz
         MAF  SIM1L2  SIM2L2  SIM3L2  SIM4L2  SIM5L2  SIM6L2  SIM7L2  SIM8L2  SIM9L2  SIM10L2  SIM11L2  SIM12L2  SIM13L2  SIM14L2  SIM15L2  SIM16L2  SIM17L2  SIM18L2  SIM19L2  SIM20L2  SIM21L2  SIM22L2  SIM23L2  SIM24L2  SIM25L2  SIM26L2  SIM27L2  SIM28L2  SIM29L2  SIM30L2  SIM31L2  SIM32L2  SIM33L2  SIM34L2  SIM35L2  SIM36L2  SIM37L2  SIM38L2  SIM39L2  SIM40L2  SIM41L2  SIM42L2  SIM43L2  SIM44L2  SIM45L2  SIM46L2  SIM47L2  SIM48L2  SIM49L2  SIM50L2
mean  0.1438  0.0031  0.0046  0.0034  0.0022  0.0039  0.0021  0.0017  0.0038  0.0024   0.0026   0.0052   0.0035   0.0009   0.0018   0.0034   0.0015   0.0023   0.0020   0.0015   0.0026   0.0027   0.0019   0.0020   0.0033   0.0031   0.0025   0.0011   0.0020   0.0036   0.0020   0.0047   0.0042   0.0016   0.0019   0.0033   0.0025   0.0012   0.0027   0.0043   0.0029   0.0033   0.0037   0.0032   0.0036   0.0031   0.0030   0.0036   0.0021   0.0022   0.0040
std   0.1465  0.0441  0.0572  0.0462  0.0350  0.0466  0.0352  0.0337  0.0440  0.0374   0.0372   0.0582   0.0440   0.0216   0.0347   0.0425   0.0301   0.0354   0.0333   0.0304   0.0410   0.0394   0.0332   0.0314   0.0431   0.0440   0.0377   0.0241   0.0326   0.0516   0.0356   0.0543   0.0543   0.0277   0.0319   0.0452   0.0388   0.0237   0.0385   0.0475   0.0391   0.0446   0.0484   0.0425   0.0513   0.0421   0.0427   0.0434   0.0306   0.0359   0.0485
min   0.0051 -0.0021 -0.0040 -0.0021 -0.0021 -0.0021 -0.0021 -0.0021 -0.0021 -0.0034  -0.0021  -0.0039  -0.0040  -0.0021  -0.0040  -0.0057  -0.0021  -0.0021  -0.0034  -0.0041  -0.0041  -0.0039  -0.0021  -0.0021  -0.0021  -0.0021  -0.0040  -0.0041  -0.0021  -0.0041  -0.0038  -0.0036  -0.0021  -0.0021  -0.0021  -0.0041  -0.0021  -0.0021  -0.0041  -0.0041  -0.0041  -0.0021  -0.0041  -0.0039  -0.0021  -0.0021  -0.0021  -0.0055  -0.0021  -0.0021  -0.0034
25%   0.0184  0.0000  0.0000  0.0000  0.0000  0.0000  0.0000  0.0000  0.0000  0.0000   0.0000   0.0000   0.0000   0.0000   0.0000   0.0000   0.0000   0.0000   0.0000   0.0000   0.0000   0.0000   0.0000   0.0000   0.0000   0.0000   0.0000   0.0000   0.0000   0.0000   0.0000   0.0000   0.0000   0.0000   0.0000   0.0000   0.0000   0.0000   0.0000   0.0000   0.0000   0.0000   0.0000   0.0000   0.0000   0.0000   0.0000   0.0000   0.0000   0.0000   0.0000
50%   0.0828  0.0000  0.0000  0.0000  0.0000  0.0000  0.0000  0.0000  0.0000  0.0000   0.0000   0.0000   0.0000   0.0000   0.0000   0.0000   0.0000   0.0000   0.0000   0.0000   0.0000   0.0000   0.0000   0.0000   0.0000   0.0000   0.0000   0.0000   0.0000   0.0000   0.0000   0.0000   0.0000   0.0000   0.0000   0.0000   0.0000   0.0000   0.0000   0.0000   0.0000   0.0000   0.0000   0.0000   0.0000   0.0000   0.0000   0.0000   0.0000   0.0000   0.0000
75%   0.2434  0.0000  0.0000  0.0000  0.0000  0.0000  0.0000  0.0000  0.0000  0.0000   0.0000   0.0000   0.0000   0.0000   0.0000   0.0000   0.0000   0.0000   0.0000   0.0000   0.0000   0.0000   0.0000   0.0000   0.0000   0.0000   0.0000   0.0000   0.0000   0.0000   0.0000   0.0000   0.0000   0.0000   0.0000   0.0000   0.0000   0.0000   0.0000   0.0000   0.0000   0.0000   0.0000   0.0000   0.0000   0.0000   0.0000   0.0000   0.0000   0.0000   0.0000
max   0.5000  1.0000  1.6345  1.0000  1.0000  1.0000  1.0000  1.0000  1.0000  1.0018   1.0000   1.0015   1.2280   1.0000   1.0000   1.0000   1.0000   1.0000   1.0291   1.0022   1.0008   1.6183   1.0000   1.0000   1.0000   1.0000   1.0000   1.0000   1.0000   1.4767   1.0000   1.0000   1.0000   1.0000   1.0000   1.0000   1.0000   1.0000   1.0041   1.0000   1.0008   1.0000   1.0483   1.0002   1.0000   1.0000   1.0000   1.0000   1.0000   1.0000   1.0000

MAF/LD Score Correlation Matrix
            MAF  SIM1L2  SIM2L2      SIM3L2  SIM4L2  SIM5L2      SIM6L2  SIM7L2  SIM8L2  SIM9L2  SIM10L2  SIM11L2  SIM12L2     SIM13L2  SIM14L2  SIM15L2  SIM16L2  SIM17L2     SIM18L2  SIM19L2  SIM20L2  SIM21L2  SIM22L2     SIM23L2     SIM24L2  SIM25L2  SIM26L2  SIM27L2  SIM28L2  SIM29L2  SIM30L2     SIM31L2  SIM32L2     SIM33L2  SIM34L2  SIM35L2     SIM36L2  SIM37L2     SIM38L2  SIM39L2     SIM40L2  SIM41L2  SIM42L2  SIM43L2  SIM44L2  SIM45L2  SIM46L2     SIM47L2  SIM48L2  SIM49L2  SIM50L2
MAF      1.0000 -0.0131  0.0632  2.5782e-02  0.0133  0.0464  3.9251e-02  0.0147  0.0794  0.0199   0.0609   0.0463   0.0482  5.4747e-03  -0.0221   0.0232  -0.0049   0.0399  3.6922e-02  -0.0146   0.0219   0.0313  -0.0142  2.5662e-02  5.0031e-03   0.0072   0.0298   0.0128   0.0519   0.0225  -0.0009 -1.3365e-02   0.0024  2.0430e-02  -0.0031   0.0425  1.6740e-02   0.0342 -3.9796e-03   0.0622  4.1573e-02   0.0225   0.0416   0.0343   0.0011   0.0107   0.0276  5.8998e-02   0.0628   0.0406   0.0242
SIM1L2  -0.0131  1.0000 -0.0017 -5.0827e-03 -0.0044  0.0209 -4.1113e-03 -0.0031 -0.0033  0.0817  -0.0001   0.0185  -0.0055 -2.8082e-03   0.0240   0.1329  -0.0035  -0.0045 -2.5591e-03  -0.0034   0.0062  -0.0047  -0.0033 -4.5047e-03  1.1787e-01  -0.0037  -0.0046  -0.0033  -0.0039  -0.0049  -0.0040 -3.9242e-03  -0.0054 -3.9031e-03  -0.0041   0.0350 -3.9899e-03  -0.0035 -4.7403e-03   0.0169  7.1748e-03  -0.0013  -0.0030  -0.0052  -0.0039  -0.0051   0.0440 -5.5312e-03   0.0767  -0.0039  -0.0013
SIM2L2   0.0632 -0.0017  1.0000  1.6473e-03  0.0278 -0.0067 -4.4393e-03 -0.0040 -0.0064 -0.0051  -0.0057  -0.0070  -0.0046 -3.2712e-03  -0.0042   0.0091  -0.0041   0.0012 -5.1766e-03  -0.0038  -0.0051   0.0180  -0.0045 -1.3764e-03 -6.1115e-03  -0.0057  -0.0050  -0.0036   0.0131   0.0241  -0.0046 -5.2816e-03  -0.0062 -4.5208e-03  -0.0040   0.0685 -5.1305e-03  -0.0021  1.0065e-02   0.0037 -5.9366e-03  -0.0059  -0.0060   0.0158  -0.0056  -0.0059  -0.0055 -6.6782e-03  -0.0056  -0.0048   0.0122
SIM3L2   0.0258 -0.0051  0.0016  1.0000e+00  0.0037 -0.0057  7.0683e-03 -0.0038 -0.0063 -0.0015   0.0011  -0.0054  -0.0050 -2.9658e-03  -0.0038  -0.0052  -0.0027  -0.0048 -8.1610e-05  -0.0009  -0.0046  -0.0050  -0.0041 -3.1361e-03 -5.3848e-03  -0.0052  -0.0044  -0.0033  -0.0030  -0.0051  -0.0042  9.5284e-04  -0.0052  4.1366e-03   0.1165  -0.0053 -4.8371e-03  -0.0020 -4.9052e-03   0.1776 -5.3607e-03  -0.0054  -0.0048   0.0067  -0.0051   0.0286  -0.0051 -6.7584e-04   0.0943  -0.0045   0.0193
SIM4L2   0.0133 -0.0044  0.0278  3.6906e-03  1.0000 -0.0054 -7.2150e-04 -0.0033 -0.0055 -0.0040  -0.0035  -0.0058  -0.0050 -8.4094e-04  -0.0033  -0.0053  -0.0032   0.0097 -3.8737e-03  -0.0032  -0.0041  -0.0043   0.0383 -4.1407e-03 -4.8769e-03  -0.0045  -0.0043  -0.0030  -0.0040  -0.0045  -0.0037 -5.3232e-03  -0.0049 -3.5877e-03  -0.0035  -0.0047 -4.1341e-03  -0.0032 -4.5019e-03   0.0127 -4.7113e-03  -0.0047  -0.0041   0.1362  -0.0048  -0.0047  -0.0044 -5.0173e-03   0.0326  -0.0043   0.0446
SIM5L2   0.0464  0.0209 -0.0067 -5.6686e-03 -0.0054  1.0000 -5.1011e-03 -0.0043  0.0026 -0.0053  -0.0037   0.0351   0.0125 -3.5284e-03  -0.0043   0.0143   0.0086  -0.0055 -4.6823e-03  -0.0042   0.0550  -0.0057  -0.0012 -5.4104e-03  2.6210e-02  -0.0059  -0.0056  -0.0036   0.0075  -0.0058  -0.0047 -7.2604e-03  -0.0064  9.5258e-03  -0.0028   0.1207 -2.9495e-03  -0.0043 -1.3961e-03   0.0049  5.3358e-03  -0.0050  -0.0064   0.0096  -0.0054  -0.0061  -0.0032  2.9040e-02  -0.0058  -0.0034  -0.0065
SIM6L2   0.0393 -0.0041 -0.0044  7.0683e-03 -0.0007 -0.0051  1.0000e+00 -0.0028 -0.0049 -0.0037  -0.0023  -0.0005  -0.0047 -1.1666e-03  -0.0031  -0.0043  -0.0002   0.0653 -3.5559e-03  -0.0021  -0.0038   0.0162  -0.0033 -3.8291e-03 -1.1382e-03  -0.0039  -0.0014  -0.0026  -0.0037  -0.0030  -0.0031 -6.1202e-05  -0.0045 -3.3154e-03  -0.0007  -0.0043 -3.8202e-03  -0.0030 -4.1614e-03   0.0063 -4.0357e-03  -0.0044  -0.0036  -0.0041  -0.0041  -0.0043  -0.0037 -4.6224e-03   0.0019  -0.0037  -0.0027
SIM7L2   0.0147 -0.0031 -0.0040 -3.7639e-03 -0.0033 -0.0043 -2.7792e-03  1.0000 -0.0044  0.0097  -0.0033  -0.0046  -0.0026  8.9463e-03  -0.0021  -0.0008  -0.0025   0.0130 -3.0744e-03   0.0061  -0.0032  -0.0035  -0.0028 -3.3359e-03  9.6639e-03  -0.0036   0.0076  -0.0023  -0.0032  -0.0036   0.0921 -4.2722e-03   0.0051 -2.8425e-03  -0.0022  -0.0037 -3.3306e-03  -0.0014  3.3115e-03  -0.0036  8.9367e-04   0.0974   0.0039  -0.0039   0.2725  -0.0031   0.0162 -4.2796e-03  -0.0036  -0.0032  -0.0043
SIM8L2   0.0794 -0.0033 -0.0064 -6.3170e-03 -0.0055  0.0026 -4.8928e-03 -0.0044  1.0000  0.0972  -0.0061  -0.0072   0.0028 -7.9812e-04  -0.0045   0.0379  -0.0042  -0.0056 -3.8798e-03   0.0010  -0.0047  -0.0040  -0.0049 -9.4685e-04 -5.4536e-03   0.0137  -0.0047   0.1825   0.1127  -0.0057  -0.0049 -6.4748e-03  -0.0063  3.4738e-03  -0.0021  -0.0053 -4.9807e-03  -0.0044 -6.0691e-03   0.0012 -6.1048e-03  -0.0062   0.0044  -0.0051  -0.0060  -0.0055   0.1734 -7.0099e-03  -0.0060  -0.0054   0.0131
SIM9L2   0.0199  0.0817 -0.0051 -1.4927e-03 -0.0040 -0.0053 -3.7286e-03  0.0097  0.0972  1.0000  -0.0023  -0.0056  -0.0050 -2.5613e-03  -0.0032  -0.0051  -0.0032  -0.0015  3.2974e-02   0.0044  -0.0005  -0.0043  -0.0036 -3.9499e-03 -4.8117e-03  -0.0045  -0.0041  -0.0028   0.2660  -0.0038  -0.0036 -5.4724e-03  -0.0047  1.2363e-02  -0.0035  -0.0046 -4.0788e-03  -0.0031  7.1124e-03   0.0164 -4.6499e-03  -0.0046  -0.0037   0.0037  -0.0044   0.0015   0.1087 -5.2288e-03  -0.0044  -0.0039   0.0051
SIM10L2  0.0609 -0.0001 -0.0057  1.1152e-03 -0.0035 -0.0037 -2.2784e-03 -0.0033 -0.0061 -0.0023   1.0000  -0.0025  -0.0056 -1.3442e-03  -0.0037  -0.0027  -0.0037  -0.0046 -4.2878e-03  -0.0033   0.0247   0.0236  -0.0038 -4.5729e-03 -2.8819e-03  -0.0050   0.0396   0.0588  -0.0044  -0.0045  -0.0040 -1.3748e-03  -0.0054  1.9544e-03  -0.0042  -0.0039 -4.3397e-03  -0.0026 -4.9884e-03  -0.0058  3.1755e-04  -0.0051   0.3561  -0.0047   0.0066  -0.0052  -0.0004 -5.1607e-03  -0.0049  -0.0044   0.0293
SIM11L2  0.0463  0.0185 -0.0070 -5.4479e-03 -0.0058  0.0351 -5.1437e-04 -0.0046 -0.0072 -0.0056  -0.0025   1.0000  -0.0066 -3.5939e-03  -0.0045   0.0170   0.0016  -0.0058 -5.5078e-03  -0.0036  -0.0056   0.0005  -0.0049 -5.2428e-03 -6.7569e-03  -0.0056  -0.0041  -0.0030  -0.0052  -0.0059  -0.0051 -7.6608e-03  -0.0068 -4.6918e-03   0.0465   0.0234  5.2141e-02  -0.0008 -6.2631e-03  -0.0057  3.9322e-03  -0.0065  -0.0068  -0.0063  -0.0062  -0.0062  -0.0061  1.3434e-02  -0.0062   0.0070  -0.0070
SIM12L2  0.0482 -0.0055 -0.0046 -5.0233e-03 -0.0050  0.0125 -4.6663e-03 -0.0026  0.0028 -0.0050  -0.0056  -0.0066   1.0000 -2.7310e-03   0.0003   0.0148  -0.0031  -0.0023  1.9070e-01  -0.0029  -0.0050  -0.0011  -0.0045 -3.2464e-03 -6.0133e-03  -0.0040   0.1084  -0.0035  -0.0048  -0.0055  -0.0045 -4.7615e-03   0.0244 -4.4321e-03  -0.0033  -0.0058 -5.1046e-03   0.0051 -5.2853e-03   0.0712 -4.7367e-03  -0.0055  -0.0060  -0.0056  -0.0049  -0.0046  -0.0049 -6.2991e-03  -0.0001  -0.0049  -0.0065
SIM13L2  0.0055 -0.0028 -0.0033 -2.9658e-03 -0.0008 -0.0035 -1.1666e-03  0.0089 -0.0008 -0.0026  -0.0013  -0.0036  -0.0027  1.0000e+00  -0.0021  -0.0033  -0.0021  -0.0026 -2.4590e-03  -0.0017  -0.0026  -0.0004  -0.0023  6.0533e-05  2.2878e-03  -0.0027  -0.0027  -0.0018  -0.0025   0.0063  -0.0023 -3.4983e-03  -0.0031 -2.2450e-03  -0.0023  -0.0030 -3.2121e-03  -0.0003 -2.8586e-03  -0.0037 -2.8717e-03  -0.0017  -0.0031   0.1159  -0.0028  -0.0030   0.0007 -3.2109e-03   0.0215  -0.0025  -0.0030
SIM14L2 -0.0221  0.0240 -0.0042 -3.7897e-03 -0.0033 -0.0043 -3.0683e-03 -0.0021 -0.0045 -0.0032  -0.0037  -0.0045   0.0003 -2.1077e-03   1.0000  -0.0043  -0.0026  -0.0037 -3.1451e-03  -0.0026  -0.0003  -0.0008   0.1997 -1.6525e-03  6.6621e-04  -0.0010   0.0014  -0.0019  -0.0032   0.1189  -0.0003 -4.5034e-03  -0.0037 -9.1576e-04  -0.0031   0.0007 -3.3565e-03  -0.0026 -3.6788e-03   0.0560 -3.8232e-03  -0.0038  -0.0040  -0.0039   0.3642  -0.0038  -0.0036 -4.1033e-03  -0.0036  -0.0032   0.0041
SIM15L2  0.0232  0.1329  0.0091 -5.1599e-03 -0.0053  0.0143 -4.3114e-03 -0.0008  0.0379 -0.0051  -0.0027   0.0170   0.0148 -3.2555e-03  -0.0043   1.0000   0.0664  -0.0026 -4.9386e-03  -0.0034  -0.0050  -0.0046  -0.0045 -2.3193e-03 -3.2550e-03  -0.0058  -0.0036  -0.0036   0.2076  -0.0048  -0.0008  4.0933e-02  -0.0062 -4.5514e-03  -0.0024   0.0450  8.6383e-03   0.0026  1.7417e-01   0.1450  5.1664e-03  -0.0038  -0.0054  -0.0061   0.0077  -0.0060  -0.0020 -5.4651e-03  -0.0056  -0.0030  -0.0064
SIM16L2 -0.0049 -0.0035 -0.0041 -2.6714e-03 -0.0032  0.0086 -2.2475e-04 -0.0025 -0.0042 -0.0032  -0.0037   0.0016  -0.0031 -2.0940e-03  -0.0026   0.0664   1.0000  -0.0004  6.9285e-03   0.0050  -0.0032  -0.0034  -0.0016 -3.3398e-03 -3.7863e-03  -0.0036   0.0048  -0.0023  -0.0033  -0.0035  -0.0011 -4.1594e-03  -0.0039 -2.8216e-03  -0.0022  -0.0037 -2.5942e-03   0.0008 -3.5239e-03  -0.0039 -3.7053e-03  -0.0032  -0.0039  -0.0032  -0.0035  -0.0034   0.1550 -4.3444e-03  -0.0035  -0.0031  -0.0042
SIM17L2  0.0399 -0.0045  0.0012 -4.7679e-03  0.0097 -0.0055  6.5263e-02  0.0130 -0.0056 -0.0015  -0.0046  -0.0058  -0.0023 -2.5880e-03  -0.0037  -0.0026  -0.0004   1.0000 -3.8922e-03  -0.0032  -0.0041  -0.0044   0.0046 -4.2257e-03 -4.9529e-03  -0.0033  -0.0016  -0.0030  -0.0032  -0.0029  -0.0037 -2.9885e-03  -0.0050 -3.6614e-03  -0.0038  -0.0048 -4.2188e-03  -0.0019 -4.5992e-03  -0.0027 -4.4070e-03   0.0015  -0.0048  -0.0045   0.0075  -0.0046  -0.0045 -4.9919e-03  -0.0040  -0.0041  -0.0052
SIM18L2  0.0369 -0.0026 -0.0052 -8.1610e-05 -0.0039 -0.0047 -3.5559e-03 -0.0031 -0.0039  0.0330  -0.0043  -0.0055   0.1907 -2.4590e-03  -0.0031  -0.0049   0.0069  -0.0039  1.0000e+00  -0.0030  -0.0028  -0.0026  -0.0034 -3.9222e-03 -4.6367e-03  -0.0036   0.0015  -0.0027  -0.0016   0.0358  -0.0034 -5.2507e-03  -0.0047 -3.3984e-03  -0.0030  -0.0024  1.1393e-02  -0.0031  3.7248e-03   0.0025 -4.4645e-03  -0.0033  -0.0046  -0.0046  -0.0042  -0.0013  -0.0042  8.9339e-03  -0.0043  -0.0038  -0.0050
SIM19L2 -0.0146 -0.0034 -0.0038 -8.5098e-04 -0.0032 -0.0042 -2.1122e-03  0.0061  0.0010  0.0044  -0.0033  -0.0036  -0.0029 -1.6968e-03  -0.0026  -0.0034   0.0050  -0.0032 -3.0047e-03   1.0000  -0.0032  -0.0034   0.0036 -3.0762e-03 -3.7854e-03  -0.0036  -0.0033  -0.0022   0.0054  -0.0032   0.0025 -4.3023e-03  -0.0003 -3.8744e-04  -0.0029  -0.0031 -3.1633e-03  -0.0025  1.8539e-01  -0.0045 -3.6544e-03  -0.0036   0.0703   0.0322  -0.0035   0.0007   0.0209 -4.1108e-03  -0.0034  -0.0031  -0.0041
SIM20L2  0.0219  0.0062 -0.0051 -4.6273e-03 -0.0041  0.0550 -3.7581e-03 -0.0032 -0.0047 -0.0005   0.0247  -0.0056  -0.0050 -2.5870e-03  -0.0003  -0.0050  -0.0032  -0.0041 -2.7592e-03  -0.0032   1.0000  -0.0044  -0.0038 -4.1177e-03 -3.1900e-03  -0.0044  -0.0041   0.0313  -0.0039  -0.0044  -0.0030  6.1859e-03  -0.0049 -1.4501e-03   0.0201  -0.0031 -4.1111e-03  -0.0031 -4.4688e-03   0.0126 -3.5420e-03   0.0008   0.0068  -0.0044  -0.0045   0.0016  -0.0044  5.3104e-02   0.0005  -0.0040   0.0252
SIM21L2  0.0313 -0.0047  0.0180 -4.9667e-03 -0.0043 -0.0057  1.6189e-02 -0.0035 -0.0040 -0.0043   0.0236   0.0005  -0.0011 -3.7627e-04  -0.0008  -0.0046  -0.0034  -0.0044 -2.5502e-03  -0.0034  -0.0044   1.0000  -0.0034  1.8061e-01  4.1534e-03   0.0257  -0.0041  -0.0030  -0.0041  -0.0047  -0.0039 -5.9070e-03  -0.0003 -2.8607e-03  -0.0024   0.0309 -3.5469e-03   0.0040 -4.7865e-03  -0.0061 -4.5005e-03  -0.0049  -0.0052   0.0247  -0.0047  -0.0050  -0.0035 -5.5876e-03  -0.0047  -0.0042   0.0204
SIM22L2 -0.0142 -0.0033 -0.0045 -4.1220e-03  0.0383 -0.0012 -3.3343e-03 -0.0028 -0.0049 -0.0036  -0.0038  -0.0049  -0.0045 -2.2904e-03   0.1997  -0.0045  -0.0016   0.0046 -3.3531e-03   0.0036  -0.0038  -0.0034   1.0000 -3.6533e-03 -4.3029e-03  -0.0040  -0.0036  -0.0025  -0.0035  -0.0039  -0.0032 -4.9143e-03  -0.0043 -3.1654e-03  -0.0033  -0.0036 -3.6475e-03  -0.0029 -8.7908e-04  -0.0010 -4.1271e-03  -0.0041  -0.0043  -0.0042   0.1620   0.2458  -0.0039 -4.6759e-03  -0.0039  -0.0010  -0.0047
SIM23L2  0.0257 -0.0045 -0.0014 -3.1361e-03 -0.0041 -0.0054 -3.8291e-03 -0.0033 -0.0009 -0.0039  -0.0046  -0.0052  -0.0032  6.0533e-05  -0.0017  -0.0023  -0.0033  -0.0042 -3.9222e-03  -0.0031  -0.0041   0.1806  -0.0037  1.0000e+00 -4.5268e-03  -0.0044  -0.0036   0.0053   0.0129   0.0394   0.1019 -5.6161e-03   0.0102 -3.6326e-03  -0.0025  -0.0047  8.7465e-03  -0.0025  7.1468e-04  -0.0050 -4.8787e-03   0.1164   0.0042  -0.0049  -0.0045  -0.0017   0.0183 -5.3661e-03  -0.0042  -0.0037  -0.0011
SIM24L2  0.0050  0.1179 -0.0061 -5.3848e-03 -0.0049  0.0262 -1.1382e-03  0.0097 -0.0055 -0.0048  -0.0029  -0.0068  -0.0060  2.2878e-03   0.0007  -0.0033  -0.0038  -0.0050 -4.6367e-03  -0.0038  -0.0032   0.0042  -0.0043 -4.5268e-03  1.0000e+00  -0.0022  -0.0047  -0.0034  -0.0044  -0.0054  -0.0020  9.7871e-02   0.0059  1.6414e-02  -0.0045   0.0022 -2.7727e-05  -0.0039 -4.4994e-03  -0.0069  7.3160e-03  -0.0035  -0.0027  -0.0057  -0.0051   0.0065  -0.0013 -5.3097e-03   0.0494  -0.0045  -0.0059
SIM25L2  0.0072 -0.0037 -0.0057 -5.2282e-03 -0.0045 -0.0059 -3.9066e-03 -0.0036  0.0137 -0.0045  -0.0050  -0.0056  -0.0040 -2.6768e-03  -0.0010  -0.0058  -0.0036  -0.0033 -3.6104e-03  -0.0036  -0.0044   0.0257  -0.0040 -4.3726e-03 -2.2249e-03   1.0000  -0.0047   0.1349  -0.0043   0.0052  -0.0041 -5.5675e-03  -0.0054  1.5227e-02  -0.0045  -0.0012 -3.5266e-03  -0.0036 -4.9502e-03  -0.0048 -4.9411e-03  -0.0053  -0.0053  -0.0053  -0.0049  -0.0052  -0.0049 -5.5967e-03  -0.0038   0.0035  -0.0059
SIM26L2  0.0298 -0.0046 -0.0050 -4.4171e-03 -0.0043 -0.0056 -1.4289e-03  0.0076 -0.0047 -0.0041   0.0396  -0.0041   0.1084 -2.6804e-03   0.0014  -0.0036   0.0048  -0.0016  1.5305e-03  -0.0033  -0.0041  -0.0041  -0.0036 -3.5681e-03 -4.6886e-03  -0.0047   1.0000  -0.0027  -0.0041  -0.0046  -0.0038 -5.3637e-03  -0.0050 -2.1914e-03  -0.0038  -0.0045 -2.8229e-03  -0.0034 -2.5839e-03  -0.0045 -3.3141e-03  -0.0049  -0.0042  -0.0050  -0.0016  -0.0046  -0.0026 -2.0012e-03  -0.0035  -0.0041  -0.0050
SIM27L2  0.0128 -0.0033 -0.0036 -3.2733e-03 -0.0030 -0.0036 -2.6478e-03 -0.0023  0.1825 -0.0028   0.0588  -0.0030  -0.0035 -1.8189e-03  -0.0019  -0.0036  -0.0023  -0.0030 -2.7140e-03  -0.0022   0.0313  -0.0030  -0.0025  5.3331e-03 -3.4169e-03   0.1349  -0.0027   1.0000  -0.0028  -0.0031  -0.0026 -3.8557e-03  -0.0028  1.9557e-03  -0.0027  -0.0020 -2.8965e-03  -0.0023 -2.8089e-03  -0.0037 -3.2792e-03   0.1033   0.0167  -0.0034  -0.0031  -0.0033  -0.0031 -2.9515e-03  -0.0033  -0.0028  -0.0037
SIM28L2  0.0519 -0.0039  0.0131 -2.9703e-03 -0.0040  0.0075 -3.6573e-03 -0.0032  0.1127  0.2660  -0.0044  -0.0052  -0.0048 -2.5124e-03  -0.0032   0.2076  -0.0033  -0.0032 -1.6166e-03   0.0054  -0.0039  -0.0041  -0.0035  1.2909e-02 -4.3864e-03  -0.0043  -0.0041  -0.0028   1.0000  -0.0032  -0.0035 -5.3679e-03  -0.0048  1.4328e-02  -0.0037  -0.0022 -3.9861e-03   0.0654  2.3675e-01   0.1889 -4.5595e-03  -0.0045  -0.0016   0.0005  -0.0043  -0.0041   0.1282 -5.2520e-03   0.0035   0.1188   0.0048
SIM29L2  0.0225 -0.0049  0.0241 -5.1038e-03 -0.0045 -0.0058 -2.9984e-03 -0.0036 -0.0057 -0.0038  -0.0045  -0.0059  -0.0055  6.2911e-03   0.1189  -0.0048  -0.0035  -0.0029  3.5821e-02  -0.0032  -0.0044  -0.0047  -0.0039  3.9369e-02 -5.3851e-03   0.0052  -0.0046  -0.0031  -0.0032   1.0000   0.0265 -5.8286e-03  -0.0054 -3.8981e-03  -0.0041   0.2612  2.6896e-03  -0.0033 -4.9194e-03  -0.0063 -5.1467e-03   0.0470  -0.0053   0.0098  -0.0049  -0.0051  -0.0040 -5.7909e-03  -0.0046  -0.0043  -0.0003
SIM30L2 -0.0009 -0.0040 -0.0046 -4.2166e-03 -0.0037 -0.0047 -3.1143e-03  0.0921 -0.0049 -0.0036  -0.0040  -0.0051  -0.0045 -2.3187e-03  -0.0003  -0.0008  -0.0011  -0.0037 -3.3853e-03   0.0025  -0.0030  -0.0039  -0.0032  1.0190e-01 -1.9730e-03  -0.0041  -0.0038  -0.0026  -0.0035   0.0265   1.0000 -4.9276e-03  -0.0037 -3.1660e-03  -0.0034  -0.0042 -3.6850e-03  -0.0010 -1.6642e-03  -0.0052 -4.2023e-03   0.0520  -0.0044  -0.0012  -0.0040  -0.0039   0.0081 -4.7336e-03  -0.0016  -0.0024  -0.0047
SIM31L2 -0.0134 -0.0039 -0.0053  9.5284e-04 -0.0053 -0.0073 -6.1202e-05 -0.0043 -0.0065 -0.0055  -0.0014  -0.0077  -0.0048 -3.4983e-03  -0.0045   0.0409  -0.0042  -0.0030 -5.2507e-03  -0.0043   0.0062  -0.0059  -0.0049 -5.6161e-03  9.7871e-02  -0.0056  -0.0054  -0.0039  -0.0054  -0.0058  -0.0049  1.0000e+00   0.2427  3.0565e-01   0.0787   0.0123  3.3575e-03  -0.0044 -6.1077e-03  -0.0063 -6.2030e-03  -0.0058  -0.0065  -0.0053   0.0044   0.2505  -0.0038  6.5176e-03  -0.0059  -0.0054  -0.0071
SIM32L2  0.0024 -0.0054 -0.0062 -5.2014e-03 -0.0049 -0.0064 -4.5465e-03  0.0051 -0.0063 -0.0047  -0.0054  -0.0068   0.0244 -3.1033e-03  -0.0037  -0.0062  -0.0039  -0.0050 -4.6603e-03  -0.0003  -0.0049  -0.0003  -0.0043  1.0212e-02  5.8662e-03  -0.0054  -0.0050  -0.0028  -0.0048  -0.0054  -0.0037  2.4267e-01   1.0000  2.6806e-01  -0.0044  -0.0056 -5.1938e-03  -0.0039  2.2145e-03  -0.0069 -5.6680e-03  -0.0046  -0.0013  -0.0058  -0.0054   0.2325  -0.0047 -6.3759e-03  -0.0053  -0.0048  -0.0029
SIM33L2  0.0204 -0.0039 -0.0045  4.1366e-03 -0.0036  0.0095 -3.3154e-03 -0.0028  0.0035  0.0124   0.0020  -0.0047  -0.0044 -2.2450e-03  -0.0009  -0.0046  -0.0028  -0.0037 -3.3984e-03  -0.0004  -0.0015  -0.0029  -0.0032 -3.6326e-03  1.6414e-02   0.0152  -0.0022   0.0020   0.0143  -0.0039  -0.0032  3.0565e-01   0.2681  1.0000e+00  -0.0033   0.0065 -4.0211e-03  -0.0028 -6.2873e-04  -0.0051 -4.1368e-03  -0.0043  -0.0043   0.0799  -0.0039   0.2864   0.0055 -2.4250e-05   0.0009  -0.0035  -0.0043
SIM34L2 -0.0031 -0.0041 -0.0040  1.1651e-01 -0.0035 -0.0028 -7.4696e-04 -0.0022 -0.0021 -0.0035  -0.0042   0.0465  -0.0033 -2.3114e-03  -0.0031  -0.0024  -0.0022  -0.0038 -2.9573e-03  -0.0029   0.0201  -0.0024  -0.0033 -2.5090e-03 -4.5213e-03  -0.0045  -0.0038  -0.0027  -0.0037  -0.0041  -0.0034  7.8680e-02  -0.0044 -3.3268e-03   1.0000  -0.0043  1.1680e-01  -0.0030 -4.1764e-03  -0.0045  1.2596e-02  -0.0044  -0.0024  -0.0025  -0.0042  -0.0022  -0.0028 -4.8982e-03  -0.0041  -0.0037  -0.0049
SIM35L2  0.0425  0.0350  0.0685 -5.3372e-03 -0.0047  0.1207 -4.3308e-03 -0.0037 -0.0053 -0.0046  -0.0039   0.0234  -0.0058 -2.9656e-03   0.0007   0.0450  -0.0037  -0.0048 -2.4276e-03  -0.0031  -0.0031   0.0309  -0.0036 -4.7303e-03  2.2322e-03  -0.0012  -0.0045  -0.0020  -0.0022   0.2612  -0.0042  1.2251e-02  -0.0056  6.5443e-03  -0.0043   1.0000 -7.6867e-04  -0.0037 -5.1444e-03   0.1070  8.5253e-03  -0.0054  -0.0056  -0.0054   0.0024  -0.0054  -0.0031 -4.8654e-03  -0.0048  -0.0029  -0.0055
SIM36L2  0.0167 -0.0040 -0.0051 -4.8371e-03 -0.0041 -0.0029 -3.8202e-03 -0.0033 -0.0050 -0.0041  -0.0043   0.0521  -0.0051 -3.2121e-03  -0.0034   0.0086  -0.0026  -0.0042  1.1393e-02  -0.0032  -0.0041  -0.0035  -0.0036  8.7465e-03 -2.7727e-05  -0.0035  -0.0028  -0.0029  -0.0040   0.0027  -0.0037  3.3575e-03  -0.0052 -4.0211e-03   0.1168  -0.0008  1.0000e+00  -0.0033 -4.5523e-03  -0.0021 -4.7626e-03  -0.0048  -0.0049  -0.0040   0.0354  -0.0050  -0.0042 -5.3278e-03  -0.0044  -0.0040  -0.0054
SIM37L2  0.0342 -0.0035 -0.0021 -2.0180e-03 -0.0032 -0.0043 -3.0004e-03 -0.0014 -0.0044 -0.0031  -0.0026  -0.0008   0.0051 -3.4739e-04  -0.0026   0.0026   0.0008  -0.0019 -3.1413e-03  -0.0025  -0.0031   0.0040  -0.0029 -2.4588e-03 -3.8721e-03  -0.0036  -0.0034  -0.0023   0.0654  -0.0033  -0.0010 -4.4038e-03  -0.0039 -2.8485e-03  -0.0030  -0.0037 -3.2823e-03   1.0000 -3.5396e-03  -0.0046  7.2631e-03  -0.0025  -0.0012   0.0028  -0.0031  -0.0037  -0.0035 -4.2078e-03  -0.0035  -0.0032  -0.0018
SIM38L2 -0.0040 -0.0047  0.0101 -4.9052e-03 -0.0045 -0.0014 -4.1614e-03  0.0033 -0.0061  0.0071  -0.0050  -0.0063  -0.0053 -2.8586e-03  -0.0037   0.1742  -0.0035  -0.0046  3.7248e-03   0.1854  -0.0045  -0.0048  -0.0009  7.1468e-04 -4.4994e-03  -0.0050  -0.0026  -0.0028   0.2367  -0.0049  -0.0017 -6.1077e-03   0.0022 -6.2873e-04  -0.0042  -0.0051 -4.5523e-03  -0.0035  1.0000e+00   0.1619 -6.9942e-05  -0.0040   0.0512   0.0089  -0.0049   0.0377   0.0133 -5.1896e-03  -0.0043  -0.0034  -0.0033
SIM39L2  0.0622  0.0169  0.0037  1.7757e-01  0.0127  0.0049  6.3471e-03 -0.0036  0.0012  0.0164  -0.0058  -0.0057   0.0712 -3.6657e-03   0.0560   0.1450  -0.0039  -0.0027  2.4557e-03  -0.0045   0.0126  -0.0061  -0.0010 -5.0240e-03 -6.8903e-03  -0.0048  -0.0045  -0.0037   0.1889  -0.0063  -0.0052 -6.3374e-03  -0.0069 -5.0688e-03  -0.0045   0.1070 -2.0543e-03  -0.0046  1.6186e-01   1.0000  1.4826e-03  -0.0066  -0.0068   0.0144  -0.0025   0.0016  -0.0061 -7.3719e-03   0.1415  -0.0057   0.0171
SIM40L2  0.0416  0.0072 -0.0059 -5.3607e-03 -0.0047  0.0053 -4.0357e-03  0.0009 -0.0061 -0.0046   0.0003   0.0039  -0.0047 -2.8717e-03  -0.0038   0.0052  -0.0037  -0.0044 -4.4645e-03  -0.0037  -0.0035  -0.0045  -0.0041 -4.8787e-03  7.3160e-03  -0.0049  -0.0033  -0.0033  -0.0046  -0.0051  -0.0042 -6.2030e-03  -0.0057 -4.1368e-03   0.0126   0.0085 -4.7626e-03   0.0073 -6.9942e-05   0.0015  1.0000e+00  -0.0054   0.0360  -0.0052  -0.0050  -0.0043   0.0005 -5.6947e-03  -0.0050   0.0003  -0.0061
SIM41L2  0.0225 -0.0013 -0.0059 -5.3690e-03 -0.0047 -0.0050 -4.4437e-03  0.0974 -0.0062 -0.0046  -0.0051  -0.0065  -0.0055 -1.7226e-03  -0.0038  -0.0038  -0.0032   0.0015 -3.2644e-03  -0.0036   0.0008  -0.0049  -0.0041  1.1637e-01 -3.4786e-03  -0.0053  -0.0049   0.1033  -0.0045   0.0470   0.0520 -5.7785e-03  -0.0046 -4.3072e-03  -0.0044  -0.0054 -4.7508e-03  -0.0025 -3.9625e-03  -0.0066 -5.4238e-03   1.0000  -0.0048  -0.0047  -0.0049  -0.0053  -0.0030 -6.0956e-03  -0.0051  -0.0046  -0.0061
SIM42L2  0.0416 -0.0030 -0.0060 -4.7570e-03 -0.0041 -0.0064 -3.6350e-03  0.0039  0.0044 -0.0037   0.3561  -0.0068  -0.0060 -3.1090e-03  -0.0040  -0.0054  -0.0039  -0.0048 -4.6325e-03   0.0703   0.0068  -0.0052  -0.0043  4.1702e-03 -2.7280e-03  -0.0053  -0.0042   0.0167  -0.0016  -0.0053  -0.0044 -6.5119e-03  -0.0013 -4.2905e-03  -0.0024  -0.0056 -4.9439e-03  -0.0012  5.1207e-02  -0.0068  3.5999e-02  -0.0048   1.0000  -0.0057  -0.0053  -0.0056   0.0587  2.0813e-02  -0.0053  -0.0048   0.0641
SIM43L2  0.0343 -0.0052  0.0158  6.7334e-03  0.1362  0.0096 -4.0524e-03 -0.0039 -0.0051  0.0037  -0.0047  -0.0063  -0.0056  1.1589e-01  -0.0039  -0.0061  -0.0032  -0.0045 -4.5510e-03   0.0322  -0.0044   0.0247  -0.0042 -4.8647e-03 -5.7297e-03  -0.0053  -0.0050  -0.0034   0.0005   0.0098  -0.0012 -5.2757e-03  -0.0058  7.9945e-02  -0.0025  -0.0054 -4.0484e-03   0.0028  8.8585e-03   0.0144 -5.2071e-03  -0.0047  -0.0057   1.0000   0.0113  -0.0055  -0.0037  7.8861e-02   0.0260  -0.0043   0.0696
SIM44L2  0.0011 -0.0039 -0.0056 -5.0961e-03 -0.0048 -0.0054 -4.1222e-03  0.2725 -0.0060 -0.0044   0.0066  -0.0062  -0.0049 -2.8317e-03   0.3642   0.0077  -0.0035   0.0075 -4.2253e-03  -0.0035  -0.0045  -0.0047   0.1620 -4.4768e-03 -5.0753e-03  -0.0049  -0.0016  -0.0031  -0.0043  -0.0049  -0.0040  4.4169e-03  -0.0054 -3.9134e-03  -0.0042   0.0024  3.5351e-02  -0.0031 -4.9120e-03  -0.0025 -5.0438e-03  -0.0049  -0.0053   0.0113   1.0000  -0.0051  -0.0038 -5.7808e-03  -0.0048  -0.0042  -0.0044
SIM45L2  0.0107 -0.0051 -0.0059  2.8561e-02 -0.0047 -0.0061 -4.3471e-03 -0.0031 -0.0055  0.0015  -0.0052  -0.0062  -0.0046 -2.9862e-03  -0.0038  -0.0060  -0.0034  -0.0046 -1.3268e-03   0.0007   0.0016  -0.0050   0.2458 -1.6834e-03  6.5424e-03  -0.0052  -0.0046  -0.0033  -0.0041  -0.0051  -0.0039  2.5045e-01   0.2325  2.8643e-01  -0.0022  -0.0054 -5.0012e-03  -0.0037  3.7732e-02   0.0016 -4.3153e-03  -0.0053  -0.0056  -0.0055  -0.0051   1.0000  -0.0051 -6.0963e-03  -0.0020  -0.0043  -0.0062
SIM46L2  0.0276  0.0440 -0.0055 -5.0596e-03 -0.0044 -0.0032 -3.7040e-03  0.0162  0.1734  0.1087  -0.0004  -0.0061  -0.0049  7.3577e-04  -0.0036  -0.0020   0.1550  -0.0045 -4.1867e-03   0.0209  -0.0044  -0.0035  -0.0039  1.8251e-02 -1.3334e-03  -0.0049  -0.0026  -0.0031   0.1282  -0.0040   0.0081 -3.8341e-03  -0.0047  5.5392e-03  -0.0028  -0.0031 -4.1744e-03  -0.0035  1.3323e-02  -0.0061  4.7896e-04  -0.0030   0.0587  -0.0037  -0.0038  -0.0051   1.0000 -5.7281e-03  -0.0045  -0.0009   0.0175
SIM47L2  0.0590 -0.0055 -0.0067 -6.7584e-04 -0.0050  0.0290 -4.6224e-03 -0.0043 -0.0070 -0.0052  -0.0052   0.0134  -0.0063 -3.2109e-03  -0.0041  -0.0055  -0.0043  -0.0050  8.9339e-03  -0.0041   0.0531  -0.0056  -0.0047 -5.3661e-03 -5.3097e-03  -0.0056  -0.0020  -0.0030  -0.0053  -0.0058  -0.0047  6.5176e-03  -0.0064 -2.4250e-05  -0.0049  -0.0049 -5.3278e-03  -0.0042 -5.1896e-03  -0.0074 -5.6947e-03  -0.0061   0.0208   0.0789  -0.0058  -0.0061  -0.0057  1.0000e+00  -0.0058   0.0056  -0.0069
SIM48L2  0.0628  0.0767 -0.0056  9.4316e-02  0.0326 -0.0058  1.8764e-03 -0.0036 -0.0060 -0.0044  -0.0049  -0.0062  -0.0001  2.1534e-02  -0.0036  -0.0056  -0.0035  -0.0040 -4.2783e-03  -0.0034   0.0005  -0.0047  -0.0039 -4.2080e-03  4.9420e-02  -0.0038  -0.0035  -0.0033   0.0035  -0.0046  -0.0016 -5.9281e-03  -0.0053  9.0276e-04  -0.0041  -0.0048 -4.4083e-03  -0.0035 -4.3222e-03   0.1415 -5.0493e-03  -0.0051  -0.0053   0.0260  -0.0048  -0.0020  -0.0045 -5.7563e-03   1.0000  -0.0043   0.0072
SIM49L2  0.0406 -0.0039 -0.0048 -4.5380e-03 -0.0043 -0.0034 -3.6609e-03 -0.0032 -0.0054 -0.0039  -0.0044   0.0070  -0.0049 -2.5215e-03  -0.0032  -0.0030  -0.0031  -0.0041 -3.7626e-03  -0.0031  -0.0040  -0.0042  -0.0010 -3.7129e-03 -4.4841e-03   0.0035  -0.0041  -0.0028   0.1188  -0.0043  -0.0024 -5.3875e-03  -0.0048 -3.4848e-03  -0.0037  -0.0029 -4.0450e-03  -0.0032 -3.4000e-03  -0.0057  3.3323e-04  -0.0046  -0.0048  -0.0043  -0.0042  -0.0043  -0.0009  5.6414e-03  -0.0043   1.0000  -0.0021
SIM50L2  0.0242 -0.0013  0.0122  1.9273e-02  0.0446 -0.0065 -2.7096e-03 -0.0043  0.0131  0.0051   0.0293  -0.0070  -0.0065 -3.0035e-03   0.0041  -0.0064  -0.0042  -0.0052 -5.0188e-03  -0.0041   0.0252   0.0204  -0.0047 -1.0858e-03 -5.8708e-03  -0.0059  -0.0050  -0.0037   0.0048  -0.0003  -0.0047 -7.0855e-03  -0.0029 -4.3235e-03  -0.0049  -0.0055 -5.3562e-03  -0.0018 -3.2970e-03   0.0171 -6.1166e-03  -0.0061   0.0641   0.0696  -0.0044  -0.0062   0.0175 -6.8665e-03   0.0072  -0.0021   1.0000

LD Score Matrix Condition Number
3.0308

Annotation Correlation Matrix
             SIM1        SIM2        SIM3        SIM4        SIM5        SIM6        SIM7        SIM8        SIM9       SIM10       SIM11       SIM12       SIM13       SIM14       SIM15       SIM16       SIM17       SIM18       SIM19       SIM20       SIM21       SIM22       SIM23       SIM24       SIM25       SIM26       SIM27       SIM28       SIM29       SIM30       SIM31       SIM32       SIM33       SIM34       SIM35       SIM36       SIM37       SIM38       SIM39       SIM40       SIM41       SIM42       SIM43       SIM44       SIM45       SIM46       SIM47       SIM48       SIM49       SIM50
SIM1   1.0000e+00 -5.4787e-05 -4.9294e-05 -4.1415e-05 -4.7822e-05 -4.4733e-05 -4.4733e-05 -4.9294e-05 -3.9652e-05 -4.3106e-05 -5.9778e-05 -5.0723e-05 -4.3106e-05 -3.9652e-05 -6.4384e-05 -3.7806e-05 -4.6303e-05 -4.4733e-05 -3.7806e-05 -4.6303e-05 -4.9294e-05 -3.1631e-05 -4.4733e-05 -5.4787e-05 -5.3467e-05 -4.9294e-05 -3.1631e-05 -4.1415e-05 -4.4733e-05 -4.1415e-05 -5.2113e-05 -4.7822e-05 -3.7806e-05 -4.1415e-05 -4.3106e-05 -4.3106e-05 -3.7806e-05 -5.2113e-05 -5.7337e-05 -5.3467e-05 -4.6303e-05 -4.6303e-05 -5.0723e-05 -3.7806e-05 -4.3106e-05 -5.0723e-05 -5.2113e-05  6.6623e-02 -3.5866e-05 -5.4787e-05
SIM2  -5.4787e-05  1.0000e+00 -5.8326e-05 -4.9003e-05 -5.6584e-05 -5.2930e-05 -5.2930e-05 -5.8326e-05 -4.6917e-05 -5.1004e-05 -7.0731e-05 -6.0017e-05 -5.1004e-05 -4.6917e-05 -7.6181e-05 -4.4733e-05 -5.4787e-05 -5.2930e-05 -4.4733e-05 -5.4787e-05 -5.8326e-05 -3.7427e-05 -5.2930e-05 -6.4826e-05 -6.3264e-05 -5.8326e-05 -3.7427e-05 -4.9003e-05 -5.2930e-05 -4.9003e-05 -6.1662e-05 -5.6584e-05 -4.4733e-05 -4.9003e-05 -5.1004e-05 -5.1004e-05 -4.4733e-05 -6.1662e-05 -6.7843e-05 -6.3264e-05 -5.4787e-05 -5.4787e-05 -6.0017e-05 -4.4733e-05 -5.1004e-05 -6.0017e-05 -6.1662e-05 -5.4787e-05 -4.2438e-05 -6.4826e-05
SIM3  -4.9294e-05 -5.8326e-05  1.0000e+00 -4.4090e-05 -5.0911e-05 -4.7622e-05 -4.7622e-05 -5.2478e-05 -4.2213e-05 -4.5890e-05 -6.3639e-05 -5.3999e-05 -4.5890e-05 -4.2213e-05 -6.8542e-05 -4.0248e-05 -4.9294e-05 -4.7622e-05 -4.0248e-05 -4.9294e-05 -5.2478e-05 -3.3674e-05 -4.7622e-05 -5.8326e-05 -5.6920e-05 -5.2478e-05 -3.3674e-05 -4.4090e-05 -4.7622e-05 -4.4090e-05 -5.5479e-05 -5.0911e-05 -4.0248e-05 -4.4090e-05 -4.5890e-05 -4.5890e-05 -4.0248e-05 -5.5479e-05 -6.1040e-05 -5.6920e-05 -4.9294e-05 -4.9294e-05 -5.3999e-05 -4.0248e-05 -4.5890e-05 -5.3999e-05 -5.5479e-05 -4.9294e-05 -3.8183e-05 -5.8326e-05
SIM4  -4.1415e-05 -4.9003e-05 -4.4090e-05  1.0000e+00 -4.2773e-05 -4.0010e-05 -4.0010e-05 -4.4090e-05 -3.5465e-05 -3.8555e-05 -5.3467e-05 -4.5368e-05 -3.8555e-05 -3.5465e-05 -5.7586e-05 -3.3815e-05 -4.1415e-05 -4.0010e-05 -3.3815e-05 -4.1415e-05 -4.4090e-05 -2.8291e-05 -4.0010e-05 -4.9003e-05 -4.7822e-05 -4.4090e-05 -2.8291e-05 -3.7042e-05 -4.0010e-05 -3.7042e-05 -4.6611e-05 -4.2773e-05 -3.3815e-05 -3.7042e-05 -3.8555e-05 -3.8555e-05 -3.3815e-05 -4.6611e-05 -5.1284e-05 -4.7822e-05 -4.1415e-05 -4.1415e-05 -4.5368e-05 -3.3815e-05 -3.8555e-05 -4.5368e-05 -4.6611e-05 -4.1415e-05 -3.2080e-05 -4.9003e-05
SIM5  -4.7822e-05 -5.6584e-05 -5.0911e-05 -4.2773e-05  1.0000e+00 -4.6200e-05 -4.6200e-05 -5.0911e-05 -4.0952e-05 -4.4520e-05 -6.1739e-05 -5.2387e-05 -4.4520e-05 -4.0952e-05 -6.6495e-05 -3.9046e-05 -4.7822e-05 -4.6200e-05 -3.9046e-05 -4.7822e-05 -5.0911e-05  9.4462e-02 -4.6200e-05 -5.6584e-05 -5.5221e-05 -5.0911e-05 -3.2668e-05 -4.2773e-05 -4.6200e-05 -4.2773e-05 -5.3822e-05 -4.9390e-05 -3.9046e-05 -4.2773e-05 -4.4520e-05 -4.4520e-05 -3.9046e-05 -5.3822e-05 -5.9218e-05 -5.5221e-05 -4.7822e-05 -4.7822e-05 -5.2387e-05 -3.9046e-05 -4.4520e-05 -5.2387e-05 -5.3822e-05 -4.7822e-05 -3.7042e-05 -5.6584e-05
SIM6  -4.4733e-05 -5.2930e-05 -4.7622e-05 -4.0010e-05 -4.6200e-05  1.0000e+00 -4.3216e-05 -4.7622e-05 -3.8307e-05 -4.1644e-05 -5.7751e-05 -4.9003e-05 -4.1644e-05 -3.8307e-05 -6.2200e-05 -3.6524e-05  6.8965e-02 -4.3216e-05 -3.6524e-05 -4.4733e-05 -4.7622e-05 -3.0558e-05 -4.3216e-05 -5.2930e-05 -5.1654e-05 -4.7622e-05 -3.0558e-05 -4.0010e-05 -4.3216e-05 -4.0010e-05 -5.0346e-05 -4.6200e-05 -3.6524e-05 -4.0010e-05 -4.1644e-05 -4.1644e-05 -3.6524e-05 -5.0346e-05 -5.5393e-05 -5.1654e-05 -4.4733e-05 -4.4733e-05 -4.9003e-05 -3.6524e-05 -4.1644e-05 -4.9003e-05 -5.0346e-05 -4.4733e-05 -3.4650e-05 -5.2930e-05
SIM7  -4.4733e-05 -5.2930e-05 -4.7622e-05 -4.0010e-05 -4.6200e-05 -4.3216e-05  1.0000e+00 -4.7622e-05 -3.8307e-05 -4.1644e-05 -5.7751e-05 -4.9003e-05  7.4086e-02 -3.8307e-05 -6.2200e-05 -3.6524e-05 -4.4733e-05 -4.3216e-05 -3.6524e-05 -4.4733e-05 -4.7622e-05 -3.0558e-05 -4.3216e-05 -5.2930e-05 -5.1654e-05  6.4776e-02 -3.0558e-05 -4.0010e-05 -4.3216e-05 -4.0010e-05 -5.0346e-05 -4.6200e-05 -3.6524e-05 -4.0010e-05 -4.1644e-05 -4.1644e-05 -3.6524e-05 -5.0346e-05 -5.5393e-05 -5.1654e-05 -4.4733e-05 -4.4733e-05 -4.9003e-05 -3.6524e-05 -4.1644e-05 -4.9003e-05 -5.0346e-05 -4.4733e-05 -3.4650e-05 -5.2930e-05
SIM8  -4.9294e-05 -5.8326e-05 -5.2478e-05 -4.4090e-05 -5.0911e-05 -4.7622e-05 -4.7622e-05  1.0000e+00 -4.2213e-05 -4.5890e-05 -6.3639e-05 -5.3999e-05 -4.5890e-05 -4.2213e-05 -6.8542e-05 -4.0248e-05 -4.9294e-05 -4.7622e-05 -4.0248e-05 -4.9294e-05 -5.2478e-05 -3.3674e-05 -4.7622e-05 -5.8326e-05 -5.6920e-05 -5.2478e-05  9.1640e-02 -4.4090e-05 -4.7622e-05 -4.4090e-05 -5.5479e-05 -5.0911e-05 -4.0248e-05 -4.4090e-05 -4.5890e-05 -4.5890e-05 -4.0248e-05 -5.5479e-05 -6.1040e-05 -5.6920e-05 -4.9294e-05 -4.9294e-05 -5.3999e-05 -4.0248e-05 -4.5890e-05 -5.3999e-05 -5.5479e-05 -4.9294e-05 -3.8183e-05 -5.8326e-05
SIM9  -3.9652e-05 -4.6917e-05 -4.2213e-05 -3.5465e-05 -4.0952e-05 -3.8307e-05 -3.8307e-05 -4.2213e-05  1.0000e+00 -3.6914e-05 -5.1191e-05 -4.3436e-05 -3.6914e-05 -3.3955e-05 -5.5135e-05 -3.2375e-05 -3.9652e-05 -3.8307e-05 -3.2375e-05 -3.9652e-05 -4.2213e-05 -2.7087e-05 -3.8307e-05 -4.6917e-05 -4.5786e-05 -4.2213e-05 -2.7087e-05 -3.5465e-05 -3.8307e-05 -3.5465e-05 -4.4627e-05 -4.0952e-05 -3.2375e-05 -3.5465e-05 -3.6914e-05 -3.6914e-05 -3.2375e-05 -4.4627e-05 -4.9100e-05 -4.5786e-05 -3.9652e-05 -3.9652e-05 -4.3436e-05 -3.2375e-05 -3.6914e-05 -4.3436e-05 -4.4627e-05 -3.9652e-05 -3.0714e-05 -4.6917e-05
SIM10 -4.3106e-05 -5.1004e-05 -4.5890e-05 -3.8555e-05 -4.4520e-05 -4.1644e-05 -4.1644e-05 -4.5890e-05 -3.6914e-05  1.0000e+00 -5.5650e-05 -4.7221e-05 -4.0129e-05 -3.6914e-05 -5.9938e-05 -3.5196e-05 -4.3106e-05 -4.1644e-05 -3.5196e-05 -4.3106e-05 -4.5890e-05 -2.9447e-05 -4.1644e-05 -5.1004e-05 -4.9775e-05 -4.5890e-05 -2.9447e-05 -3.8555e-05 -4.1644e-05 -3.8555e-05 -4.8515e-05 -4.4520e-05 -3.5196e-05 -3.8555e-05 -4.0129e-05 -4.0129e-05 -3.5196e-05 -4.8515e-05 -5.3378e-05 -4.9775e-05 -4.3106e-05 -4.3106e-05 -4.7221e-05 -3.5196e-05 -4.0129e-05 -4.7221e-05 -4.8515e-05 -4.3106e-05 -3.3389e-05 -5.1004e-05
SIM11 -5.9778e-05 -7.0731e-05 -6.3639e-05 -5.3467e-05 -6.1739e-05 -5.7751e-05 -5.7751e-05 -6.3639e-05 -5.1191e-05 -5.5650e-05  1.0000e+00 -6.5484e-05 -5.5650e-05 -5.1191e-05 -8.3120e-05 -4.8808e-05 -5.9778e-05 -5.7751e-05 -4.8808e-05 -5.9778e-05 -6.3639e-05 -4.0836e-05 -5.7751e-05 -7.0731e-05 -6.9027e-05 -6.3639e-05 -4.0836e-05 -5.3467e-05 -5.7751e-05 -5.3467e-05 -6.7279e-05 -6.1739e-05 -4.8808e-05 -5.3467e-05 -5.5650e-05 -5.5650e-05 -4.8808e-05 -6.7279e-05 -7.4023e-05 -6.9027e-05 -5.9778e-05 -5.9778e-05 -6.5484e-05 -4.8808e-05 -5.5650e-05 -6.5484e-05 -6.7279e-05 -5.9778e-05 -4.6304e-05 -7.0731e-05
SIM12 -5.0723e-05 -6.0017e-05 -5.3999e-05 -4.5368e-05 -5.2387e-05 -4.9003e-05 -4.9003e-05 -5.3999e-05 -4.3436e-05 -4.7221e-05 -6.5484e-05  1.0000e+00 -4.7221e-05 -4.3436e-05  4.3701e-02 -4.1415e-05 -5.0723e-05 -4.9003e-05 -4.1415e-05 -5.0723e-05 -5.3999e-05 -3.4650e-05 -4.9003e-05 -6.0017e-05 -5.8570e-05 -5.3999e-05 -3.4650e-05 -4.5368e-05 -4.9003e-05 -4.5368e-05 -5.7087e-05 -5.2387e-05 -4.1415e-05 -4.5368e-05 -4.7221e-05 -4.7221e-05 -4.1415e-05 -5.7087e-05 -6.2810e-05 -5.8570e-05 -5.0723e-05 -5.0723e-05 -5.5565e-05 -4.1415e-05 -4.7221e-05 -5.5565e-05 -5.7087e-05 -5.0723e-05 -3.9290e-05 -6.0017e-05
SIM13 -4.3106e-05 -5.1004e-05 -4.5890e-05 -3.8555e-05 -4.4520e-05 -4.1644e-05  7.4086e-02 -4.5890e-05 -3.6914e-05 -4.0129e-05 -5.5650e-05 -4.7221e-05  1.0000e+00 -3.6914e-05 -5.9938e-05 -3.5196e-05 -4.3106e-05 -4.1644e-05 -3.5196e-05 -4.3106e-05 -4.5890e-05 -2.9447e-05 -4.1644e-05 -5.1004e-05 -4.9775e-05 -4.5890e-05 -2.9447e-05 -3.8555e-05 -4.1644e-05 -3.8555e-05 -4.8515e-05 -4.4520e-05 -3.5196e-05 -3.8555e-05 -4.0129e-05 -4.0129e-05 -3.5196e-05 -4.8515e-05 -5.3378e-05 -4.9775e-05 -4.3106e-05 -4.3106e-05  6.5328e-02 -3.5196e-05 -4.0129e-05 -4.7221e-05 -4.8515e-05 -4.3106e-05 -3.3389e-05 -5.1004e-05
