*********************************************************************
* LD Score Regression (LDSC)
* Version 1.0.1
* (C) 2014-2019 Brendan Bulik-Sullivan and Hilary Finucane
* Broad Institute of MIT and Harvard / MIT Department of Mathematics
* GNU General Public License v3
*********************************************************************
Call: 
./ldsc.py \
--out /data/sbcs/GuoLab/backup/liq17/CRC_TF_TWAS_zhishan2024/NC_revision_OceanCode/v2_NC_revision//84Tracks//ldscores_sim500//15 \
--bfile /data/sbcs/GuoLab/backup/liq17/ref/Alkesgroup/1000G_EUR_Phase3_plink_hg38/1000G.EUR.QC.15 \
--annot /data/sbcs/GuoLab/backup/liq17/CRC_TF_TWAS_zhishan2024/NC_revision_OceanCode/v2_NC_revision//84Tracks//annots_sim500//15.annot.txt \
--l2  \
--ld-wind-kb 100.0 

Beginning analysis at Sun Oct 26 23:49:18 2025
Read list of 286945 SNPs from /data/sbcs/GuoLab/backup/liq17/ref/Alkesgroup/1000G_EUR_Phase3_plink_hg38/1000G.EUR.QC.15.bim
Read 50 annotations for 286945 SNPs from /data/sbcs/GuoLab/backup/liq17/CRC_TF_TWAS_zhishan2024/NC_revision_OceanCode/v2_NC_revision//84Tracks//annots_sim500//15.annot.txt
Read list of 489 individuals from /data/sbcs/GuoLab/backup/liq17/ref/Alkesgroup/1000G_EUR_Phase3_plink_hg38/1000G.EUR.QC.15.fam
Reading genotypes from /data/sbcs/GuoLab/backup/liq17/ref/Alkesgroup/1000G_EUR_Phase3_plink_hg38/1000G.EUR.QC.15.bed
Estimating LD Score.
Writing LD Scores for 286945 SNPs to /data/sbcs/GuoLab/backup/liq17/CRC_TF_TWAS_zhishan2024/NC_revision_OceanCode/v2_NC_revision//84Tracks//ldscores_sim500//15.l2.ldscore.gz

Summary of LD Scores in /data/sbcs/GuoLab/backup/liq17/CRC_TF_TWAS_zhishan2024/NC_revision_OceanCode/v2_NC_revision//84Tracks//ldscores_sim500//15.l2.ldscore.gz
         MAF  SIM1L2  SIM2L2  SIM3L2  SIM4L2  SIM5L2  SIM6L2  SIM7L2  SIM8L2  SIM9L2  SIM10L2  SIM11L2  SIM12L2  SIM13L2  SIM14L2  SIM15L2  SIM16L2  SIM17L2  SIM18L2  SIM19L2  SIM20L2  SIM21L2  SIM22L2  SIM23L2  SIM24L2  SIM25L2  SIM26L2  SIM27L2  SIM28L2  SIM29L2  SIM30L2  SIM31L2  SIM32L2  SIM33L2  SIM34L2  SIM35L2  SIM36L2  SIM37L2  SIM38L2  SIM39L2  SIM40L2  SIM41L2  SIM42L2  SIM43L2  SIM44L2  SIM45L2  SIM46L2  SIM47L2  SIM48L2  SIM49L2  SIM50L2
mean  0.1468  0.0014  0.0020  0.0018  0.0008  0.0043  0.0014  0.0018  0.0037  0.0051   0.0027   0.0026   0.0030   0.0025   0.0029   0.0031   0.0029   0.0030   0.0023   0.0028   0.0019   0.0025   0.0037   0.0026   0.0016   0.0031   0.0044   0.0021   0.0028   0.0029   0.0017   0.0031   0.0024   0.0015   0.0032   0.0015   0.0009   0.0014   0.0031   0.0047   0.0043   0.0053   0.0042   0.0029   0.0040   0.0030   0.0052   0.0019   0.0032   0.0027   0.0013
std   0.1499  0.0275  0.0311  0.0257  0.0191  0.0514  0.0299  0.0327  0.0475  0.0575   0.0404   0.0388   0.0445   0.0416   0.0414   0.0418   0.0392   0.0419   0.0352   0.0429   0.0316   0.0362   0.0452   0.0390   0.0313   0.0460   0.0501   0.0299   0.0420   0.0410   0.0329   0.0419   0.0410   0.0286   0.0434   0.0292   0.0221   0.0254   0.0462   0.0547   0.0477   0.0545   0.0490   0.0416   0.0503   0.0389   0.0599   0.0322   0.0418   0.0391   0.0274
min   0.0051 -0.0021 -0.0041 -0.0021 -0.0021 -0.0021 -0.0021 -0.0021 -0.0021 -0.0040  -0.0040  -0.0041  -0.0041  -0.0021  -0.0021  -0.0041  -0.0035  -0.0021  -0.0021  -0.0041  -0.0021  -0.0021  -0.0038  -0.0021  -0.0021  -0.0040  -0.0040  -0.0037  -0.0021  -0.0021  -0.0021  -0.0021  -0.0021  -0.0039  -0.0021  -0.0041  -0.0021  -0.0021  -0.0041  -0.0021  -0.0038  -0.0041  -0.0021  -0.0040  -0.0041  -0.0040  -0.0041  -0.0040  -0.0021  -0.0021  -0.0021
25%   0.0174  0.0000  0.0000  0.0000  0.0000  0.0000  0.0000  0.0000  0.0000  0.0000   0.0000   0.0000   0.0000   0.0000   0.0000   0.0000   0.0000   0.0000   0.0000   0.0000   0.0000   0.0000   0.0000   0.0000   0.0000   0.0000   0.0000   0.0000   0.0000   0.0000   0.0000   0.0000   0.0000   0.0000   0.0000   0.0000   0.0000   0.0000   0.0000   0.0000   0.0000   0.0000   0.0000   0.0000   0.0000   0.0000   0.0000   0.0000   0.0000   0.0000   0.0000
50%   0.0828  0.0000  0.0000  0.0000  0.0000  0.0000  0.0000  0.0000  0.0000  0.0000   0.0000   0.0000   0.0000   0.0000   0.0000   0.0000   0.0000   0.0000   0.0000   0.0000   0.0000   0.0000   0.0000   0.0000   0.0000   0.0000   0.0000   0.0000   0.0000   0.0000   0.0000   0.0000   0.0000   0.0000   0.0000   0.0000   0.0000   0.0000   0.0000   0.0000   0.0000   0.0000   0.0000   0.0000   0.0000   0.0000   0.0000   0.0000   0.0000   0.0000   0.0000
75%   0.2536  0.0000  0.0000  0.0000  0.0000  0.0000  0.0000  0.0000  0.0000  0.0000   0.0000   0.0000   0.0000   0.0000   0.0000   0.0000   0.0000   0.0000   0.0000   0.0000   0.0000   0.0000   0.0000   0.0000   0.0000   0.0000   0.0000   0.0000   0.0000   0.0000   0.0000   0.0000   0.0000   0.0000   0.0000   0.0000   0.0000   0.0000   0.0000   0.0000   0.0000   0.0000   0.0000   0.0000   0.0000   0.0000   0.0000   0.0000   0.0000   0.0000   0.0000
max   0.5000  1.0000  1.0000  1.0000  1.0000  1.0000  1.0000  1.0000  1.0000  1.0477   1.0000   1.0000   1.8542   1.0000   1.0000   1.0363   1.0000   1.0000   1.0000   1.0000   1.0000   1.0000   1.0000   1.0000   1.0000   1.0018   1.0331   1.0000   1.0000   1.0000   1.0000   1.0000   1.0000   1.0022   1.0000   1.0018   1.0000   1.0000   1.9446   1.0000   1.0000   1.0279   1.0000   1.0000   1.0175   1.0000   1.0000   1.0081   1.0000   1.0000   1.0000

MAF/LD Score Correlation Matrix
            MAF  SIM1L2      SIM2L2  SIM3L2  SIM4L2  SIM5L2  SIM6L2  SIM7L2  SIM8L2  SIM9L2  SIM10L2     SIM11L2  SIM12L2  SIM13L2  SIM14L2  SIM15L2  SIM16L2  SIM17L2  SIM18L2  SIM19L2     SIM20L2     SIM21L2  SIM22L2  SIM23L2  SIM24L2  SIM25L2  SIM26L2  SIM27L2  SIM28L2  SIM29L2     SIM30L2  SIM31L2  SIM32L2  SIM33L2  SIM34L2  SIM35L2  SIM36L2  SIM37L2  SIM38L2  SIM39L2     SIM40L2  SIM41L2  SIM42L2     SIM43L2  SIM44L2  SIM45L2  SIM46L2  SIM47L2     SIM48L2  SIM49L2  SIM50L2
MAF      1.0000  0.0124  3.7458e-02  0.0521  0.0246  0.0149 -0.0073  0.0269  0.0095  0.0198  -0.0141  3.2028e-03   0.0153   0.0315   0.0270   0.0190   0.0510   0.0463   0.0543   0.0163 -5.0060e-03  1.3894e-02   0.0690   0.0375   0.0075  -0.0167   0.0212   0.0288  -0.0055   0.0224  1.9970e-02   0.0621   0.0193   0.0413   0.0697   0.0343  -0.0099   0.0469   0.0039   0.0464  4.5504e-02   0.0449   0.0426  4.6836e-02   0.0460   0.0205   0.0571  -0.0012  6.3817e-02   0.0370   0.0069
SIM1L2   0.0124  1.0000 -3.3943e-03  0.0024 -0.0022 -0.0034 -0.0025 -0.0028  0.0296  0.0029   0.0059 -2.7696e-03  -0.0036  -0.0032  -0.0032  -0.0039  -0.0039  -0.0035  -0.0034  -0.0023 -2.0438e-03 -3.8354e-03  -0.0026  -0.0035  -0.0027  -0.0035   0.0130   0.0148   0.0006  -0.0038  1.0231e-03  -0.0013  -0.0031   0.0022  -0.0039  -0.0027  -0.0022  -0.0027  -0.0035  -0.0045 -4.7959e-03  -0.0051  -0.0032  6.8431e-04  -0.0007  -0.0040  -0.0043  -0.0026 -3.9265e-03  -0.0037  -0.0026
SIM2L2   0.0375 -0.0034  1.0000e+00  0.0543 -0.0027  0.1680 -0.0028  0.0300 -0.0049  0.0060   0.0023  3.5427e-02  -0.0044  -0.0041   0.0052  -0.0047  -0.0047   0.0053  -0.0042  -0.0042 -2.4867e-05 -4.5436e-03  -0.0053  -0.0043  -0.0033  -0.0034  -0.0057  -0.0041  -0.0039  -0.0043 -3.4178e-03  -0.0049  -0.0023  -0.0034  -0.0047  -0.0030  -0.0026  -0.0036  -0.0043  -0.0055  1.8557e-01   0.0085   0.0198 -4.5171e-03  -0.0052   0.0180  -0.0056  -0.0038 -4.7827e-03   0.1210  -0.0031
SIM3L2   0.0521  0.0024  5.4289e-02  1.0000 -0.0029  0.0327 -0.0033  0.0067 -0.0056  0.0009  -0.0018 -5.2860e-04  -0.0047  -0.0042   0.0029  -0.0051  -0.0043  -0.0050  -0.0039  -0.0027 -4.2688e-03  2.5702e-02  -0.0057  -0.0028  -0.0036   0.0143  -0.0061   0.0013  -0.0046  -0.0048 -3.6873e-03  -0.0051  -0.0032  -0.0037  -0.0049  -0.0036  -0.0030  -0.0023  -0.0046  -0.0002  3.8984e-02  -0.0061   0.0024  6.3528e-03  -0.0056  -0.0053  -0.0060  -0.0040 -5.1391e-03  -0.0049  -0.0033
SIM4L2   0.0246 -0.0022 -2.7031e-03 -0.0029  1.0000 -0.0035 -0.0020 -0.0022 -0.0032 -0.0038  -0.0028 -2.7528e-03  -0.0022  -0.0025  -0.0030  -0.0031  -0.0031  -0.0016  -0.0027  -0.0027 -2.4925e-03  7.6426e-02  -0.0034  -0.0028  -0.0012   0.0071  -0.0037  -0.0029  -0.0025  -0.0029 -2.2156e-03  -0.0031  -0.0024  -0.0022  -0.0031   0.0007  -0.0018  -0.0028  -0.0028  -0.0028 -3.8112e-03  -0.0040  -0.0036 -2.9282e-03   0.0048  -0.0029  -0.0035  -0.0003 -3.2084e-03   0.0076   0.0005
SIM5L2   0.0149 -0.0034  1.6801e-01  0.0327 -0.0035  1.0000 -0.0039  0.0189 -0.0064 -0.0072  -0.0053  1.3580e-02  -0.0056   0.3690  -0.0059  -0.0061  -0.0051  -0.0060   0.0101  -0.0054 -5.1433e-03 -5.8759e-03  -0.0069   0.0089  -0.0043  -0.0055  -0.0017  -0.0023  -0.0030  -0.0059  5.5152e-04  -0.0043  -0.0040  -0.0044  -0.0058  -0.0035  -0.0035  -0.0047  -0.0047  -0.0071  1.1381e-01   0.0025   0.0566  6.2812e-03  -0.0062   0.0002  -0.0059   0.1926 -6.1897e-03  -0.0052  -0.0040
SIM6L2  -0.0073 -0.0025 -2.8001e-03 -0.0033 -0.0020 -0.0039  1.0000 -0.0025 -0.0031 -0.0043  -0.0031 -3.0877e-03  -0.0021  -0.0030   0.0028   0.0908  -0.0035  -0.0033   0.0006  -0.0031 -2.8709e-03 -3.2967e-03   0.0035  -0.0035   0.0116  -0.0031   0.0016  -0.0032   0.0291  -0.0033 -2.4798e-03  -0.0034  -0.0027  -0.0025  -0.0034  -0.0024  -0.0020  -0.0026  -0.0031  -0.0009 -8.4161e-04  -0.0038  -0.0041 -3.2774e-03   0.0053  -0.0036  -0.0041  -0.0028  3.8804e-03  -0.0031   0.1420
SIM7L2   0.0269 -0.0028  3.0018e-02  0.0067 -0.0022  0.0189 -0.0025  1.0000 -0.0042 -0.0030  -0.0031  4.2488e-02  -0.0036  -0.0033  -0.0038  -0.0039  -0.0040  -0.0038  -0.0035  -0.0035 -3.2924e-03 -3.7806e-03   0.0286  -0.0036  -0.0028  -0.0019  -0.0048  -0.0037  -0.0036  -0.0036 -2.8439e-03   0.0052  -0.0031   0.0638  -0.0031   0.0417  -0.0023  -0.0030  -0.0036  -0.0046  3.4301e-02  -0.0052   0.0718 -3.7586e-03  -0.0043  -0.0041  -0.0047  -0.0026 -3.1040e-03  -0.0037  -0.0026
SIM8L2   0.0095  0.0296 -4.8925e-03 -0.0056 -0.0032 -0.0064 -0.0031 -0.0042  1.0000 -0.0068  -0.0052 -5.1316e-03   0.2697  -0.0045  -0.0047   0.0026   0.0121  -0.0035  -0.0051   0.1658 -4.7017e-03 -5.4498e-03  -0.0062  -0.0045  -0.0018  -0.0048   0.0058  -0.0056  -0.0046  -0.0020 -4.0994e-03  -0.0007  -0.0048  -0.0041  -0.0057   0.0134   0.0061  -0.0044  -0.0042  -0.0064 -6.0425e-03   0.0070   0.0017 -5.2962e-03  -0.0050  -0.0054  -0.0062  -0.0046 -2.8963e-03  -0.0055   0.0009
SIM9L2   0.0198  0.0029  5.9598e-03  0.0009 -0.0038 -0.0072 -0.0043 -0.0030 -0.0068  1.0000   0.1601 -5.7849e-03  -0.0051  -0.0047  -0.0038  -0.0018  -0.0066  -0.0053  -0.0057  -0.0059 -3.4882e-03 -6.3012e-03  -0.0070  -0.0010  -0.0045   0.0480   0.1379  -0.0062  -0.0057  -0.0063 -3.1929e-03   0.0058  -0.0052  -0.0047   0.0351  -0.0046  -0.0038  -0.0044  -0.0059  -0.0077  3.1969e-03   0.2653  -0.0076  2.9588e-03   0.0037  -0.0052   0.1389  -0.0041 -4.3163e-03  -0.0062  -0.0044
SIM10L2 -0.0141  0.0059  2.2909e-03 -0.0018 -0.0028 -0.0053 -0.0031 -0.0031 -0.0052  0.1601   1.0000 -4.4097e-03  -0.0045   0.0467  -0.0048  -0.0049  -0.0011  -0.0046   0.0452  -0.0044 -2.7523e-03  2.1946e-02   0.0349  -0.0045  -0.0034  -0.0044   0.0939   0.0008   0.3171  -0.0044 -2.3960e-03  -0.0051  -0.0039  -0.0035  -0.0004  -0.0035  -0.0028  -0.0038  -0.0045  -0.0057  1.0915e-01  -0.0019  -0.0019 -4.5369e-03  -0.0054   0.0057   0.3638  -0.0039 -5.1709e-03  -0.0047  -0.0032
SIM11L2  0.0032 -0.0028  3.5427e-02 -0.0005 -0.0028  0.0136 -0.0031  0.0425 -0.0051 -0.0058  -0.0044  1.0000e+00   0.0013   0.0107  -0.0047  -0.0048  -0.0047  -0.0044  -0.0039  -0.0043 -4.0748e-03 -4.6371e-03  -0.0054  -0.0045  -0.0034  -0.0043  -0.0058  -0.0045  -0.0044  -0.0046 -3.4881e-03  -0.0015  -0.0017  -0.0035  -0.0048  -0.0034  -0.0028  -0.0037   0.0718  -0.0027 -7.3562e-04  -0.0063  -0.0026 -3.6051e-03  -0.0053  -0.0050  -0.0040  -0.0039 -5.3580e-05  -0.0046  -0.0032
SIM12L2  0.0153 -0.0036 -4.3645e-03 -0.0047 -0.0022 -0.0056 -0.0021 -0.0036  0.2697 -0.0051  -0.0045  1.3214e-03   1.0000  -0.0041  -0.0048  -0.0002   0.0142  -0.0025  -0.0044  -0.0044 -4.1531e-03 -4.7675e-03  -0.0055  -0.0033   0.0062  -0.0045   0.0126  -0.0026  -0.0045  -0.0047 -3.5850e-03  -0.0050  -0.0039  -0.0035  -0.0050  -0.0027   0.0073  -0.0036  -0.0002  -0.0039 -6.0362e-03  -0.0065  -0.0056  6.5898e-02  -0.0054  -0.0051  -0.0058  -0.0018 -4.8850e-03  -0.0009  -0.0033
SIM13L2  0.0315 -0.0032 -4.1100e-03 -0.0042 -0.0025  0.3690 -0.0030 -0.0033 -0.0045 -0.0047   0.0467  1.0721e-02  -0.0041   1.0000  -0.0044  -0.0039  -0.0046  -0.0043  -0.0040  -0.0039  5.1041e-04 -4.2790e-03  -0.0050   0.0286  -0.0031  -0.0039  -0.0054  -0.0042  -0.0031  -0.0043 -2.5946e-03  -0.0040  -0.0035  -0.0032  -0.0044  -0.0015  -0.0026  -0.0034   0.0200  -0.0054  1.6692e-03   0.0076  -0.0008 -4.3092e-03   0.0600  -0.0044  -0.0053  -0.0036 -4.6611e-03  -0.0023  -0.0029
SIM14L2  0.0270 -0.0032  5.1696e-03  0.0029 -0.0030 -0.0059  0.0028 -0.0038 -0.0047 -0.0038  -0.0048 -4.6843e-03  -0.0048  -0.0044   1.0000  -0.0052   0.0148   0.0257  -0.0041  -0.0045 -4.3646e-03  3.6462e-02  -0.0058   0.0213   0.0040  -0.0048  -0.0013  -0.0049   0.0015   0.0032 -3.7703e-03  -0.0024   0.0088  -0.0037  -0.0053  -0.0037  -0.0030  -0.0028  -0.0047  -0.0058  7.0925e-02  -0.0069  -0.0053 -4.9827e-03   0.1336  -0.0054  -0.0062  -0.0042  1.3042e-01   0.0853   0.0308
SIM15L2  0.0190 -0.0039 -4.7137e-03 -0.0051 -0.0031 -0.0061  0.0908 -0.0039  0.0026 -0.0018  -0.0049 -4.8107e-03  -0.0002  -0.0039  -0.0052   1.0000  -0.0046  -0.0052  -0.0048  -0.0048 -4.5491e-03 -5.2290e-03   0.0082  -0.0050  -0.0031  -0.0049   0.0040  -0.0051  -0.0048  -0.0051 -3.8724e-03  -0.0041  -0.0046  -0.0025  -0.0054  -0.0038  -0.0031   0.0021  -0.0048  -0.0062  8.5133e-03   0.0636   0.1629 -5.1189e-03   0.0123  -0.0055   0.0069   0.0044 -5.6068e-03   0.0178   0.2777
SIM16L2  0.0510 -0.0039 -4.7463e-03 -0.0043 -0.0031 -0.0051 -0.0035 -0.0040  0.0121 -0.0066  -0.0011 -4.7307e-03   0.0142  -0.0046   0.0148  -0.0046   1.0000   0.0020  -0.0044  -0.0038 -4.4505e-03  3.6967e-02   0.0068  -0.0013  -0.0040  -0.0050   0.1078  -0.0052  -0.0050  -0.0053 -3.4022e-03  -0.0053  -0.0044  -0.0038   0.1347  -0.0038  -0.0021   0.0029  -0.0050   0.0125 -1.1159e-03  -0.0065   0.0056 -4.6645e-03  -0.0043  -0.0056  -0.0064  -0.0044  3.3158e-03   0.0079   0.0089
SIM17L2  0.0463 -0.0035  5.3108e-03 -0.0050 -0.0016 -0.0060 -0.0033 -0.0038 -0.0035 -0.0053  -0.0046 -4.3985e-03  -0.0025  -0.0043   0.0257  -0.0052   0.0020   1.0000  -0.0044  -0.0045 -4.3669e-03  1.2357e-03  -0.0059  -0.0047   0.0031  -0.0048  -0.0025  -0.0049  -0.0044  -0.0050 -1.1177e-03  -0.0052  -0.0038  -0.0036  -0.0052  -0.0037  -0.0030  -0.0016  -0.0042   0.0028 -6.2530e-03  -0.0065   0.3022 -9.7516e-04  -0.0057   0.0311  -0.0048  -0.0042  7.1273e-03  -0.0050   0.0262
SIM18L2  0.0543 -0.0034 -4.2152e-03 -0.0039 -0.0027  0.0101  0.0006 -0.0035 -0.0051 -0.0057   0.0452 -3.9369e-03  -0.0044  -0.0040  -0.0041  -0.0048  -0.0044  -0.0044   1.0000  -0.0043 -1.8359e-03 -4.5495e-03  -0.0018  -0.0042  -0.0037  -0.0042  -0.0041   0.0813   0.0425  -0.0048 -3.3738e-03  -0.0048  -0.0038   0.0023  -0.0048  -0.0034  -0.0028  -0.0035   0.0042  -0.0054  1.4367e-02  -0.0063  -0.0056  5.7615e-03  -0.0034  -0.0029  -0.0019  -0.0023 -3.8622e-03  -0.0046  -0.0033
SIM19L2  0.0163 -0.0023 -4.2387e-03 -0.0027 -0.0027 -0.0054 -0.0031 -0.0035  0.1658 -0.0059  -0.0044 -4.2972e-03  -0.0044  -0.0039  -0.0045  -0.0048  -0.0038  -0.0045  -0.0043   1.0000 -4.0307e-03 -4.6285e-03  -0.0043  -0.0044  -0.0034   0.3923  -0.0055  -0.0045  -0.0041  -0.0002 -2.8255e-03   0.0278   0.0148   0.0006  -0.0048   0.0180  -0.0028  -0.0028   0.0139  -0.0036 -5.4084e-03  -0.0053  -0.0052 -4.6015e-03  -0.0051  -0.0050  -0.0055  -0.0039 -3.6015e-03  -0.0046  -0.0032
SIM20L2 -0.0050 -0.0020 -2.4867e-05 -0.0043 -0.0025 -0.0051 -0.0029 -0.0033 -0.0047 -0.0035  -0.0028 -4.0748e-03  -0.0042   0.0005  -0.0044  -0.0045  -0.0045  -0.0044  -0.0018  -0.0040  1.0000e+00  1.7458e-02  -0.0039  -0.0032  -0.0032  -0.0029  -0.0054  -0.0041  -0.0040  -0.0043 -1.0780e-03  -0.0014  -0.0034  -0.0032  -0.0039  -0.0032  -0.0026  -0.0028  -0.0038  -0.0053  6.1576e-05   0.0017  -0.0053 -4.6421e-03   0.0026   0.0003  -0.0024  -0.0036 -4.6625e-03  -0.0039  -0.0029
SIM21L2  0.0139 -0.0038 -4.5436e-03  0.0257  0.0764 -0.0059 -0.0033 -0.0038 -0.0054 -0.0063   0.0219 -4.6371e-03  -0.0048  -0.0043   0.0365  -0.0052   0.0370   0.0012  -0.0045  -0.0046  1.7458e-02  1.0000e+00   0.0247   0.0107   0.0188  -0.0003   0.0046  -0.0049  -0.0047   0.0190  8.0539e-05  -0.0054  -0.0041  -0.0038  -0.0029  -0.0036  -0.0030  -0.0041  -0.0047  -0.0043  3.0094e-02  -0.0066  -0.0060  7.4412e-03  -0.0048   0.0083  -0.0037  -0.0040 -4.9086e-03  -0.0038  -0.0034
SIM22L2  0.0690 -0.0026 -5.2832e-03 -0.0057 -0.0034 -0.0069  0.0035  0.0286 -0.0062 -0.0070   0.0349 -5.3842e-03  -0.0055  -0.0050  -0.0058   0.0082   0.0068  -0.0059  -0.0018  -0.0043 -3.9205e-03  2.4715e-02   1.0000  -0.0050  -0.0035  -0.0028  -0.0068   0.0175  -0.0050  -0.0055  5.6505e-03  -0.0051  -0.0048   0.2215   0.0135   0.2776  -0.0035  -0.0041  -0.0054  -0.0060 -5.4131e-03  -0.0039  -0.0070 -5.5704e-03  -0.0063   0.1185  -0.0069   0.0072 -6.2842e-03   0.0048  -0.0039
SIM23L2  0.0375 -0.0035 -4.2788e-03 -0.0028 -0.0028  0.0089 -0.0035 -0.0036 -0.0045 -0.0010  -0.0045 -4.4729e-03  -0.0033   0.0286   0.0213  -0.0050  -0.0013  -0.0047  -0.0042  -0.0044 -3.2232e-03  1.0749e-02  -0.0050   1.0000  -0.0011  -0.0041  -0.0059  -0.0046  -0.0043  -0.0047 -3.5558e-03  -0.0050  -0.0035  -0.0035  -0.0015  -0.0026  -0.0028  -0.0038   0.0205   0.0233 -5.8981e-03   0.0812  -0.0042  6.8807e-02  -0.0021   0.0281  -0.0059  -0.0027 -4.9118e-03  -0.0003  -0.0033
SIM24L2  0.0075 -0.0027 -3.3159e-03 -0.0036 -0.0012 -0.0043  0.0116 -0.0028 -0.0018 -0.0045  -0.0034 -3.3841e-03   0.0062  -0.0031   0.0040  -0.0031  -0.0040   0.0031  -0.0037  -0.0034 -3.1532e-03  1.8776e-02  -0.0035  -0.0011   1.0000  -0.0034  -0.0046  -0.0035   0.2276  -0.0036  1.8251e-02  -0.0041  -0.0030  -0.0026  -0.0038   0.0009  -0.0022  -0.0028  -0.0034  -0.0038 -9.6425e-04  -0.0045  -0.0044 -3.5962e-03   0.0016   0.0005   0.0298  -0.0031  5.6645e-03  -0.0036   0.0143
SIM25L2 -0.0167 -0.0035 -3.4379e-03  0.0143  0.0071 -0.0055 -0.0031 -0.0019 -0.0048  0.0480  -0.0044 -4.2965e-03  -0.0045  -0.0039  -0.0048  -0.0049  -0.0050  -0.0048  -0.0042   0.3923 -2.8506e-03 -3.2113e-04  -0.0028  -0.0041  -0.0034   1.0000  -0.0059  -0.0046  -0.0043  -0.0043 -2.0863e-03   0.0310  -0.0039  -0.0035   0.0512  -0.0015   0.0011  -0.0015  -0.0044  -0.0051  6.4169e-02  -0.0026  -0.0051 -4.6555e-03  -0.0047   0.0536  -0.0055  -0.0036 -4.9625e-03  -0.0047  -0.0032
SIM26L2  0.0212  0.0130 -5.7085e-03 -0.0061 -0.0037 -0.0017  0.0016 -0.0048  0.0058  0.1379   0.0939 -5.8257e-03   0.0126  -0.0054  -0.0013   0.0040   0.1078  -0.0025  -0.0041  -0.0055 -5.4284e-03  4.6380e-03  -0.0068  -0.0059  -0.0046  -0.0059   1.0000  -0.0011  -0.0038   0.0128 -4.6889e-03  -0.0063  -0.0051  -0.0047  -0.0058  -0.0045  -0.0037  -0.0019  -0.0059  -0.0076 -8.0659e-03   0.0043  -0.0072 -1.8304e-03  -0.0071  -0.0065   0.0860   0.0355 -6.7902e-03  -0.0061  -0.0041
SIM27L2  0.0288  0.0148 -4.0610e-03  0.0013 -0.0029 -0.0023 -0.0032 -0.0037 -0.0056 -0.0062   0.0008 -4.5386e-03  -0.0026  -0.0042  -0.0049  -0.0051  -0.0052  -0.0049   0.0813  -0.0045 -4.1270e-03 -4.8560e-03   0.0175  -0.0046  -0.0035  -0.0046  -0.0011   1.0000   0.0012   0.0054 -7.6663e-04   0.0290  -0.0033  -0.0036  -0.0051  -0.0036   0.0058  -0.0039  -0.0046  -0.0059 -3.3518e-03  -0.0067  -0.0059 -3.6656e-03  -0.0055  -0.0053  -0.0057   0.0011  3.4559e-03  -0.0047  -0.0034
SIM28L2 -0.0055  0.0006 -3.8827e-03 -0.0046 -0.0025 -0.0030  0.0291 -0.0036 -0.0046 -0.0057   0.3171 -4.3648e-03  -0.0045  -0.0031   0.0015  -0.0048  -0.0050  -0.0044   0.0425  -0.0041 -4.0135e-03 -4.6697e-03  -0.0050  -0.0043   0.2276  -0.0043  -0.0038   0.0012   1.0000  -0.0047  4.1323e-03  -0.0045  -0.0037  -0.0035  -0.0049  -0.0028  -0.0016  -0.0037  -0.0037  -0.0058  1.0715e-01   0.0193  -0.0032 -4.5296e-03  -0.0009  -0.0048  -0.0058  -0.0042  8.3335e-04   0.0897   0.0131
SIM29L2  0.0224 -0.0038 -4.2810e-03 -0.0048 -0.0029 -0.0059 -0.0033 -0.0036 -0.0020 -0.0063  -0.0044 -4.6224e-03  -0.0047  -0.0043   0.0032  -0.0051  -0.0053  -0.0050  -0.0048  -0.0002 -4.3387e-03  1.8987e-02  -0.0055  -0.0047  -0.0036  -0.0043   0.0128   0.0054  -0.0047   1.0000 -3.7202e-03  -0.0051  -0.0039   0.0341  -0.0019  -0.0036  -0.0030  -0.0037  -0.0041   0.0102  4.6000e-02  -0.0061  -0.0054 -4.8524e-03  -0.0056   0.0069  -0.0061  -0.0038  1.9133e-02   0.0052  -0.0034
SIM30L2  0.0200  0.0010 -3.4178e-03 -0.0037 -0.0022  0.0006 -0.0025 -0.0028 -0.0041 -0.0032  -0.0024 -3.4881e-03  -0.0036  -0.0026  -0.0038  -0.0039  -0.0034  -0.0011  -0.0034  -0.0028 -1.0780e-03  8.0539e-05   0.0057  -0.0036   0.0183  -0.0021  -0.0047  -0.0008   0.0041  -0.0037  1.0000e+00   0.0567  -0.0031  -0.0028  -0.0039  -0.0027  -0.0018   0.0026  -0.0034  -0.0045 -4.4982e-03  -0.0031  -0.0045 -9.1629e-06  -0.0014  -0.0014  -0.0025  -0.0031 -4.0653e-03  -0.0037  -0.0025
SIM31L2  0.0621 -0.0013 -4.9385e-03 -0.0051 -0.0031 -0.0043 -0.0034  0.0052 -0.0007  0.0058  -0.0051 -1.4743e-03  -0.0050  -0.0040  -0.0024  -0.0041  -0.0053  -0.0052  -0.0048   0.0278 -1.4226e-03 -5.3674e-03  -0.0051  -0.0050  -0.0041   0.0310  -0.0063   0.0290  -0.0045  -0.0051  5.6667e-02   1.0000  -0.0043  -0.0039   0.0267  -0.0038  -0.0032  -0.0042   0.0003  -0.0064 -4.0337e-03   0.0430  -0.0040  1.6358e-03   0.0030   0.0149  -0.0065  -0.0044 -1.3195e-03  -0.0052  -0.0037
SIM32L2  0.0193 -0.0031 -2.3349e-03 -0.0032 -0.0024 -0.0040 -0.0027 -0.0031 -0.0048 -0.0052  -0.0039 -1.7349e-03  -0.0039  -0.0035   0.0088  -0.0046  -0.0044  -0.0038  -0.0038   0.0148 -3.4181e-03 -4.0905e-03  -0.0048  -0.0035  -0.0030  -0.0039  -0.0051  -0.0033  -0.0037  -0.0039 -3.0770e-03  -0.0043   1.0000  -0.0031   0.0096  -0.0030  -0.0025  -0.0026   0.0278  -0.0050 -5.2391e-03   0.0076  -0.0050 -4.0667e-03  -0.0047  -0.0044  -0.0051  -0.0018  1.1642e-02  -0.0041  -0.0028
SIM33L2  0.0413  0.0022 -3.3882e-03 -0.0037 -0.0022 -0.0044 -0.0025  0.0638 -0.0041 -0.0047  -0.0035 -3.4580e-03  -0.0035  -0.0032  -0.0037  -0.0025  -0.0038  -0.0036   0.0023   0.0006 -3.1630e-03 -3.7519e-03   0.2215  -0.0035  -0.0026  -0.0035  -0.0047  -0.0036  -0.0035   0.0341 -2.7831e-03  -0.0039  -0.0031   1.0000   0.0291   0.3690  -0.0022  -0.0028  -0.0035  -0.0034 -4.7941e-03  -0.0051  -0.0042 -3.6954e-03  -0.0042  -0.0040  -0.0046  -0.0031  3.8494e-03  -0.0037  -0.0025
SIM34L2  0.0697 -0.0039 -4.7374e-03 -0.0049 -0.0031 -0.0058 -0.0034 -0.0031 -0.0057  0.0351  -0.0004 -4.8259e-03  -0.0050  -0.0044  -0.0053  -0.0054   0.1347  -0.0052  -0.0048  -0.0048 -3.8634e-03 -2.9398e-03   0.0135  -0.0015  -0.0038   0.0512  -0.0058  -0.0051  -0.0049  -0.0019 -3.9348e-03   0.0267   0.0096   0.0291   1.0000  -0.0034  -0.0031  -0.0039  -0.0049  -0.0047 -6.6937e-03   0.0142  -0.0063 -5.1830e-03  -0.0056  -0.0056  -0.0064  -0.0044 -5.6350e-03  -0.0051  -0.0035
SIM35L2  0.0343 -0.0027 -2.9997e-03 -0.0036  0.0007 -0.0035 -0.0024  0.0417  0.0134 -0.0046  -0.0035 -3.3976e-03  -0.0027  -0.0015  -0.0037  -0.0038  -0.0038  -0.0037  -0.0034   0.0180 -3.1657e-03 -3.6352e-03   0.2776  -0.0026   0.0009  -0.0015  -0.0045  -0.0036  -0.0028  -0.0036 -2.7147e-03  -0.0038  -0.0030   0.3690  -0.0034   1.0000  -0.0018  -0.0027   0.0033  -0.0044  4.2990e-03  -0.0050  -0.0044  1.8522e-02  -0.0041  -0.0039  -0.0045   0.0073 -3.9599e-03  -0.0008  -0.0025
SIM36L2 -0.0099 -0.0022 -2.6457e-03 -0.0030 -0.0018 -0.0035 -0.0020 -0.0023  0.0061 -0.0038  -0.0028 -2.7945e-03   0.0073  -0.0026  -0.0030  -0.0031  -0.0021  -0.0030  -0.0028  -0.0028 -2.6038e-03 -2.9899e-03  -0.0035  -0.0028  -0.0022   0.0011  -0.0037   0.0058  -0.0016  -0.0030 -1.8066e-03  -0.0032  -0.0025  -0.0022  -0.0031  -0.0018   1.0000  -0.0024   0.0439  -0.0036 -3.8688e-03  -0.0041  -0.0036 -2.6593e-03  -0.0034  -0.0032  -0.0037  -0.0025  3.8700e-02   0.0028  -0.0020
SIM37L2  0.0469 -0.0027 -3.6390e-03 -0.0023 -0.0028 -0.0047 -0.0026 -0.0030 -0.0044 -0.0044  -0.0038 -3.7138e-03  -0.0036  -0.0034  -0.0028   0.0021   0.0029  -0.0016  -0.0035  -0.0028 -2.7554e-03 -4.0726e-03  -0.0041  -0.0038  -0.0028  -0.0015  -0.0019  -0.0039  -0.0037  -0.0037  2.5851e-03  -0.0042  -0.0026  -0.0028  -0.0039  -0.0027  -0.0024   1.0000  -0.0037  -0.0048 -5.3311e-03   0.0063   0.0487 -3.6612e-03  -0.0045  -0.0043  -0.0049  -0.0031 -4.2991e-03  -0.0039  -0.0027
SIM38L2  0.0039 -0.0035 -4.2696e-03 -0.0046 -0.0028 -0.0047 -0.0031 -0.0036 -0.0042 -0.0059  -0.0045  7.1781e-02  -0.0002   0.0200  -0.0047  -0.0048  -0.0050  -0.0042   0.0042   0.0139 -3.7557e-03 -4.6622e-03  -0.0054   0.0205  -0.0034  -0.0044  -0.0059  -0.0046  -0.0037  -0.0041 -3.3534e-03   0.0003   0.0278  -0.0035  -0.0049   0.0033   0.0439  -0.0037   1.0000  -0.0057  2.6255e-02  -0.0064  -0.0056 -3.7520e-03  -0.0053  -0.0050   0.0508   0.0486  3.9164e-02  -0.0046  -0.0032
SIM39L2  0.0464 -0.0045 -5.5312e-03 -0.0002 -0.0028 -0.0071 -0.0009 -0.0046 -0.0064 -0.0077  -0.0057 -2.7218e-03  -0.0039  -0.0054  -0.0058  -0.0062   0.0125   0.0028  -0.0054  -0.0036 -5.2501e-03 -4.2656e-03  -0.0060   0.0233  -0.0038  -0.0051  -0.0076  -0.0059  -0.0058   0.0102 -4.5349e-03  -0.0064  -0.0050  -0.0034  -0.0047  -0.0044  -0.0036  -0.0048  -0.0057   1.0000 -7.7650e-03  -0.0083   0.0059 -2.8171e-03  -0.0069  -0.0065   0.0344  -0.0042  4.4716e-02  -0.0059   0.0027
SIM40L2  0.0455 -0.0048  1.8557e-01  0.0390 -0.0038  0.1138 -0.0008  0.0343 -0.0060  0.0032   0.1092 -7.3562e-04  -0.0060   0.0017   0.0709   0.0085  -0.0011  -0.0063   0.0144  -0.0054  6.1576e-05  3.0094e-02  -0.0054  -0.0059  -0.0010   0.0642  -0.0081  -0.0034   0.1071   0.0460 -4.4982e-03  -0.0040  -0.0052  -0.0048  -0.0067   0.0043  -0.0039  -0.0053   0.0263  -0.0078  1.0000e+00   0.0012   0.0256 -6.3824e-03   0.0542  -0.0070  -0.0056  -0.0024  2.0661e-01  -0.0049   0.0052
SIM41L2  0.0449 -0.0051  8.4626e-03 -0.0061 -0.0040  0.0025 -0.0038 -0.0052  0.0070  0.2653  -0.0019 -6.3068e-03  -0.0065   0.0076  -0.0069   0.0636  -0.0065  -0.0065  -0.0063  -0.0053  1.7227e-03 -6.6047e-03  -0.0039   0.0812  -0.0045  -0.0026   0.0043  -0.0067   0.0193  -0.0061 -3.1095e-03   0.0430   0.0076  -0.0051   0.0142  -0.0050  -0.0041   0.0063  -0.0064  -0.0083  1.2181e-03   1.0000  -0.0022 -6.6112e-03  -0.0077   0.0128   0.0008   0.0073 -4.5315e-03   0.0216  -0.0046
SIM42L2  0.0426 -0.0032  1.9777e-02  0.0024 -0.0036  0.0566 -0.0041  0.0718  0.0017 -0.0076  -0.0019 -2.6285e-03  -0.0056  -0.0008  -0.0053   0.1629   0.0056   0.3022  -0.0056  -0.0052 -5.2500e-03 -6.0235e-03  -0.0070  -0.0042  -0.0044  -0.0051  -0.0072  -0.0059  -0.0032  -0.0054 -4.5310e-03  -0.0040  -0.0050  -0.0042  -0.0063  -0.0044  -0.0036   0.0487  -0.0056   0.0059  2.5609e-02  -0.0022   1.0000 -5.9884e-03  -0.0069  -0.0033   0.0047  -0.0053 -4.2886e-03  -0.0060   0.0171
SIM43L2  0.0468  0.0007 -4.5171e-03  0.0064 -0.0029  0.0063 -0.0033 -0.0038 -0.0053  0.0030  -0.0045 -3.6051e-03   0.0659  -0.0043  -0.0050  -0.0051  -0.0047  -0.0010   0.0058  -0.0046 -4.6421e-03  7.4412e-03  -0.0056   0.0688  -0.0036  -0.0047  -0.0018  -0.0037  -0.0045  -0.0049 -9.1629e-06   0.0016  -0.0041  -0.0037  -0.0052   0.0185  -0.0027  -0.0037  -0.0038  -0.0028 -6.3824e-03  -0.0066  -0.0060  1.0000e+00   0.1890   0.0444  -0.0061   0.0017  8.2672e-04  -0.0043  -0.0034
SIM44L2  0.0460 -0.0007 -5.1696e-03 -0.0056  0.0048 -0.0062  0.0053 -0.0043 -0.0050  0.0037  -0.0054 -5.2760e-03  -0.0054   0.0600   0.1336   0.0123  -0.0043  -0.0057  -0.0034  -0.0051  2.5565e-03 -4.7864e-03  -0.0063  -0.0021   0.0016  -0.0047  -0.0071  -0.0055  -0.0009  -0.0056 -1.4243e-03   0.0030  -0.0047  -0.0042  -0.0056  -0.0041  -0.0034  -0.0045  -0.0053  -0.0069  5.4198e-02  -0.0077  -0.0069  1.8898e-01   1.0000  -0.0049  -0.0070  -0.0019  1.4444e-01   0.1885   0.0152
SIM45L2  0.0205 -0.0040  1.7967e-02 -0.0053 -0.0029  0.0002 -0.0036 -0.0041 -0.0054 -0.0052   0.0057 -4.9927e-03  -0.0051  -0.0044  -0.0054  -0.0055  -0.0056   0.0311  -0.0029  -0.0050  2.6113e-04  8.3429e-03   0.1185   0.0281   0.0005   0.0536  -0.0065  -0.0053  -0.0048   0.0069 -1.3924e-03   0.0149  -0.0044  -0.0040  -0.0056  -0.0039  -0.0032  -0.0043  -0.0050  -0.0065 -7.0204e-03   0.0128  -0.0033  4.4401e-02  -0.0049   1.0000  -0.0061  -0.0045 -5.8447e-03  -0.0053  -0.0037
SIM46L2  0.0571 -0.0043 -5.6242e-03 -0.0060 -0.0035 -0.0059 -0.0041 -0.0047 -0.0062  0.1389   0.3638 -4.0433e-03  -0.0058  -0.0053  -0.0062   0.0069  -0.0064  -0.0048  -0.0019  -0.0055 -2.4243e-03 -3.6913e-03  -0.0069  -0.0059   0.0298  -0.0055   0.0860  -0.0057  -0.0058  -0.0061 -2.5412e-03  -0.0065  -0.0051  -0.0046  -0.0064  -0.0045  -0.0037  -0.0049   0.0508   0.0344 -5.5886e-03   0.0008   0.0047 -6.1056e-03  -0.0070  -0.0061   1.0000   0.0048 -3.8222e-03  -0.0053  -0.0042
SIM47L2 -0.0012 -0.0026 -3.8213e-03 -0.0040 -0.0003  0.1926 -0.0028 -0.0026 -0.0046 -0.0041  -0.0039 -3.8909e-03  -0.0018  -0.0036  -0.0042   0.0044  -0.0044  -0.0042  -0.0023  -0.0039 -3.6277e-03 -3.9581e-03   0.0072  -0.0027  -0.0031  -0.0036   0.0355   0.0011  -0.0042  -0.0038 -3.1387e-03  -0.0044  -0.0018  -0.0031  -0.0044   0.0073  -0.0025  -0.0031   0.0486  -0.0042 -2.3969e-03   0.0073  -0.0053  1.6812e-03  -0.0019  -0.0045   0.0048   1.0000 -3.7879e-03   0.0022   0.0234
SIM48L2  0.0638 -0.0039 -4.7827e-03 -0.0051 -0.0032 -0.0062  0.0039 -0.0031 -0.0029 -0.0043  -0.0052 -5.3580e-05  -0.0049  -0.0047   0.1304  -0.0056   0.0033   0.0071  -0.0039  -0.0036 -4.6625e-03 -4.9086e-03  -0.0063  -0.0049   0.0057  -0.0050  -0.0068   0.0035   0.0008   0.0191 -4.0653e-03  -0.0013   0.0116   0.0038  -0.0056  -0.0040   0.0387  -0.0043   0.0392   0.0447  2.0661e-01  -0.0045  -0.0043  8.2672e-04   0.1444  -0.0058  -0.0038  -0.0038  1.0000e+00  -0.0054   0.0217
SIM49L2  0.0370 -0.0037  1.2101e-01 -0.0049  0.0076 -0.0052 -0.0031 -0.0037 -0.0055 -0.0062  -0.0047 -4.5611e-03  -0.0009  -0.0023   0.0853   0.0178   0.0079  -0.0050  -0.0046  -0.0046 -3.9457e-03 -3.8152e-03   0.0048  -0.0003  -0.0036  -0.0047  -0.0061  -0.0047   0.0897   0.0052 -3.6997e-03  -0.0052  -0.0041  -0.0037  -0.0051  -0.0008   0.0028  -0.0039  -0.0046  -0.0059 -4.9461e-03   0.0216  -0.0060 -4.3308e-03   0.1885  -0.0053  -0.0053   0.0022 -5.3576e-03   1.0000  -0.0025
SIM50L2  0.0069 -0.0026 -3.1020e-03 -0.0033  0.0005 -0.0040  0.1420 -0.0026  0.0009 -0.0044  -0.0032 -3.1658e-03  -0.0033  -0.0029   0.0308   0.2777   0.0089   0.0262  -0.0033  -0.0032 -2.9498e-03 -3.3872e-03  -0.0039  -0.0033   0.0143  -0.0032  -0.0041  -0.0034   0.0131  -0.0034 -2.5479e-03  -0.0037  -0.0028  -0.0025  -0.0035  -0.0025  -0.0020  -0.0027  -0.0032   0.0027  5.2031e-03  -0.0046   0.0171 -3.3675e-03   0.0152  -0.0037  -0.0042   0.0234  2.1653e-02  -0.0025   1.0000

LD Score Matrix Condition Number
3.6097

Annotation Correlation Matrix
             SIM1        SIM2        SIM3        SIM4        SIM5        SIM6        SIM7        SIM8        SIM9       SIM10       SIM11       SIM12       SIM13       SIM14       SIM15       SIM16       SIM17       SIM18       SIM19       SIM20       SIM21       SIM22       SIM23       SIM24       SIM25       SIM26       SIM27       SIM28       SIM29       SIM30       SIM31       SIM32       SIM33       SIM34       SIM35       SIM36       SIM37       SIM38       SIM39       SIM40       SIM41       SIM42       SIM43       SIM44       SIM45       SIM46       SIM47       SIM48       SIM49       SIM50
SIM1   1.0000e+00 -4.4768e-05 -4.1676e-05 -3.0582e-05 -4.6236e-05 -3.8336e-05 -3.0582e-05 -4.9041e-05 -5.4217e-05 -4.3249e-05 -4.1676e-05 -4.3249e-05 -4.0041e-05 -4.3249e-05 -4.6236e-05 -4.6236e-05 -4.4768e-05 -4.3249e-05 -4.0041e-05 -4.4768e-05 -4.3249e-05 -4.6236e-05 -4.3249e-05 -3.4676e-05 -4.9041e-05 -4.7659e-05 -4.0041e-05 -4.6236e-05 -5.0385e-05 -3.4676e-05 -4.6236e-05 -3.4676e-05 -3.8336e-05 -4.1676e-05 -3.6552e-05 -3.0582e-05 -3.8336e-05 -4.6236e-05 -5.2970e-05 -5.2970e-05 -5.4217e-05 -4.7659e-05 -4.7659e-05 -4.4768e-05 -4.3249e-05 -4.9041e-05 -4.6236e-05 -4.9041e-05 -4.4768e-05 -3.0582e-05
SIM2  -4.4768e-05  1.0000e+00 -4.8668e-05 -3.5712e-05 -5.3992e-05 -4.4768e-05 -3.5712e-05 -5.7267e-05 -6.3312e-05 -5.0505e-05 -4.8668e-05 -5.0505e-05 -4.6758e-05 -5.0505e-05 -5.3992e-05 -5.3992e-05 -5.2278e-05 -5.0505e-05 -4.6758e-05 -5.2278e-05 -5.0505e-05 -5.3992e-05 -5.0505e-05 -4.0494e-05 -5.7267e-05 -5.5654e-05 -4.6758e-05 -5.3992e-05 -5.8837e-05 -4.0494e-05 -5.3992e-05 -4.0494e-05 -4.4768e-05 -4.8668e-05 -4.2684e-05 -3.5712e-05 -4.4768e-05 -5.3992e-05 -6.1856e-05 -6.1856e-05 -6.3312e-05 -5.5654e-05 -5.5654e-05 -5.2278e-05 -5.0505e-05 -5.7267e-05 -5.3992e-05 -5.7267e-05 -5.2278e-05 -3.5712e-05
SIM3  -4.1676e-05 -4.8668e-05  1.0000e+00 -3.3246e-05 -5.0264e-05 -4.1676e-05 -3.3246e-05 -5.3313e-05 -5.8940e-05 -4.7017e-05 -4.5307e-05 -4.7017e-05 -4.3529e-05 -4.7017e-05 -5.0264e-05 -5.0264e-05 -4.8668e-05 -4.7017e-05 -4.3529e-05 -4.8668e-05 -4.7017e-05 -5.0264e-05 -4.7017e-05 -3.7697e-05 -5.3313e-05 -5.1811e-05 -4.3529e-05 -5.0264e-05 -5.4774e-05 -3.7697e-05 -5.0264e-05 -3.7697e-05 -4.1676e-05 -4.5307e-05 -3.9737e-05 -3.3246e-05 -4.1676e-05 -5.0264e-05 -5.7585e-05 -5.7585e-05 -5.8940e-05 -5.1811e-05 -5.1811e-05 -4.8668e-05 -4.7017e-05 -5.3313e-05 -5.0264e-05 -5.3313e-05 -4.8668e-05 -3.3246e-05
SIM4  -3.0582e-05 -3.5712e-05 -3.3246e-05  1.0000e+00 -3.6883e-05 -3.0582e-05 -2.4396e-05 -3.9121e-05 -4.3250e-05 -3.4501e-05 -3.3246e-05 -3.4501e-05 -3.1942e-05 -3.4501e-05 -3.6883e-05 -3.6883e-05 -3.5712e-05 -3.4501e-05 -3.1942e-05 -3.5712e-05 -3.4501e-05 -3.6883e-05 -3.4501e-05 -2.7662e-05 -3.9121e-05 -3.8018e-05 -3.1942e-05 -3.6883e-05 -4.0193e-05 -2.7662e-05 -3.6883e-05 -2.7662e-05 -3.0582e-05 -3.3246e-05 -2.9158e-05 -2.4396e-05 -3.0582e-05 -3.6883e-05 -4.2255e-05 -4.2255e-05 -4.3250e-05 -3.8018e-05 -3.8018e-05 -3.5712e-05 -3.4501e-05 -3.9121e-05 -3.6883e-05 -3.9121e-05 -3.5712e-05 -2.4396e-05
SIM5  -4.6236e-05 -5.3992e-05 -5.0264e-05 -3.6883e-05  1.0000e+00 -4.6236e-05 -3.6883e-05 -5.9146e-05 -6.5389e-05 -5.2161e-05 -5.0264e-05 -5.2161e-05 -4.8292e-05 -5.2161e-05 -5.5763e-05 -5.5763e-05 -5.3992e-05 -5.2161e-05 -4.8292e-05 -5.3992e-05 -5.2161e-05 -5.5763e-05 -5.2161e-05 -4.1822e-05 -5.9146e-05 -5.7479e-05 -4.8292e-05 -5.5763e-05 -6.0767e-05 -4.1822e-05 -5.5763e-05 -4.1822e-05 -4.6236e-05 -5.0264e-05 -4.4084e-05 -3.6883e-05 -4.6236e-05 -5.5763e-05 -6.3885e-05 -6.3885e-05 -6.5389e-05 -5.7479e-05 -5.7479e-05 -5.3992e-05 -5.2161e-05 -5.9146e-05 -5.5763e-05 -5.9146e-05 -5.3992e-05 -3.6883e-05
SIM6  -3.8336e-05 -4.4768e-05 -4.1676e-05 -3.0582e-05 -4.6236e-05  1.0000e+00 -3.0582e-05 -4.9041e-05 -5.4217e-05 -4.3249e-05 -4.1676e-05 -4.3249e-05 -4.0041e-05 -4.3249e-05 -4.6236e-05 -4.6236e-05 -4.4768e-05 -4.3249e-05 -4.0041e-05 -4.4768e-05 -4.3249e-05 -4.6236e-05 -4.3249e-05 -3.4676e-05 -4.9041e-05 -4.7659e-05 -4.0041e-05 -4.6236e-05 -5.0385e-05 -3.4676e-05 -4.6236e-05 -3.4676e-05 -3.8336e-05 -4.1676e-05 -3.6552e-05 -3.0582e-05 -3.8336e-05 -4.6236e-05 -5.2970e-05 -5.2970e-05 -5.4217e-05 -4.7659e-05 -4.7659e-05 -4.4768e-05 -4.3249e-05 -4.9041e-05 -4.6236e-05 -4.9041e-05 -4.4768e-05 -3.0582e-05
SIM7  -3.0582e-05 -3.5712e-05 -3.3246e-05 -2.4396e-05 -3.6883e-05 -3.0582e-05  1.0000e+00 -3.9121e-05 -4.3250e-05 -3.4501e-05 -3.3246e-05 -3.4501e-05 -3.1942e-05 -3.4501e-05 -3.6883e-05 -3.6883e-05 -3.5712e-05 -3.4501e-05 -3.1942e-05 -3.5712e-05 -3.4501e-05 -3.6883e-05 -3.4501e-05 -2.7662e-05 -3.9121e-05 -3.8018e-05 -3.1942e-05 -3.6883e-05 -4.0193e-05 -2.7662e-05 -3.6883e-05 -2.7662e-05 -3.0582e-05 -3.3246e-05 -2.9158e-05 -2.4396e-05 -3.0582e-05 -3.6883e-05 -4.2255e-05 -4.2255e-05 -4.3250e-05 -3.8018e-05 -3.8018e-05 -3.5712e-05 -3.4501e-05 -3.9121e-05 -3.6883e-05 -3.9121e-05 -3.5712e-05 -2.4396e-05
SIM8  -4.9041e-05 -5.7267e-05 -5.3313e-05 -3.9121e-05 -5.9146e-05 -4.9041e-05 -3.9121e-05  1.0000e+00 -6.9355e-05 -5.5326e-05 -5.3313e-05 -5.5326e-05 -5.1221e-05 -5.5326e-05  5.8870e-02 -5.9146e-05 -5.7267e-05 -5.5326e-05 -5.1221e-05 -5.7267e-05 -5.5326e-05 -5.9146e-05 -5.5326e-05 -4.4359e-05 -6.2734e-05 -6.0966e-05 -5.1221e-05 -5.9146e-05 -6.4453e-05 -4.4359e-05 -5.9146e-05 -4.4359e-05 -4.9041e-05 -5.3313e-05 -4.6758e-05 -3.9121e-05 -4.9041e-05 -5.9146e-05 -6.7761e-05 -6.7761e-05 -6.9355e-05 -6.0966e-05 -6.0966e-05 -5.7267e-05 -5.5326e-05 -6.2734e-05 -5.9146e-05 -6.2734e-05 -5.7267e-05 -3.9121e-05
SIM9  -5.4217e-05 -6.3312e-05 -5.8940e-05 -4.3250e-05 -6.5389e-05 -5.4217e-05 -4.3250e-05 -6.9355e-05  1.0000e+00 -6.1165e-05 -5.8940e-05 -6.1165e-05 -5.6628e-05 -6.1165e-05 -6.5389e-05 -6.5389e-05 -6.3312e-05 -6.1165e-05 -5.6628e-05 -6.3312e-05 -6.1165e-05 -6.5389e-05  5.6923e-02 -4.9041e-05 -6.9355e-05 -6.7401e-05 -5.6628e-05 -6.5389e-05 -7.1256e-05 -4.9041e-05 -6.5389e-05 -4.9041e-05 -5.4217e-05 -5.8940e-05 -5.1694e-05 -4.3250e-05 -5.4217e-05 -6.5389e-05 -7.4913e-05 -7.4913e-05 -7.6676e-05 -6.7401e-05 -6.7401e-05 -6.3312e-05 -6.1165e-05 -6.9355e-05 -6.5389e-05 -6.9355e-05 -6.3312e-05 -4.3250e-05
SIM10 -4.3249e-05 -5.0505e-05 -4.7017e-05 -3.4501e-05 -5.2161e-05 -4.3249e-05 -3.4501e-05 -5.5326e-05 -6.1165e-05  1.0000e+00 -4.7017e-05 -4.8792e-05 -4.5173e-05 -4.8792e-05 -5.2161e-05 -5.2161e-05 -5.0505e-05 -4.8792e-05 -4.5173e-05 -5.0505e-05 -4.8792e-05 -5.2161e-05 -4.8792e-05 -3.9120e-05 -5.5326e-05 -5.3767e-05 -4.5173e-05  6.6767e-02 -5.6842e-05 -3.9120e-05 -5.2161e-05 -3.9120e-05 -4.3249e-05 -4.7017e-05 -4.1237e-05 -3.4501e-05 -4.3249e-05 -5.2161e-05 -5.9759e-05 -5.9759e-05 -6.1165e-05 -5.3767e-05 -5.3767e-05 -5.0505e-05 -4.8792e-05 -5.5326e-05 -5.2161e-05 -5.5326e-05 -5.0505e-05 -3.4501e-05
SIM11 -4.1676e-05 -4.8668e-05 -4.5307e-05 -3.3246e-05 -5.0264e-05 -4.1676e-05 -3.3246e-05 -5.3313e-05 -5.8940e-05 -4.7017e-05  1.0000e+00 -4.7017e-05 -4.3529e-05 -4.7017e-05 -5.0264e-05 -5.0264e-05 -4.8668e-05 -4.7017e-05 -4.3529e-05 -4.8668e-05 -4.7017e-05 -5.0264e-05 -4.7017e-05 -3.7697e-05 -5.3313e-05 -5.1811e-05 -4.3529e-05 -5.0264e-05 -5.4774e-05 -3.7697e-05 -5.0264e-05 -3.7697e-05 -4.1676e-05 -4.5307e-05 -3.9737e-05 -3.3246e-05 -4.1676e-05 -5.0264e-05 -5.7585e-05 -5.7585e-05 -5.8940e-05 -5.1811e-05 -5.1811e-05 -4.8668e-05 -4.7017e-05 -5.3313e-05 -5.0264e-05 -5.3313e-05 -4.8668e-05 -3.3246e-05
SIM12 -4.3249e-05 -5.0505e-05 -4.7017e-05 -3.4501e-05 -5.2161e-05 -4.3249e-05 -3.4501e-05 -5.5326e-05 -6.1165e-05 -4.8792e-05 -4.7017e-05  1.0000e+00 -4.5173e-05 -4.8792e-05 -5.2161e-05 -5.2161e-05 -5.0505e-05 -4.8792e-05 -4.5173e-05 -5.0505e-05 -4.8792e-05 -5.2161e-05 -4.8792e-05 -3.9120e-05 -5.5326e-05 -5.3767e-05 -4.5173e-05 -5.2161e-05 -5.6842e-05 -3.9120e-05 -5.2161e-05 -3.9120e-05 -4.3249e-05 -4.7017e-05 -4.1237e-05 -3.4501e-05 -4.3249e-05 -5.2161e-05 -5.9759e-05 -5.9759e-05 -6.1165e-05 -5.3767e-05  6.4770e-02 -5.0505e-05 -4.8792e-05 -5.5326e-05 -5.2161e-05 -5.5326e-05 -5.0505e-05 -3.4501e-05
SIM13 -4.0041e-05 -4.6758e-05 -4.3529e-05 -3.1942e-05 -4.8292e-05 -4.0041e-05 -3.1942e-05 -5.1221e-05 -5.6628e-05 -4.5173e-05 -4.3529e-05 -4.5173e-05  1.0000e+00 -4.5173e-05 -4.8292e-05 -4.8292e-05 -4.6758e-05 -4.5173e-05 -4.1822e-05 -4.6758e-05 -4.5173e-05 -4.8292e-05 -4.5173e-05 -3.6218e-05 -5.1221e-05 -4.9778e-05 -4.1822e-05 -4.8292e-05 -5.2625e-05 -3.6218e-05 -4.8292e-05 -3.6218e-05 -4.0041e-05 -4.3529e-05 -3.8178e-05 -3.1942e-05 -4.0041e-05 -4.8292e-05 -5.5326e-05 -5.5326e-05 -5.6628e-05 -4.9778e-05 -4.9778e-05 -4.6758e-05 -4.5173e-05 -5.1221e-05 -4.8292e-05 -5.1221e-05 -4.6758e-05 -3.1942e-05
SIM14 -4.3249e-05 -5.0505e-05 -4.7017e-05 -3.4501e-05 -5.2161e-05 -4.3249e-05 -3.4501e-05 -5.5326e-05 -6.1165e-05 -4.8792e-05 -4.7017e-05 -4.8792e-05 -4.5173e-05  1.0000e+00 -5.2161e-05  6.6767e-02 -5.0505e-05 -4.8792e-05 -4.5173e-05 -5.0505e-05 -4.8792e-05 -5.2161e-05 -4.8792e-05 -3.9120e-05 -5.5326e-05 -5.3767e-05 -4.5173e-05 -5.2161e-05 -5.6842e-05 -3.9120e-05 -5.2161e-05 -3.9120e-05 -4.3249e-05 -4.7017e-05 -4.1237e-05 -3.4501e-05 -4.3249e-05 -5.2161e-05 -5.9759e-05 -5.9759e-05 -6.1165e-05 -5.3767e-05 -5.3767e-05 -5.0505e-05 -4.8792e-05 -5.5326e-05 -5.2161e-05 -5.5326e-05 -5.0505e-05 -3.4501e-05
