*********************************************************************
* LD Score Regression (LDSC)
* Version 1.0.1
* (C) 2014-2019 Brendan Bulik-Sullivan and Hilary Finucane
* Broad Institute of MIT and Harvard / MIT Department of Mathematics
* GNU General Public License v3
*********************************************************************
Call: 
./ldsc.py \
--out /data/sbcs/GuoLab/backup/liq17/CRC_TF_TWAS_zhishan2024/NC_revision_OceanCode/v2_NC_revision//84Tracks//ldscores_sim500//16 \
--bfile /data/sbcs/GuoLab/backup/liq17/ref/Alkesgroup/1000G_EUR_Phase3_plink_hg38/1000G.EUR.QC.16 \
--annot /data/sbcs/GuoLab/backup/liq17/CRC_TF_TWAS_zhishan2024/NC_revision_OceanCode/v2_NC_revision//84Tracks//annots_sim500//16.annot.txt \
--l2  \
--ld-wind-kb 100.0 

Beginning analysis at Sun Oct 26 23:55:42 2025
Read list of 316962 SNPs from /data/sbcs/GuoLab/backup/liq17/ref/Alkesgroup/1000G_EUR_Phase3_plink_hg38/1000G.EUR.QC.16.bim
Read 50 annotations for 316962 SNPs from /data/sbcs/GuoLab/backup/liq17/CRC_TF_TWAS_zhishan2024/NC_revision_OceanCode/v2_NC_revision//84Tracks//annots_sim500//16.annot.txt
Read list of 489 individuals from /data/sbcs/GuoLab/backup/liq17/ref/Alkesgroup/1000G_EUR_Phase3_plink_hg38/1000G.EUR.QC.16.fam
Reading genotypes from /data/sbcs/GuoLab/backup/liq17/ref/Alkesgroup/1000G_EUR_Phase3_plink_hg38/1000G.EUR.QC.16.bed
Estimating LD Score.
Writing LD Scores for 316962 SNPs to /data/sbcs/GuoLab/backup/liq17/CRC_TF_TWAS_zhishan2024/NC_revision_OceanCode/v2_NC_revision//84Tracks//ldscores_sim500//16.l2.ldscore.gz

Summary of LD Scores in /data/sbcs/GuoLab/backup/liq17/CRC_TF_TWAS_zhishan2024/NC_revision_OceanCode/v2_NC_revision//84Tracks//ldscores_sim500//16.l2.ldscore.gz
         MAF  SIM1L2  SIM2L2  SIM3L2  SIM4L2  SIM5L2  SIM6L2  SIM7L2  SIM8L2  SIM9L2  SIM10L2  SIM11L2  SIM12L2  SIM13L2  SIM14L2  SIM15L2  SIM16L2  SIM17L2  SIM18L2  SIM19L2  SIM20L2  SIM21L2  SIM22L2  SIM23L2  SIM24L2  SIM25L2  SIM26L2  SIM27L2  SIM28L2  SIM29L2  SIM30L2  SIM31L2  SIM32L2  SIM33L2  SIM34L2  SIM35L2  SIM36L2  SIM37L2  SIM38L2  SIM39L2  SIM40L2  SIM41L2  SIM42L2  SIM43L2  SIM44L2  SIM45L2  SIM46L2  SIM47L2  SIM48L2  SIM49L2  SIM50L2
mean  0.1434  0.0040  0.0043  0.0030  0.0045  0.0025  0.0047  0.0029  0.0012  0.0032   0.0019   0.0036   0.0036   0.0029   0.0030   0.0041   0.0028   0.0023   0.0031   0.0026   0.0011   0.0022   0.0046   0.0022   0.0015   0.0018   0.0039   0.0038   0.0044   0.0032   0.0039   0.0037   0.0033   0.0015   0.0020   0.0036   0.0027   0.0043   0.0024   0.0029   0.0024   0.0026   0.0027   0.0030   0.0021   0.0024   0.0023   0.0032   0.0065   0.0021   0.0021
std   0.1482  0.0563  0.0488  0.0406  0.0496  0.0353  0.0503  0.0346  0.0232  0.0406   0.0326   0.0467   0.0444   0.0401   0.0401   0.0466   0.0465   0.0380   0.0383   0.0334   0.0257   0.0357   0.0536   0.0341   0.0256   0.0303   0.0480   0.0481   0.0508   0.0382   0.0421   0.0476   0.0509   0.0280   0.0322   0.0422   0.0364   0.0479   0.0342   0.0423   0.0365   0.0375   0.0419   0.0399   0.0310   0.0378   0.0365   0.0383   0.0712   0.0303   0.0300
min   0.0051 -0.0041 -0.0021 -0.0040 -0.0040 -0.0041 -0.0021 -0.0038 -0.0021 -0.0041  -0.0041  -0.0041  -0.0040  -0.0041  -0.0040  -0.0040  -0.0021  -0.0041  -0.0021  -0.0041  -0.0041  -0.0037  -0.0053  -0.0041  -0.0041  -0.0040  -0.0033  -0.0040  -0.0036  -0.0033  -0.0040  -0.0021  -0.0041  -0.0041  -0.0041  -0.0041  -0.0021  -0.0021  -0.0040  -0.0041  -0.0038  -0.0040  -0.0021  -0.0041  -0.0021  -0.0021  -0.0021  -0.0041  -0.0059  -0.0040  -0.0021
25%   0.0164  0.0000  0.0000  0.0000  0.0000  0.0000  0.0000  0.0000  0.0000  0.0000   0.0000   0.0000   0.0000   0.0000   0.0000   0.0000   0.0000   0.0000   0.0000   0.0000   0.0000   0.0000   0.0000   0.0000   0.0000   0.0000   0.0000   0.0000   0.0000   0.0000   0.0000   0.0000   0.0000   0.0000   0.0000   0.0000   0.0000   0.0000   0.0000   0.0000   0.0000   0.0000   0.0000   0.0000   0.0000   0.0000   0.0000   0.0000   0.0000   0.0000   0.0000
50%   0.0787  0.0000  0.0000  0.0000  0.0000  0.0000  0.0000  0.0000  0.0000  0.0000   0.0000   0.0000   0.0000   0.0000   0.0000   0.0000   0.0000   0.0000   0.0000   0.0000   0.0000   0.0000   0.0000   0.0000   0.0000   0.0000   0.0000   0.0000   0.0000   0.0000   0.0000   0.0000   0.0000   0.0000   0.0000   0.0000   0.0000   0.0000   0.0000   0.0000   0.0000   0.0000   0.0000   0.0000   0.0000   0.0000   0.0000   0.0000   0.0000   0.0000   0.0000
75%   0.2505  0.0000  0.0000  0.0000  0.0000  0.0000  0.0000  0.0000  0.0000  0.0000   0.0000   0.0000   0.0000   0.0000   0.0000   0.0000   0.0000   0.0000   0.0000   0.0000   0.0000   0.0000   0.0000   0.0000   0.0000   0.0000   0.0000   0.0000   0.0000   0.0000   0.0000   0.0000   0.0000   0.0000   0.0000   0.0000   0.0000   0.0000   0.0000   0.0000   0.0000   0.0000   0.0000   0.0000   0.0000   0.0000   0.0000   0.0000   0.0000   0.0000   0.0000
max   0.5000  1.8098  1.0000  1.0495  1.0000  1.0000  1.0000  1.0000  1.0000  1.0037   1.0053   1.0000   1.0116   1.0119   1.0456   1.0317   1.0000   1.0000   1.0000   1.0000   1.0000   1.0000   1.1030   1.0000   1.0000   1.0000   1.0000   1.0000   1.0000   1.0000   1.0067   1.0000   1.8635   1.1236   1.0000   1.0062   1.0000   1.0000   1.0128   1.0000   1.0153   1.0011   1.0000   1.0620   1.0000   1.0000   1.0000   1.0000   1.3192   1.0095   1.0000

MAF/LD Score Correlation Matrix
            MAF  SIM1L2      SIM2L2  SIM3L2  SIM4L2      SIM5L2  SIM6L2  SIM7L2  SIM8L2  SIM9L2  SIM10L2  SIM11L2  SIM12L2  SIM13L2  SIM14L2     SIM15L2     SIM16L2  SIM17L2  SIM18L2     SIM19L2  SIM20L2     SIM21L2  SIM22L2  SIM23L2  SIM24L2  SIM25L2  SIM26L2  SIM27L2     SIM28L2  SIM29L2  SIM30L2  SIM31L2  SIM32L2     SIM33L2  SIM34L2  SIM35L2     SIM36L2  SIM37L2  SIM38L2  SIM39L2     SIM40L2  SIM41L2  SIM42L2  SIM43L2  SIM44L2  SIM45L2  SIM46L2     SIM47L2     SIM48L2     SIM49L2     SIM50L2
MAF      1.0000  0.0087  4.8167e-02  0.0502  0.0564  4.2093e-02  0.0268  0.0307  0.0236  0.0541   0.0103   0.0204   0.0281   0.0482   0.0506  8.2783e-02 -1.6183e-02   0.0102   0.0592  3.9244e-02   0.0144  1.5480e-02   0.0278   0.0406   0.0055   0.0402   0.0424   0.0546  6.7180e-02   0.0199   0.0313   0.0288   0.0379  4.2340e-02  -0.0071   0.0188  2.5241e-02   0.0525   0.0195  -0.0220  2.9368e-03   0.0027  -0.0057   0.0163   0.0040   0.0150   0.0359  6.6299e-02  1.8024e-02  2.2137e-02  2.3395e-02
SIM1L2   0.0087  1.0000 -6.2579e-03 -0.0054 -0.0063 -4.8310e-03  0.0058 -0.0007 -0.0036 -0.0047  -0.0039   0.2519  -0.0058  -0.0052  -0.0040 -6.3163e-03 -4.3177e-03   0.0823   0.0007 -2.8084e-03   0.0070 -4.3656e-03   0.4165  -0.0046  -0.0041  -0.0031  -0.0061  -0.0057  1.3004e-02   0.1899  -0.0066  -0.0050   0.0003 -3.8338e-03   0.0278  -0.0040 -5.2232e-03   0.0277  -0.0050   0.0023  1.7177e-01  -0.0050  -0.0047  -0.0043   0.0069  -0.0045  -0.0035 -4.6501e-03  4.3360e-01 -4.9323e-03 -5.1261e-03
SIM2L2   0.0482 -0.0063  1.0000e+00 -0.0064 -0.0076 -6.2058e-03  0.0281 -0.0074 -0.0044 -0.0061  -0.0029  -0.0069  -0.0032  -0.0062   0.0044  2.2808e-05  7.9058e-03   0.0027  -0.0066 -6.7382e-03  -0.0021  3.3685e-02   0.0053   0.0019  -0.0050  -0.0052  -0.0046  -0.0070  6.5072e-02  -0.0072  -0.0078   0.0248   0.2208  2.4881e-02  -0.0055  -0.0074 -6.2089e-03  -0.0076  -0.0049  -0.0055 -5.8514e-03  -0.0051  -0.0054  -0.0067  -0.0029  -0.0056   0.0961  1.1432e-02 -6.5196e-03 -5.6671e-03 -5.2135e-03
SIM3L2   0.0502 -0.0054 -6.4011e-03  1.0000  0.1551 -5.2491e-03 -0.0025  0.0010  0.0009 -0.0016   0.0246  -0.0046  -0.0028   0.0017  -0.0056 -4.8597e-03 -4.4968e-03  -0.0044  -0.0060 -5.7053e-03  -0.0032  1.7504e-03   0.0617  -0.0045  -0.0017  -0.0036  -0.0053  -0.0059  1.8298e-03  -0.0057  -0.0065   0.0202  -0.0047  7.9021e-03   0.0061  -0.0047 -5.3252e-03  -0.0007  -0.0024   0.0547 -4.9544e-03   0.0043  -0.0048  -0.0050  -0.0048  -0.0044  -0.0045 -6.2771e-03 -4.7399e-03  1.5517e-02 -3.3821e-03
SIM4L2   0.0564 -0.0063 -7.6131e-03  0.1551  1.0000  2.9682e-02 -0.0062 -0.0021  0.0018  0.1062  -0.0052  -0.0025  -0.0070  -0.0053  -0.0060 -5.3699e-03 -5.2127e-03  -0.0034  -0.0074 -4.8276e-03  -0.0039  1.5390e-03   0.0863  -0.0029  -0.0017  -0.0054  -0.0069  -0.0066 -7.9413e-03  -0.0078  -0.0084  -0.0037  -0.0045 -4.8490e-03  -0.0018  -0.0063 -1.3880e-03   0.0004  -0.0064   0.0055 -5.9852e-03  -0.0063  -0.0055  -0.0053  -0.0060  -0.0058  -0.0007 -7.3667e-03 -8.2019e-03 -4.8085e-03  4.7100e-03
SIM5L2   0.0421 -0.0048 -6.2058e-03 -0.0052  0.0297  1.0000e+00  0.0468 -0.0035 -0.0035 -0.0017   0.0036  -0.0055  -0.0053  -0.0048  -0.0046  1.5865e-01 -4.0454e-03  -0.0042  -0.0057  1.0577e-01  -0.0032 -2.0736e-03  -0.0059  -0.0041   0.0740  -0.0042  -0.0058  -0.0048 -3.0718e-03   0.0001   0.0037   0.1237  -0.0046 -3.8618e-03  -0.0044  -0.0033  7.4989e-05   0.0170   0.0038  -0.0048 -4.3952e-03  -0.0036  -0.0046  -0.0009  -0.0047  -0.0036  -0.0045 -5.2437e-03 -6.4059e-03  2.7614e-02  5.8201e-03
SIM6L2   0.0268  0.0058  2.8143e-02 -0.0025 -0.0062  4.6803e-02  1.0000  0.0321 -0.0046 -0.0074  -0.0055  -0.0077  -0.0038  -0.0065  -0.0071 -2.5311e-03 -4.7366e-03  -0.0019   0.0017  1.7526e-02  -0.0033 -5.6293e-03  -0.0066  -0.0048  -0.0054  -0.0056   0.0412  -0.0075 -8.1624e-03  -0.0084  -0.0060  -0.0063  -0.0061 -4.8160e-03  -0.0025  -0.0078  4.5543e-04  -0.0073   0.0722  -0.0062  7.6104e-03  -0.0064  -0.0030  -0.0074   0.0022  -0.0060  -0.0059 -7.9578e-03 -8.0765e-03  4.8201e-03 -5.6090e-03
SIM7L2   0.0307 -0.0007 -7.4214e-03  0.0010 -0.0021 -3.5205e-03  0.0321  1.0000 -0.0034 -0.0060   0.0055  -0.0047  -0.0046   0.0055   0.0179 -1.1839e-03 -1.3771e-03  -0.0014  -0.0032 -4.1686e-03  -0.0036  1.8890e-02   0.0333  -0.0044  -0.0047   0.0235  -0.0046  -0.0065  3.0961e-03   0.0039  -0.0077  -0.0061  -0.0055  1.9900e-02   0.0074   0.0076 -6.1935e-03  -0.0041  -0.0053   0.0052 -5.2747e-03  -0.0059  -0.0055   0.0177  -0.0056   0.0080   0.0285  8.4112e-02 -7.0063e-03  4.1897e-02  3.2636e-03
SIM8L2   0.0236 -0.0036 -4.3972e-03  0.0009  0.0018 -3.5432e-03 -0.0046 -0.0034  1.0000 -0.0039  -0.0029  -0.0039  -0.0041  -0.0033  -0.0038 -4.3550e-03 -3.0060e-03  -0.0030  -0.0041 -3.6547e-03  -0.0022 -3.0110e-03  -0.0039  -0.0033  -0.0017  -0.0012  -0.0039   0.0120 -4.1007e-03  -0.0044  -0.0046  -0.0036  -0.0030 -1.2572e-03  -0.0030  -0.0043 -3.6660e-03  -0.0045  -0.0035  -0.0026 -3.3093e-03  -0.0035  -0.0033  -0.0031  -0.0029  -0.0032  -0.0032 -4.2011e-03 -4.2422e-03 -3.4312e-03 -3.5799e-03
SIM9L2   0.0541 -0.0047 -6.1488e-03 -0.0016  0.1062 -1.6806e-03 -0.0074 -0.0060 -0.0039  1.0000  -0.0034  -0.0061   0.0002  -0.0053  -0.0059 -6.8616e-03 -4.6891e-03  -0.0005   0.0131  1.5038e-02  -0.0032  2.7788e-03   0.0754   0.0076  -0.0046  -0.0047   0.0679  -0.0061 -5.7801e-03  -0.0057  -0.0072  -0.0044  -0.0054 -4.1793e-03  -0.0045   0.0098 -4.3784e-03  -0.0067  -0.0056  -0.0050 -2.4932e-03   0.0224  -0.0050   0.0233   0.0005  -0.0049   0.0539 -5.8483e-03 -7.0861e-03 -5.0396e-03  2.6515e-02
SIM10L2  0.0103 -0.0039 -2.8636e-03  0.0246 -0.0052  3.6224e-03 -0.0055  0.0055 -0.0029 -0.0034   1.0000  -0.0046  -0.0048  -0.0036   0.1297 -5.1584e-03 -3.5314e-03  -0.0036  -0.0048 -4.4738e-03  -0.0025 -3.5348e-03  -0.0049  -0.0038  -0.0026   0.1812  -0.0049   0.0089 -5.0900e-03  -0.0050   0.0016   0.0278  -0.0038 -2.2578e-03  -0.0036  -0.0047 -4.3038e-03   0.0025  -0.0021   0.0560 -3.8850e-03  -0.0040  -0.0034  -0.0028  -0.0039  -0.0027  -0.0037 -4.8446e-03 -4.8502e-03  4.2702e-03  1.4048e-02
SIM11L2  0.0204  0.2519 -6.8593e-03 -0.0046 -0.0025 -5.4749e-03 -0.0077 -0.0047 -0.0039 -0.0061  -0.0046   1.0000  -0.0034  -0.0056  -0.0053 -6.6986e-03  1.3443e-02  -0.0033  -0.0060 -1.7749e-03   0.0157 -1.5674e-03   0.2973  -0.0043   0.0192  -0.0046  -0.0064  -0.0060 -6.7130e-03   0.1967  -0.0009  -0.0061  -0.0032 -4.1620e-03   0.0324   0.0607 -5.6542e-03  -0.0003  -0.0054   0.3131 -5.1590e-03  -0.0058  -0.0050  -0.0054   0.0282  -0.0046  -0.0053 -3.5762e-03  3.4701e-01 -5.0836e-03 -5.5698e-03
SIM12L2  0.0281 -0.0058 -3.1706e-03 -0.0028 -0.0070 -5.3242e-03 -0.0038 -0.0046 -0.0041  0.0002  -0.0048  -0.0034   1.0000   0.1088   0.0468  4.1480e-02 -4.9085e-03   0.0918  -0.0014  6.8761e-04  -0.0035 -4.9206e-03  -0.0068  -0.0052  -0.0046  -0.0048   0.0019  -0.0064  8.5065e-03  -0.0051  -0.0075  -0.0056  -0.0051 -4.3584e-03  -0.0051  -0.0070 -5.7481e-03   0.0595  -0.0058  -0.0048 -4.3675e-03  -0.0057  -0.0053  -0.0062   0.1769  -0.0052  -0.0052 -1.4720e-03 -5.6457e-03  9.4935e-04 -2.4899e-03
SIM13L2  0.0482 -0.0052 -6.1747e-03  0.0017 -0.0053 -4.7856e-03 -0.0065  0.0055 -0.0033 -0.0053  -0.0036  -0.0056   0.1088   1.0000  -0.0042 -6.1593e-03  7.8944e-04  -0.0044  -0.0059 -4.5673e-03  -0.0026 -4.3614e-03  -0.0017  -0.0046  -0.0041  -0.0043   0.0380  -0.0056 -3.7290e-03   0.0010  -0.0066  -0.0057   0.0004  7.0901e-04  -0.0032  -0.0061  1.7539e-02  -0.0062  -0.0050  -0.0020  1.4374e-02  -0.0050  -0.0045  -0.0053  -0.0048  -0.0046  -0.0046 -5.8423e-03 -3.1850e-03 -4.9698e-03 -3.6470e-03
SIM14L2  0.0506 -0.0040  4.4403e-03 -0.0056 -0.0060 -4.5691e-03 -0.0071  0.0179 -0.0038 -0.0059   0.1297  -0.0053   0.0468  -0.0042   1.0000  7.2538e-02 -2.6668e-03  -0.0040   0.0060 -5.6552e-03  -0.0009 -4.5536e-03  -0.0056  -0.0049  -0.0043   0.0692  -0.0032  -0.0045  2.4355e-02  -0.0016  -0.0069  -0.0057  -0.0047 -4.0415e-03  -0.0046  -0.0062  1.1509e-01  -0.0061  -0.0049  -0.0050 -4.5472e-03  -0.0052   0.0010  -0.0057  -0.0025   0.1134   0.0056  9.0708e-03 -5.7957e-03 -3.1041e-03  8.5935e-03
SIM15L2  0.0828 -0.0063  2.2808e-05 -0.0049 -0.0054  1.5865e-01 -0.0025 -0.0012 -0.0044 -0.0069  -0.0052  -0.0067   0.0415  -0.0062   0.0725  1.0000e+00 -5.6036e-03  -0.0034   0.0170  6.4978e-02  -0.0038 -5.2581e-03  -0.0068  -0.0058  -0.0050   0.0040  -0.0072  -0.0070  2.6371e-04  -0.0024  -0.0044   0.1086  -0.0041 -8.4348e-05  -0.0054  -0.0074  1.9417e-02   0.0008  -0.0028  -0.0060 -5.8470e-03  -0.0056  -0.0055  -0.0056  -0.0039   0.0414   0.1509 -2.6771e-03 -6.4972e-03 -5.5565e-03 -6.2887e-03
SIM16L2 -0.0162 -0.0043  7.9058e-03 -0.0045 -0.0052 -4.0454e-03 -0.0047 -0.0014 -0.0030 -0.0047  -0.0035   0.0134  -0.0049   0.0008  -0.0027 -5.6036e-03  1.0000e+00  -0.0038  -0.0038 -4.6027e-03  -0.0026 -3.7501e-03  -0.0042  -0.0039   0.0012  -0.0036  -0.0015  -0.0047 -5.2508e-03  -0.0051  -0.0045  -0.0046   0.0192  2.3528e-03  -0.0037  -0.0042 -6.6911e-05  -0.0055  -0.0043  -0.0023 -3.9959e-03  -0.0043   0.0201  -0.0046  -0.0040  -0.0038  -0.0038 -1.9453e-03 -5.4377e-03  1.1615e-02 -4.3070e-03
SIM17L2  0.0102  0.0823  2.6687e-03 -0.0044 -0.0034 -4.1722e-03 -0.0019 -0.0014 -0.0030 -0.0005  -0.0036  -0.0033   0.0918  -0.0044  -0.0040 -3.3802e-03 -3.7719e-03   1.0000  -0.0049 -4.7290e-03  -0.0005  2.0314e-02  -0.0034   0.0106  -0.0035  -0.0036  -0.0050  -0.0049  4.2070e-03   0.0073   0.0489  -0.0043  -0.0041 -3.2848e-03  -0.0038  -0.0049  6.5878e-02  -0.0054   0.0067   0.0149  6.0926e-02  -0.0007  -0.0038  -0.0046   0.0794  -0.0038  -0.0038 -3.8237e-03 -3.8312e-03 -4.1784e-03 -3.8927e-03
SIM18L2  0.0592  0.0007 -6.6091e-03 -0.0060 -0.0074 -5.7432e-03  0.0017 -0.0032 -0.0041  0.0131  -0.0048  -0.0060  -0.0014  -0.0059   0.0060  1.7032e-02 -3.8274e-03  -0.0049   1.0000  9.1943e-02   0.0017 -4.3619e-03  -0.0064  -0.0054  -0.0047  -0.0049   0.0771  -0.0064 -7.5254e-04  -0.0059  -0.0068  -0.0046  -0.0054 -4.3398e-03  -0.0026   0.0836 -8.8693e-04  -0.0074  -0.0057  -0.0054  1.1792e-02   0.0054   0.0485  -0.0062   0.0028  -0.0023   0.0274 -4.7538e-03 -6.1958e-03 -3.6280e-03  7.1939e-02
SIM19L2  0.0392 -0.0028 -6.7382e-03 -0.0057 -0.0048  1.0577e-01  0.0175 -0.0042 -0.0037  0.0150  -0.0045  -0.0018   0.0007  -0.0046  -0.0057  6.4978e-02 -4.6027e-03  -0.0047   0.0919  1.0000e+00   0.0008 -4.6140e-03  -0.0021  -0.0051   0.0457  -0.0046   0.0236  -0.0061 -5.6406e-03  -0.0039   0.0292   0.0451  -0.0042 -2.8614e-03  -0.0007  -0.0065  9.0308e-03   0.0154  -0.0054  -0.0052 -2.7408e-03   0.0070  -0.0049   0.0024   0.0063  -0.0048  -0.0022 -6.4377e-03  8.7572e-06 -5.0959e-03 -5.5457e-03
SIM20L2  0.0144  0.0070 -2.0736e-03 -0.0032 -0.0039 -3.1933e-03 -0.0033 -0.0036 -0.0022 -0.0032  -0.0025   0.0157  -0.0035  -0.0026  -0.0009 -3.8150e-03 -2.6078e-03  -0.0005   0.0017  8.2966e-04   1.0000 -2.6086e-03   0.0072   0.0001  -0.0025  -0.0027  -0.0034  -0.0026 -1.1348e-04   0.0060  -0.0040  -0.0034  -0.0028 -2.0843e-03  -0.0005  -0.0037 -3.1686e-03  -0.0039  -0.0030  -0.0029 -2.8732e-03  -0.0029   0.0124  -0.0033   0.0001  -0.0027  -0.0004 -2.3505e-03  7.6566e-02 -2.9097e-03 -2.8191e-03
SIM21L2  0.0155 -0.0044  3.3685e-02  0.0018  0.0015 -2.0736e-03 -0.0056  0.0189 -0.0030  0.0028  -0.0035  -0.0016  -0.0049  -0.0044  -0.0046 -5.2581e-03 -3.7501e-03   0.0203  -0.0044 -4.6140e-03  -0.0026  1.0000e+00  -0.0055   0.0036   0.0006  -0.0036  -0.0049  -0.0046 -5.2449e-03  -0.0050  -0.0042  -0.0036  -0.0039  8.4727e-02   0.0251  -0.0037 -2.9562e-03  -0.0043  -0.0041  -0.0019 -4.0010e-03  -0.0013  -0.0039  -0.0037  -0.0004  -0.0009  -0.0038  3.2680e-03 -5.4513e-03 -1.8358e-03 -7.1577e-05
SIM22L2  0.0278  0.4165  5.3195e-03  0.0617  0.0863 -5.8672e-03 -0.0066  0.0333 -0.0039  0.0754  -0.0049   0.2973  -0.0068  -0.0017  -0.0056 -6.8418e-03 -4.1531e-03  -0.0034  -0.0064 -2.1272e-03   0.0072 -5.4804e-03   1.0000   0.0107   0.0009  -0.0047   0.0026  -0.0067 -4.8784e-03   0.2356  -0.0077  -0.0066  -0.0036 -4.2824e-03   0.0351  -0.0073 -6.1933e-03   0.0045  -0.0022   0.0033 -3.4064e-03   0.0018  -0.0055  -0.0065   0.0143  -0.0050  -0.0046  1.7166e-02  5.0355e-01  9.8231e-03  1.5428e-03
SIM23L2  0.0406 -0.0046  1.9147e-03 -0.0045 -0.0029 -4.1143e-03 -0.0048 -0.0044 -0.0033  0.0076  -0.0038  -0.0043  -0.0052  -0.0046  -0.0049 -5.7561e-03 -3.9424e-03   0.0106  -0.0054 -5.0538e-03   0.0001  3.6486e-03   0.0107   1.0000  -0.0008   0.0211  -0.0054  -0.0053 -5.3947e-03  -0.0036  -0.0020  -0.0052  -0.0043 -3.4196e-03   0.0006  -0.0057 -2.6069e-03  -0.0057  -0.0014  -0.0039 -4.2944e-03   0.0217  -0.0043  -0.0004   0.0073  -0.0043  -0.0041  8.5526e-03 -5.9577e-03  4.9529e-03  9.8519e-02
SIM24L2  0.0055 -0.0041 -4.9661e-03 -0.0017 -0.0017  7.3983e-02 -0.0054 -0.0047 -0.0017 -0.0046  -0.0026   0.0192  -0.0046  -0.0041  -0.0043 -5.0068e-03  1.2075e-03  -0.0035  -0.0047  4.5657e-02  -0.0025  5.8800e-04   0.0009  -0.0008   1.0000  -0.0002  -0.0047  -0.0043 -4.9215e-03   0.0009   0.0023  -0.0045  -0.0022  1.7724e-02  -0.0004  -0.0042 -3.9837e-03   0.0063   0.0115   0.0148 -2.6333e-03  -0.0037  -0.0003   0.0028  -0.0039  -0.0038   0.0056 -4.7710e-03 -5.1720e-03  1.3123e-02  8.1260e-03
SIM25L2  0.0402 -0.0031 -5.2300e-03 -0.0036 -0.0054 -4.1816e-03 -0.0056  0.0235 -0.0012 -0.0047   0.1812  -0.0046  -0.0048  -0.0043   0.0692  3.9599e-03 -3.5786e-03  -0.0036  -0.0049 -4.5657e-03  -0.0027 -3.5879e-03  -0.0047   0.0211  -0.0002   1.0000  -0.0049   0.0032 -4.7308e-03  -0.0049  -0.0053  -0.0047  -0.0039 -3.1775e-03  -0.0037  -0.0042 -4.3427e-03  -0.0049  -0.0017  -0.0022 -2.0067e-03  -0.0042  -0.0038  -0.0034  -0.0039   0.0865  -0.0035 -5.0054e-03 -5.4503e-03 -2.9901e-03  2.3267e-02
SIM26L2  0.0424 -0.0061 -4.5821e-03 -0.0053 -0.0069 -5.7749e-03  0.0412 -0.0046 -0.0039  0.0679  -0.0049  -0.0064   0.0019   0.0380  -0.0032 -7.2032e-03 -1.5088e-03  -0.0050   0.0771  2.3588e-02  -0.0034 -4.9066e-03   0.0026  -0.0054  -0.0047  -0.0049   1.0000   0.0052 -6.3434e-03  -0.0070  -0.0070  -0.0065  -0.0054 -4.2989e-03  -0.0045  -0.0070 -5.8920e-03  -0.0050  -0.0036  -0.0039 -5.4567e-03  -0.0055  -0.0027  -0.0062  -0.0055  -0.0042  -0.0022 -6.8761e-03 -7.0475e-03 -5.6457e-03  4.0579e-02
SIM27L2  0.0546 -0.0057 -7.0390e-03 -0.0059 -0.0066 -4.8057e-03 -0.0075 -0.0065  0.0120 -0.0061   0.0089  -0.0060  -0.0064  -0.0056  -0.0045 -6.9531e-03 -4.7137e-03  -0.0049  -0.0064 -6.0789e-03  -0.0026 -4.6151e-03  -0.0067  -0.0053  -0.0043   0.0032   0.0052   1.0000 -6.3307e-03  -0.0068  -0.0062  -0.0062  -0.0052 -3.9604e-03  -0.0037  -0.0056 -5.1605e-03  -0.0068  -0.0047  -0.0054 -5.3625e-03  -0.0049  -0.0051  -0.0057  -0.0052  -0.0046  -0.0050 -6.4385e-03 -6.3365e-03 -4.7364e-03 -5.7932e-03
SIM28L2  0.0672  0.0130  6.5072e-02  0.0018 -0.0079 -3.0718e-03 -0.0082  0.0031 -0.0041 -0.0058  -0.0051  -0.0067   0.0085  -0.0037   0.0244  2.6371e-04 -5.2508e-03   0.0042  -0.0008 -5.6406e-03  -0.0001 -5.2449e-03  -0.0049  -0.0054  -0.0049  -0.0047  -0.0063  -0.0063  1.0000e+00   0.0012  -0.0080  -0.0061  -0.0046  6.6888e-05  -0.0050  -0.0060 -6.0416e-03   0.3530  -0.0061   0.0109  1.6471e-02   0.0147  -0.0017   0.0943   0.0026   0.0062   0.0921  1.6563e-02  1.5282e-02 -3.0886e-04 -6.1830e-03
SIM29L2  0.0199  0.1899 -7.2318e-03 -0.0057 -0.0078  1.4024e-04 -0.0084  0.0039 -0.0044 -0.0057  -0.0050   0.1967  -0.0051   0.0010  -0.0016 -2.4327e-03 -5.1097e-03   0.0073  -0.0059 -3.9248e-03   0.0060 -4.9507e-03   0.2356  -0.0036   0.0009  -0.0049  -0.0070  -0.0068  1.2270e-03   1.0000   0.0094  -0.0044  -0.0041  8.2909e-03   0.0358  -0.0071 -3.2725e-03   0.0036   0.1451  -0.0055 -3.1455e-03  -0.0059  -0.0055   0.0138   0.0774   0.0150  -0.0052 -7.1015e-03  2.8336e-01 -3.3553e-03  9.5062e-03
SIM30L2  0.0313 -0.0066 -7.8203e-03 -0.0065 -0.0084  3.6507e-03 -0.0060 -0.0077 -0.0046 -0.0072   0.0016  -0.0009  -0.0075  -0.0066  -0.0069 -4.4491e-03 -4.5447e-03   0.0489  -0.0068  2.9201e-02  -0.0040 -4.1775e-03  -0.0077  -0.0020   0.0023  -0.0053  -0.0070  -0.0062 -8.0388e-03   0.0094   1.0000  -0.0030  -0.0060 -4.1081e-03  -0.0057   0.0184  5.7907e-02  -0.0019   0.0194   0.0055 -1.8635e-03  -0.0031  -0.0040  -0.0022   0.0636  -0.0020   0.0011  1.9458e-04 -3.3633e-03 -5.0205e-03 -6.2748e-03
SIM31L2  0.0288 -0.0050  2.4775e-02  0.0202 -0.0037  1.2371e-01 -0.0063 -0.0061 -0.0036 -0.0044   0.0278  -0.0061  -0.0056  -0.0057  -0.0057  1.0863e-01 -4.6294e-03  -0.0043  -0.0046  4.5147e-02  -0.0034 -3.6471e-03  -0.0066  -0.0052  -0.0045  -0.0047  -0.0065  -0.0062 -6.0819e-03  -0.0044  -0.0030   1.0000   0.1365 -4.2117e-03   0.0564  -0.0067  2.3259e-02   0.0021  -0.0056   0.0762 -3.6848e-03  -0.0051   0.0006   0.0564  -0.0053  -0.0050  -0.0050  5.0875e-02 -6.0181e-03 -3.0050e-03 -5.7008e-03
SIM32L2  0.0379  0.0003  2.2077e-01 -0.0047 -0.0045 -4.5781e-03 -0.0061 -0.0055 -0.0030 -0.0054  -0.0038  -0.0032  -0.0051   0.0004  -0.0047 -4.0693e-03  1.9156e-02  -0.0041  -0.0054 -4.1639e-03  -0.0028 -3.9232e-03  -0.0036  -0.0043  -0.0022  -0.0039  -0.0054  -0.0052 -4.5908e-03  -0.0041  -0.0060   0.1365   1.0000  5.4392e-02  -0.0038  -0.0054 -4.7827e-03  -0.0056  -0.0046  -0.0033 -4.3362e-03  -0.0007  -0.0034   0.0527  -0.0003  -0.0041  -0.0041  6.9668e-03 -3.5887e-03 -4.4959e-03 -4.6726e-03
SIM33L2  0.0423 -0.0038  2.4881e-02  0.0079 -0.0048 -3.8618e-03 -0.0048  0.0199 -0.0013 -0.0042  -0.0023  -0.0042  -0.0044   0.0007  -0.0040 -8.4348e-05  2.3528e-03  -0.0033  -0.0043 -2.8614e-03  -0.0021  8.4727e-02  -0.0043  -0.0034   0.0177  -0.0032  -0.0043  -0.0040  6.6888e-05   0.0083  -0.0041  -0.0042   0.0544  1.0000e+00  -0.0031  -0.0030 -3.9270e-03  -0.0047  -0.0033  -0.0036 -3.3882e-03  -0.0030  -0.0034  -0.0041   0.0007  -0.0034  -0.0036 -4.0796e-03 -4.8637e-03 -1.0080e-05 -3.8223e-03
SIM34L2 -0.0071  0.0278 -5.4675e-03  0.0061 -0.0018 -4.3640e-03 -0.0025  0.0074 -0.0030 -0.0045  -0.0036   0.0324  -0.0051  -0.0032  -0.0046 -5.3577e-03 -3.7347e-03  -0.0038  -0.0026 -7.1001e-04  -0.0005  2.5102e-02   0.0351   0.0006  -0.0004  -0.0037  -0.0045  -0.0037 -5.0030e-03   0.0358  -0.0057   0.0564  -0.0038 -3.0631e-03   1.0000  -0.0013 -4.5584e-03   0.0263  -0.0044  -0.0042 -3.8343e-03  -0.0043  -0.0029  -0.0044   0.0228  -0.0041  -0.0036 -5.2237e-03  3.8112e-02 -4.2746e-03 -4.0643e-03
SIM35L2  0.0188 -0.0040 -7.3676e-03 -0.0047 -0.0063 -3.3488e-03 -0.0078  0.0076 -0.0043  0.0098  -0.0047   0.0607  -0.0070  -0.0061  -0.0062 -7.3824e-03 -4.1828e-03  -0.0049   0.0836 -6.5171e-03  -0.0037 -3.6817e-03  -0.0073  -0.0057  -0.0042  -0.0042  -0.0070  -0.0056 -6.0230e-03  -0.0071   0.0184  -0.0067  -0.0054 -2.9701e-03  -0.0013   1.0000 -2.2993e-04  -0.0062  -0.0061  -0.0039  2.5776e-03   0.0097   0.0045  -0.0065  -0.0056  -0.0039   0.0150 -4.7560e-04 -7.1926e-03 -5.1537e-03 -8.7338e-04
SIM36L2  0.0252 -0.0052 -6.2089e-03 -0.0053 -0.0014  7.4989e-05  0.0005 -0.0062 -0.0037 -0.0044  -0.0043  -0.0057  -0.0057   0.0175   0.1151  1.9417e-02 -6.6911e-05   0.0659  -0.0009  9.0308e-03  -0.0032 -2.9562e-03  -0.0062  -0.0026  -0.0040  -0.0043  -0.0059  -0.0052 -6.0416e-03  -0.0033   0.0579   0.0233  -0.0048 -3.9270e-03  -0.0046  -0.0002  1.0000e+00   0.0047   0.1870  -0.0049 -4.8784e-03  -0.0048  -0.0040  -0.0055   0.0895   0.2256  -0.0043 -5.4485e-03 -5.2972e-04 -4.7071e-03  4.7898e-02
SIM37L2  0.0525  0.0277 -7.6350e-03 -0.0007  0.0004  1.7016e-02 -0.0073 -0.0041 -0.0045 -0.0067   0.0025  -0.0003   0.0595  -0.0062  -0.0061  7.7777e-04 -5.4945e-03  -0.0054  -0.0074  1.5392e-02  -0.0039 -4.3100e-03   0.0045  -0.0057   0.0063  -0.0049  -0.0050  -0.0068  3.5296e-01   0.0036  -0.0019   0.0021  -0.0056 -4.7249e-03   0.0263  -0.0062  4.7488e-03   1.0000  -0.0032  -0.0031 -5.9553e-03   0.0252  -0.0058  -0.0063   0.0324   0.0080   0.0004  2.1637e-03  6.4252e-03  6.6358e-03 -6.2269e-03
SIM38L2  0.0195 -0.0050 -4.9019e-03 -0.0024 -0.0064  3.7518e-03  0.0722 -0.0053 -0.0035 -0.0056  -0.0021  -0.0054  -0.0058  -0.0050  -0.0049 -2.8453e-03 -4.2897e-03   0.0067  -0.0057 -5.4349e-03  -0.0030 -4.0834e-03  -0.0022  -0.0014   0.0115  -0.0017  -0.0036  -0.0047 -6.1292e-03   0.1451   0.0194  -0.0056  -0.0046 -3.3269e-03  -0.0044  -0.0061  1.8696e-01  -0.0032   1.0000  -0.0049 -3.7685e-03  -0.0041  -0.0020   0.0095   0.0372   0.1152  -0.0045 -6.0467e-03  3.2351e-02 -4.8499e-03  3.7923e-02
SIM39L2 -0.0220  0.0023 -5.4573e-03  0.0547  0.0055 -4.7813e-03 -0.0062  0.0052 -0.0026 -0.0050   0.0560   0.3131  -0.0048  -0.0020  -0.0050 -5.9923e-03 -2.3303e-03   0.0149  -0.0054 -5.1931e-03  -0.0029 -1.8949e-03   0.0033  -0.0039   0.0148  -0.0022  -0.0039  -0.0054  1.0895e-02  -0.0055   0.0055   0.0762  -0.0033 -3.6392e-03  -0.0042  -0.0039 -4.8704e-03  -0.0031  -0.0049   1.0000 -2.3263e-03   0.0018   0.0010   0.0481  -0.0045  -0.0043  -0.0043 -2.5182e-03 -4.6761e-03  1.4689e-02 -4.4287e-03
SIM40L2  0.0029  0.1718 -5.8514e-03 -0.0050 -0.0060 -4.3952e-03  0.0076 -0.0053 -0.0033 -0.0025  -0.0039  -0.0052  -0.0044   0.0144  -0.0045 -5.8470e-03 -3.9959e-03   0.0609   0.0118 -2.7408e-03  -0.0029 -4.0010e-03  -0.0034  -0.0043  -0.0026  -0.0020  -0.0055  -0.0054  1.6471e-02  -0.0031  -0.0019  -0.0037  -0.0043 -3.3882e-03  -0.0038   0.0026 -4.8784e-03  -0.0060  -0.0038  -0.0023  1.0000e+00  -0.0046  -0.0025  -0.0049  -0.0017  -0.0044   0.0244  1.7655e-05  9.2117e-03 -4.3255e-03 -4.7336e-03
SIM41L2  0.0027 -0.0050 -5.1080e-03  0.0043 -0.0063 -3.6362e-03 -0.0064 -0.0059 -0.0035  0.0224  -0.0040  -0.0058  -0.0057  -0.0050  -0.0052 -5.6322e-03 -4.3152e-03  -0.0007   0.0054  7.0199e-03  -0.0029 -1.3046e-03   0.0018   0.0217  -0.0037  -0.0042  -0.0055  -0.0049  1.4714e-02  -0.0059  -0.0031  -0.0051  -0.0007 -2.9543e-03  -0.0043   0.0097 -4.8067e-03   0.0252  -0.0041   0.0018 -4.6141e-03   1.0000  -0.0046   0.1904   0.0108  -0.0037  -0.0038  3.5776e-03  2.4507e-02  3.5712e-02 -4.9146e-03
SIM42L2 -0.0057 -0.0047 -5.4413e-03 -0.0048 -0.0055 -4.5514e-03 -0.0030 -0.0055 -0.0033 -0.0050  -0.0034  -0.0050  -0.0053  -0.0045   0.0010 -5.5066e-03  2.0139e-02  -0.0038   0.0485 -4.9429e-03   0.0124 -3.9052e-03  -0.0055  -0.0043  -0.0003  -0.0038  -0.0027  -0.0051 -1.6864e-03  -0.0055  -0.0040   0.0006  -0.0034 -3.3999e-03  -0.0029   0.0045 -4.0053e-03  -0.0058  -0.0020   0.0010 -2.5244e-03  -0.0046   1.0000  -0.0049  -0.0015  -0.0041  -0.0041 -5.0504e-03  1.9959e-02 -4.5002e-03  1.1844e-02
SIM43L2  0.0163 -0.0043 -6.7002e-03 -0.0050 -0.0053 -8.9471e-04 -0.0074  0.0177 -0.0031  0.0233  -0.0028  -0.0054  -0.0062  -0.0053  -0.0057 -5.6381e-03 -4.5767e-03  -0.0046  -0.0062  2.3531e-03  -0.0033 -3.6800e-03  -0.0065  -0.0004   0.0028  -0.0034  -0.0062  -0.0057  9.4285e-02   0.0138  -0.0022   0.0564   0.0527 -4.0637e-03  -0.0044  -0.0065 -5.4737e-03  -0.0063   0.0095   0.0481 -4.8587e-03   0.1904  -0.0049   1.0000  -0.0025  -0.0027   0.0828 -6.4016e-03  5.5141e-03 -3.1809e-03 -4.2190e-03
SIM44L2  0.0040  0.0069 -2.9119e-03 -0.0048 -0.0060 -4.7481e-03  0.0022 -0.0056 -0.0029  0.0005  -0.0039   0.0282   0.1769  -0.0048  -0.0025 -3.8859e-03 -3.9822e-03   0.0794   0.0028  6.2976e-03   0.0001 -3.7535e-04   0.0143   0.0073  -0.0039  -0.0039  -0.0055  -0.0052  2.6326e-03   0.0774   0.0636  -0.0053  -0.0003  6.6519e-04   0.0228  -0.0056  8.9491e-02   0.0324   0.0372  -0.0045 -1.7183e-03   0.0108  -0.0015  -0.0025   1.0000   0.0064  -0.0042  2.1951e-03  3.7112e-02 -3.3105e-03 -3.6905e-03
SIM45L2  0.0150 -0.0045 -5.5806e-03 -0.0044 -0.0058 -3.6185e-03 -0.0060  0.0080 -0.0032 -0.0049  -0.0027  -0.0046  -0.0052  -0.0046   0.1134  4.1394e-02 -3.8119e-03  -0.0038  -0.0023 -4.8364e-03  -0.0027 -9.0316e-04  -0.0050  -0.0043  -0.0038   0.0865  -0.0042  -0.0046  6.2048e-03   0.0150  -0.0020  -0.0050  -0.0041 -3.3694e-03  -0.0041  -0.0039  2.2556e-01   0.0080   0.1152  -0.0043 -4.3719e-03  -0.0037  -0.0041  -0.0027   0.0064   1.0000  -0.0040 -5.3088e-03  5.5640e-03  4.9316e-03 -1.5441e-03
SIM46L2  0.0359 -0.0035  9.6086e-02 -0.0045 -0.0007 -4.4525e-03 -0.0059  0.0285 -0.0032  0.0539  -0.0037  -0.0053  -0.0052  -0.0046   0.0056  1.5095e-01 -3.8104e-03  -0.0038   0.0274 -2.2130e-03  -0.0004 -3.7904e-03  -0.0046  -0.0041   0.0056  -0.0035  -0.0022  -0.0050  9.2146e-02  -0.0052   0.0011  -0.0050  -0.0041 -3.5649e-03  -0.0036   0.0150 -4.3432e-03   0.0004  -0.0045  -0.0043  2.4390e-02  -0.0038  -0.0041   0.0828  -0.0042  -0.0040   1.0000 -5.3296e-03 -5.7179e-03  3.3507e-02 -7.0451e-04
SIM47L2  0.0663 -0.0047  1.1432e-02 -0.0063 -0.0074 -5.2437e-03 -0.0080  0.0841 -0.0042 -0.0058  -0.0048  -0.0036  -0.0015  -0.0058   0.0091 -2.6771e-03 -1.9453e-03  -0.0038  -0.0048 -6.4377e-03  -0.0024  3.2680e-03   0.0172   0.0086  -0.0048  -0.0050  -0.0069  -0.0064  1.6563e-02  -0.0071   0.0002   0.0509   0.0070 -4.0796e-03  -0.0052  -0.0005 -5.4485e-03   0.0022  -0.0060  -0.0025  1.7655e-05   0.0036  -0.0051  -0.0064   0.0022  -0.0053  -0.0053  1.0000e+00 -4.7439e-03 -5.3482e-03 -2.5095e-04
SIM48L2  0.0180  0.4336 -6.5196e-03 -0.0047 -0.0082 -6.4059e-03 -0.0081 -0.0070 -0.0042 -0.0071  -0.0049   0.3470  -0.0056  -0.0032  -0.0058 -6.4972e-03 -5.4377e-03  -0.0038  -0.0062  8.7572e-06   0.0766 -5.4513e-03   0.5036  -0.0060  -0.0052  -0.0055  -0.0070  -0.0063  1.5282e-02   0.2834  -0.0034  -0.0060  -0.0036 -4.8637e-03   0.0381  -0.0072 -5.2972e-04   0.0064   0.0324  -0.0047  9.2117e-03   0.0245   0.0200   0.0055   0.0371   0.0056  -0.0057 -4.7439e-03  1.0000e+00  6.5742e-04 -1.0007e-03
SIM49L2  0.0221 -0.0049 -5.6671e-03  0.0155 -0.0048  2.7614e-02  0.0048  0.0419 -0.0034 -0.0050   0.0043  -0.0051   0.0009  -0.0050  -0.0031 -5.5565e-03  1.1615e-02  -0.0042  -0.0036 -5.0959e-03  -0.0029 -1.8358e-03   0.0098   0.0050   0.0131  -0.0030  -0.0056  -0.0047 -3.0886e-04  -0.0034  -0.0050  -0.0030  -0.0045 -1.0080e-05  -0.0043  -0.0052 -4.7071e-03   0.0066  -0.0048   0.0147 -4.3255e-03   0.0357  -0.0045  -0.0032  -0.0033   0.0049   0.0335 -5.3482e-03  6.5742e-04  1.0000e+00 -1.6508e-03
SIM50L2  0.0234 -0.0051 -5.2135e-03 -0.0034  0.0047  5.8201e-03 -0.0056  0.0033 -0.0036  0.0265   0.0140  -0.0056  -0.0025  -0.0036   0.0086 -6.2887e-03 -4.3070e-03  -0.0039   0.0719 -5.5457e-03  -0.0028 -7.1577e-05   0.0015   0.0985   0.0081   0.0233   0.0406  -0.0058 -6.1830e-03   0.0095  -0.0063  -0.0057  -0.0047 -3.8223e-03  -0.0041  -0.0009  4.7898e-02  -0.0062   0.0379  -0.0044 -4.7336e-03  -0.0049   0.0118  -0.0042  -0.0037  -0.0015  -0.0007 -2.5095e-04 -1.0007e-03 -1.6508e-03  1.0000e+00

LD Score Matrix Condition Number
3.8527

Annotation Correlation Matrix
             SIM1        SIM2        SIM3        SIM4        SIM5        SIM6        SIM7        SIM8        SIM9       SIM10       SIM11       SIM12       SIM13       SIM14       SIM15       SIM16       SIM17       SIM18       SIM19       SIM20       SIM21       SIM22       SIM23       SIM24       SIM25       SIM26       SIM27       SIM28       SIM29       SIM30       SIM31       SIM32       SIM33       SIM34       SIM35       SIM36       SIM37       SIM38       SIM39       SIM40       SIM41       SIM42       SIM43       SIM44       SIM45       SIM46       SIM47       SIM48       SIM49       SIM50
SIM1   1.0000e+00 -5.5998e-05 -4.7327e-05 -5.8604e-05 -4.5722e-05 -5.5998e-05 -5.5998e-05 -3.8642e-05 -5.1844e-05 -4.2330e-05 -4.2330e-05 -5.7316e-05 -5.3265e-05 -5.1844e-05 -5.0383e-05 -4.0528e-05 -4.4058e-05 -4.8879e-05 -5.0383e-05 -4.0528e-05 -4.7327e-05 -5.4648e-05 -4.8879e-05 -4.0528e-05 -4.5722e-05 -5.3265e-05 -5.7316e-05 -5.3265e-05 -5.1844e-05 -5.9865e-05 -4.7327e-05 -4.5722e-05 -4.5722e-05 -4.2330e-05 -5.7316e-05 -5.0383e-05 -5.9865e-05 -5.0383e-05 -5.5998e-05 -4.7327e-05 -4.4058e-05 -4.5722e-05 -4.8879e-05 -4.7327e-05 -4.5722e-05 -4.2330e-05 -5.4648e-05 -5.9865e-05 -5.4648e-05 -5.1844e-05
SIM2  -5.5998e-05  1.0000e+00 -5.5998e-05 -6.9342e-05 -5.4099e-05 -6.6258e-05 -6.6258e-05 -4.5722e-05 -6.1343e-05 -5.0086e-05 -5.0086e-05 -6.7818e-05 -6.3024e-05 -6.1343e-05 -5.9615e-05 -4.7954e-05 -5.2131e-05 -5.7835e-05 -5.9615e-05 -4.7954e-05 -5.5998e-05 -6.4661e-05 -5.7835e-05 -4.7954e-05 -5.4099e-05  5.0003e-02 -6.7818e-05 -6.3024e-05 -6.1343e-05 -7.0834e-05 -5.5998e-05 -5.4099e-05 -5.4099e-05 -5.0086e-05 -6.7818e-05 -5.9615e-05 -7.0834e-05 -5.9615e-05 -6.6258e-05 -5.5998e-05 -5.2131e-05 -5.4099e-05 -5.7835e-05 -5.5998e-05 -5.4099e-05 -5.0086e-05 -6.4661e-05 -7.0834e-05 -6.4661e-05 -6.1343e-05
SIM3  -4.7327e-05 -5.5998e-05  1.0000e+00 -5.8604e-05 -4.5722e-05 -5.5998e-05 -5.5998e-05 -3.8642e-05 -5.1844e-05  7.4496e-02 -4.2330e-05 -5.7316e-05 -5.3265e-05 -5.1844e-05 -5.0383e-05 -4.0528e-05 -4.4058e-05 -4.8879e-05 -5.0383e-05 -4.0528e-05 -4.7327e-05 -5.4648e-05 -4.8879e-05 -4.0528e-05 -4.5722e-05 -5.3265e-05 -5.7316e-05 -5.3265e-05 -5.1844e-05 -5.9865e-05 -4.7327e-05 -4.5722e-05 -4.5722e-05 -4.2330e-05 -5.7316e-05 -5.0383e-05 -5.9865e-05 -5.0383e-05 -5.5998e-05 -4.7327e-05 -4.4058e-05 -4.5722e-05 -4.8879e-05 -4.7327e-05 -4.5722e-05 -4.2330e-05 -5.4648e-05 -5.9865e-05 -5.4648e-05 -5.1844e-05
SIM4  -5.8604e-05 -6.9342e-05 -5.8604e-05  1.0000e+00 -5.6617e-05 -6.9342e-05 -6.9342e-05 -4.7850e-05 -6.4198e-05 -5.2417e-05 -5.2417e-05 -7.0974e-05 -6.5957e-05 -6.4198e-05 -6.2389e-05 -5.0185e-05 -5.4557e-05 -6.0526e-05 -6.2389e-05 -5.0185e-05 -5.8604e-05 -6.7671e-05 -6.0526e-05 -5.0185e-05 -5.6617e-05 -6.5957e-05 -7.0974e-05 -6.5957e-05 -6.4198e-05 -7.4130e-05 -5.8604e-05 -5.6617e-05 -5.6617e-05 -5.2417e-05 -7.0974e-05 -6.2389e-05 -7.4130e-05 -6.2389e-05 -6.9342e-05 -5.8604e-05 -5.4557e-05 -5.6617e-05 -6.0526e-05 -5.8604e-05 -5.6617e-05 -5.2417e-05 -6.7671e-05 -7.4130e-05 -6.7671e-05 -6.4198e-05
SIM5  -4.5722e-05 -5.4099e-05 -4.5722e-05 -5.6617e-05  1.0000e+00 -5.4099e-05 -5.4099e-05 -3.7331e-05 -5.0086e-05 -4.0895e-05 -4.0895e-05 -5.5372e-05 -5.1458e-05 -5.0086e-05 -4.8675e-05 -3.9153e-05 -4.2564e-05 -4.7221e-05 -4.8675e-05 -3.9153e-05 -4.5722e-05 -5.2795e-05 -4.7221e-05 -3.9153e-05 -4.4171e-05 -5.1458e-05 -5.5372e-05 -5.1458e-05 -5.0086e-05 -5.7835e-05 -4.5722e-05 -4.4171e-05 -4.4171e-05 -4.0895e-05 -5.5372e-05 -4.8675e-05 -5.7835e-05 -4.8675e-05 -5.4099e-05 -4.5722e-05 -4.2564e-05 -4.4171e-05 -4.7221e-05 -4.5722e-05 -4.4171e-05 -4.0895e-05 -5.2795e-05 -5.7835e-05 -5.2795e-05 -5.0086e-05
SIM6  -5.5998e-05 -6.6258e-05 -5.5998e-05 -6.9342e-05 -5.4099e-05  1.0000e+00 -6.6258e-05 -4.5722e-05 -6.1343e-05 -5.0086e-05 -5.0086e-05 -6.7818e-05 -6.3024e-05 -6.1343e-05 -5.9615e-05 -4.7954e-05 -5.2131e-05 -5.7835e-05 -5.9615e-05 -4.7954e-05 -5.5998e-05 -6.4661e-05 -5.7835e-05 -4.7954e-05 -5.4099e-05 -6.3024e-05 -6.7818e-05 -6.3024e-05 -6.1343e-05 -7.0834e-05 -5.5998e-05 -5.4099e-05 -5.4099e-05 -5.0086e-05 -6.7818e-05 -5.9615e-05 -7.0834e-05 -5.9615e-05 -6.6258e-05 -5.5998e-05 -5.2131e-05 -5.4099e-05 -5.7835e-05 -5.5998e-05 -5.4099e-05 -5.0086e-05 -6.4661e-05 -7.0834e-05 -6.4661e-05 -6.1343e-05
SIM7  -5.5998e-05 -6.6258e-05 -5.5998e-05 -6.9342e-05 -5.4099e-05 -6.6258e-05  1.0000e+00 -4.5722e-05 -6.1343e-05 -5.0086e-05 -5.0086e-05 -6.7818e-05 -6.3024e-05 -6.1343e-05 -5.9615e-05 -4.7954e-05 -5.2131e-05 -5.7835e-05 -5.9615e-05 -4.7954e-05 -5.5998e-05 -6.4661e-05 -5.7835e-05 -4.7954e-05 -5.4099e-05 -6.3024e-05 -6.7818e-05 -6.3024e-05 -6.1343e-05 -7.0834e-05 -5.5998e-05 -5.4099e-05 -5.4099e-05 -5.0086e-05 -6.7818e-05 -5.9615e-05 -7.0834e-05 -5.9615e-05 -6.6258e-05 -5.5998e-05 -5.2131e-05 -5.4099e-05 -5.7835e-05 -5.5998e-05 -5.4099e-05 -5.0086e-05 -6.4661e-05 -7.0834e-05 -6.4661e-05 -6.1343e-05
SIM8  -3.8642e-05 -4.5722e-05 -3.8642e-05 -4.7850e-05 -3.7331e-05 -4.5722e-05 -4.5722e-05  1.0000e+00 -4.2330e-05 -3.4562e-05 -3.4562e-05 -4.6798e-05 -4.3490e-05 -4.2330e-05 -4.1137e-05 -3.3091e-05 -3.5973e-05 -3.9909e-05 -4.1137e-05 -3.3091e-05 -3.8642e-05 -4.4620e-05 -3.9909e-05 -3.3091e-05 -3.7331e-05 -4.3490e-05 -4.6798e-05 -4.3490e-05 -4.2330e-05 -4.8879e-05 -3.8642e-05 -3.7331e-05 -3.7331e-05 -3.4562e-05 -4.6798e-05 -4.1137e-05 -4.8879e-05 -4.1137e-05 -4.5722e-05 -3.8642e-05 -3.5973e-05 -3.7331e-05 -3.9909e-05 -3.8642e-05 -3.7331e-05 -3.4562e-05 -4.4620e-05 -4.8879e-05 -4.4620e-05 -4.2330e-05
SIM9  -5.1844e-05 -6.1343e-05 -5.1844e-05 -6.4198e-05 -5.0086e-05 -6.1343e-05 -6.1343e-05 -4.2330e-05  1.0000e+00 -4.6370e-05 -4.6370e-05 -6.2787e-05 -5.8349e-05 -5.6792e-05 -5.5192e-05 -4.4396e-05 -4.8264e-05 -5.3544e-05 -5.5192e-05 -4.4396e-05 -5.1844e-05 -5.9865e-05 -5.3544e-05 -4.4396e-05 -5.0086e-05 -5.8349e-05 -6.2787e-05 -5.8349e-05 -5.6792e-05 -6.5579e-05 -5.1844e-05 -5.0086e-05 -5.0086e-05 -4.6370e-05 -6.2787e-05 -5.5192e-05 -6.5579e-05 -5.5192e-05 -6.1343e-05 -5.1844e-05 -4.8264e-05 -5.0086e-05 -5.3544e-05 -5.1844e-05 -5.0086e-05 -4.6370e-05 -5.9865e-05 -6.5579e-05 -5.9865e-05 -5.6792e-05
SIM10 -4.2330e-05 -5.0086e-05  7.4496e-02 -5.2417e-05 -4.0895e-05 -5.0086e-05 -5.0086e-05 -3.4562e-05 -4.6370e-05  1.0000e+00 -3.7861e-05 -5.1265e-05 -4.7641e-05 -4.6370e-05 -4.5064e-05 -3.6249e-05 -3.9407e-05 -4.3718e-05 -4.5064e-05 -3.6249e-05 -4.2330e-05 -4.8879e-05 -4.3718e-05 -3.6249e-05 -4.0895e-05 -4.7641e-05 -5.1265e-05 -4.7641e-05 -4.6370e-05 -5.3544e-05 -4.2330e-05 -4.0895e-05 -4.0895e-05 -3.7861e-05 -5.1265e-05 -4.5064e-05 -5.3544e-05 -4.5064e-05 -5.0086e-05 -4.2330e-05 -3.9407e-05 -4.0895e-05 -4.3718e-05 -4.2330e-05 -4.0895e-05 -3.7861e-05 -4.8879e-05 -5.3544e-05 -4.8879e-05 -4.6370e-05
SIM11 -4.2330e-05 -5.0086e-05 -4.2330e-05 -5.2417e-05 -4.0895e-05 -5.0086e-05 -5.0086e-05 -3.4562e-05 -4.6370e-05 -3.7861e-05  1.0000e+00 -5.1265e-05 -4.7641e-05 -4.6370e-05 -4.5064e-05 -3.6249e-05 -3.9407e-05 -4.3718e-05 -4.5064e-05 -3.6249e-05 -4.2330e-05 -4.8879e-05 -4.3718e-05 -3.6249e-05 -4.0895e-05 -4.7641e-05 -5.1265e-05 -4.7641e-05 -4.6370e-05 -5.3544e-05 -4.2330e-05 -4.0895e-05 -4.0895e-05 -3.7861e-05 -5.1265e-05 -4.5064e-05 -5.3544e-05 -4.5064e-05 -5.0086e-05 -4.2330e-05 -3.9407e-05 -4.0895e-05 -4.3718e-05 -4.2330e-05 -4.0895e-05 -3.7861e-05 -4.8879e-05 -5.3544e-05 -4.8879e-05 -4.6370e-05
SIM12 -5.7316e-05 -6.7818e-05 -5.7316e-05 -7.0974e-05 -5.5372e-05 -6.7818e-05 -6.7818e-05 -4.6798e-05 -6.2787e-05 -5.1265e-05 -5.1265e-05  1.0000e+00  4.8850e-02 -6.2787e-05 -6.1018e-05 -4.9082e-05 -5.3358e-05 -5.9196e-05 -6.1018e-05 -4.9082e-05 -5.7316e-05 -6.6183e-05 -5.9196e-05 -4.9082e-05 -5.5372e-05 -6.4507e-05 -6.9414e-05 -6.4507e-05 -6.2787e-05 -7.2501e-05 -5.7316e-05 -5.5372e-05 -5.5372e-05 -5.1265e-05 -6.9414e-05 -6.1018e-05 -7.2501e-05 -6.1018e-05 -6.7818e-05 -5.7316e-05 -5.3358e-05 -5.5372e-05 -5.9196e-05 -5.7316e-05 -5.5372e-05 -5.1265e-05 -6.6183e-05 -7.2501e-05 -6.6183e-05 -6.2787e-05
SIM13 -5.3265e-05 -6.3024e-05 -5.3265e-05 -6.5957e-05 -5.1458e-05 -6.3024e-05 -6.3024e-05 -4.3490e-05 -5.8349e-05 -4.7641e-05 -4.7641e-05  4.8850e-02  1.0000e+00 -5.8349e-05 -5.6705e-05 -4.5613e-05 -4.9586e-05 -5.5012e-05 -5.6705e-05 -4.5613e-05 -5.3265e-05 -6.1505e-05 -5.5012e-05 -4.5613e-05 -5.1458e-05 -5.9948e-05 -6.4507e-05 -5.9948e-05 -5.8349e-05 -6.7376e-05 -5.3265e-05 -5.1458e-05 -5.1458e-05 -4.7641e-05 -6.4507e-05  5.5588e-02 -6.7376e-05 -5.6705e-05 -6.3024e-05 -5.3265e-05 -4.9586e-05 -5.1458e-05 -5.5012e-05 -5.3265e-05 -5.1458e-05 -4.7641e-05 -6.1505e-05 -6.7376e-05 -6.1505e-05 -5.8349e-05
