*********************************************************************
* LD Score Regression (LDSC)
* Version 1.0.1
* (C) 2014-2019 Brendan Bulik-Sullivan and Hilary Finucane
* Broad Institute of MIT and Harvard / MIT Department of Mathematics
* GNU General Public License v3
*********************************************************************
Call: 
./ldsc.py \
--out /data/sbcs/GuoLab/backup/liq17/CRC_TF_TWAS_zhishan2024/NC_revision_OceanCode/v2_NC_revision//84Tracks//ldscores_sim500//17 \
--bfile /data/sbcs/GuoLab/backup/liq17/ref/Alkesgroup/1000G_EUR_Phase3_plink_hg38/1000G.EUR.QC.17 \
--annot /data/sbcs/GuoLab/backup/liq17/CRC_TF_TWAS_zhishan2024/NC_revision_OceanCode/v2_NC_revision//84Tracks//annots_sim500//17.annot.txt \
--l2  \
--ld-wind-kb 100.0 

Beginning analysis at Mon Oct 27 00:01:53 2025
Read list of 268764 SNPs from /data/sbcs/GuoLab/backup/liq17/ref/Alkesgroup/1000G_EUR_Phase3_plink_hg38/1000G.EUR.QC.17.bim
Read 50 annotations for 268764 SNPs from /data/sbcs/GuoLab/backup/liq17/CRC_TF_TWAS_zhishan2024/NC_revision_OceanCode/v2_NC_revision//84Tracks//annots_sim500//17.annot.txt
Read list of 489 individuals from /data/sbcs/GuoLab/backup/liq17/ref/Alkesgroup/1000G_EUR_Phase3_plink_hg38/1000G.EUR.QC.17.fam
Reading genotypes from /data/sbcs/GuoLab/backup/liq17/ref/Alkesgroup/1000G_EUR_Phase3_plink_hg38/1000G.EUR.QC.17.bed
Estimating LD Score.
Writing LD Scores for 268764 SNPs to /data/sbcs/GuoLab/backup/liq17/CRC_TF_TWAS_zhishan2024/NC_revision_OceanCode/v2_NC_revision//84Tracks//ldscores_sim500//17.l2.ldscore.gz

Summary of LD Scores in /data/sbcs/GuoLab/backup/liq17/CRC_TF_TWAS_zhishan2024/NC_revision_OceanCode/v2_NC_revision//84Tracks//ldscores_sim500//17.l2.ldscore.gz
         MAF  SIM1L2  SIM2L2  SIM3L2  SIM4L2  SIM5L2  SIM6L2  SIM7L2  SIM8L2  SIM9L2  SIM10L2  SIM11L2  SIM12L2  SIM13L2  SIM14L2  SIM15L2  SIM16L2  SIM17L2  SIM18L2  SIM19L2  SIM20L2  SIM21L2  SIM22L2  SIM23L2  SIM24L2  SIM25L2  SIM26L2  SIM27L2  SIM28L2  SIM29L2  SIM30L2  SIM31L2  SIM32L2  SIM33L2  SIM34L2  SIM35L2  SIM36L2  SIM37L2  SIM38L2  SIM39L2  SIM40L2  SIM41L2  SIM42L2  SIM43L2  SIM44L2  SIM45L2  SIM46L2  SIM47L2  SIM48L2  SIM49L2  SIM50L2
mean  0.1499  0.0070  0.0066  0.0035  0.0031  0.0019  0.0062  0.0054  0.0065  0.0062   0.0042   0.0027   0.0028   0.0018   0.0039   0.0031   0.0040   0.0047   0.0030   0.0035   0.0037   0.0036   0.0042   0.0029   0.0036   0.0060   0.0061   0.0042   0.0048   0.0021   0.0032   0.0036   0.0051   0.0063   0.0019   0.0032   0.0053   0.0047   0.0062   0.0045   0.0035   0.0080   0.0031   0.0039   0.0033   0.0044   0.0057   0.0031   0.0013   0.0036   0.0043
std   0.1507  0.0665  0.0605  0.0462  0.0437  0.0323  0.0696  0.0641  0.0719  0.0642   0.0494   0.0377   0.0372   0.0296   0.0473   0.0425   0.0481   0.0540   0.0405   0.0415   0.0440   0.0466   0.0455   0.0419   0.0446   0.0572   0.0689   0.0529   0.0557   0.0362   0.0406   0.0423   0.0602   0.0657   0.0289   0.0432   0.0577   0.0540   0.0745   0.0539   0.0490   0.0743   0.0411   0.0473   0.0432   0.0513   0.0564   0.0436   0.0264   0.0438   0.0490
min   0.0051 -0.0041 -0.0041 -0.0021 -0.0041 -0.0037 -0.0021 -0.0041 -0.0039 -0.0040  -0.0041  -0.0036  -0.0040  -0.0021  -0.0021  -0.0021  -0.0040  -0.0040  -0.0041  -0.0021  -0.0059  -0.0041  -0.0041  -0.0041  -0.0021  -0.0040  -0.0021  -0.0021  -0.0021  -0.0039  -0.0041  -0.0040  -0.0041  -0.0021  -0.0021  -0.0033  -0.0041  -0.0021  -0.0041  -0.0056  -0.0038  -0.0041  -0.0021  -0.0040  -0.0021  -0.0021  -0.0040  -0.0021  -0.0021  -0.0041  -0.0041
25%   0.0174  0.0000  0.0000  0.0000  0.0000  0.0000  0.0000  0.0000  0.0000  0.0000   0.0000   0.0000   0.0000   0.0000   0.0000   0.0000   0.0000   0.0000   0.0000   0.0000   0.0000   0.0000   0.0000   0.0000   0.0000   0.0000   0.0000   0.0000   0.0000   0.0000   0.0000   0.0000   0.0000   0.0000   0.0000   0.0000   0.0000   0.0000   0.0000   0.0000   0.0000   0.0000   0.0000   0.0000   0.0000   0.0000   0.0000   0.0000   0.0000   0.0000   0.0000
50%   0.0890  0.0000  0.0000  0.0000  0.0000  0.0000  0.0000  0.0000  0.0000  0.0000   0.0000   0.0000   0.0000   0.0000   0.0000   0.0000   0.0000   0.0000   0.0000   0.0000   0.0000   0.0000   0.0000   0.0000   0.0000   0.0000   0.0000   0.0000   0.0000   0.0000   0.0000   0.0000   0.0000   0.0000   0.0000   0.0000   0.0000   0.0000   0.0000   0.0000   0.0000   0.0000   0.0000   0.0000   0.0000   0.0000   0.0000   0.0000   0.0000   0.0000   0.0000
75%   0.2556  0.0000  0.0000  0.0000  0.0000  0.0000  0.0000  0.0000  0.0000  0.0000   0.0000   0.0000   0.0000   0.0000   0.0000   0.0000   0.0000   0.0000   0.0000   0.0000   0.0000   0.0000   0.0000   0.0000   0.0000   0.0000   0.0000   0.0000   0.0000   0.0000   0.0000   0.0000   0.0000   0.0000   0.0000   0.0000   0.0000   0.0000   0.0000   0.0000   0.0000   0.0000   0.0000   0.0000   0.0000   0.0000   0.0000   0.0000   0.0000   0.0000   0.0000
max   0.5000  1.0067  1.0000  1.0000  1.1643  1.0197  1.0000  1.7119  1.0030  1.9060   1.0000   1.0000   1.0000   1.0000   1.0000   1.0178   1.0445   1.0571   1.0019   1.0000   1.0298   1.0476   1.0003   1.0000   1.0000   1.0000   1.0000   1.0000   1.0000   1.0000   1.0016   1.0000   1.0021   1.0000   1.0000   1.0063   1.5070   1.0000   1.9389   1.0000   1.0000   1.0000   1.0000   1.0671   1.0000   1.0000   1.0000   1.0000   1.0000   1.0012   1.0000

MAF/LD Score Correlation Matrix
            MAF  SIM1L2  SIM2L2  SIM3L2  SIM4L2  SIM5L2  SIM6L2  SIM7L2  SIM8L2      SIM9L2  SIM10L2  SIM11L2  SIM12L2  SIM13L2  SIM14L2     SIM15L2     SIM16L2  SIM17L2  SIM18L2  SIM19L2     SIM20L2  SIM21L2  SIM22L2  SIM23L2  SIM24L2  SIM25L2  SIM26L2     SIM27L2  SIM28L2  SIM29L2  SIM30L2  SIM31L2  SIM32L2  SIM33L2  SIM34L2  SIM35L2  SIM36L2  SIM37L2  SIM38L2  SIM39L2  SIM40L2     SIM41L2  SIM42L2  SIM43L2  SIM44L2  SIM45L2  SIM46L2  SIM47L2  SIM48L2  SIM49L2     SIM50L2
MAF      1.0000  0.1032  0.0842  0.0088  0.0333  0.0382  0.0108  0.0378  0.0372  6.9773e-02   0.0266   0.0422   0.0509   0.0156   0.0124  2.5710e-02  4.9070e-02   0.0543   0.0336   0.0500  2.1684e-02   0.0380   0.0425   0.0532   0.0501   0.0446   0.0364  1.0503e-01   0.0552   0.0018   0.0499   0.0721   0.0170   0.0215   0.0483   0.0375   0.0646   0.0423   0.0902   0.0033   0.0052  4.7872e-02   0.0243   0.0463   0.0366   0.0500   0.0622   0.0032  -0.0039   0.0543  3.5063e-02
SIM1L2   0.1032  1.0000  0.0031 -0.0068 -0.0075 -0.0058 -0.0080 -0.0088 -0.0080 -1.0031e-02  -0.0070  -0.0060   0.0037  -0.0064   0.0078 -5.6910e-03  2.5292e-03  -0.0081  -0.0064   0.0264  1.7866e-02  -0.0080   0.0169   0.0017  -0.0065   0.0161   0.0083  6.1465e-01  -0.0091   0.0101   0.0240  -0.0059  -0.0090   0.0420  -0.0069  -0.0041  -0.0096  -0.0062   0.0163   0.0004  -0.0028 -9.9221e-03  -0.0065   0.0837   0.0098   0.0700   0.0162  -0.0074  -0.0050  -0.0061  6.0602e-02
SIM2L2   0.0842  0.0031  1.0000  0.0002 -0.0077  0.0420 -0.0042 -0.0057 -0.0014  4.8436e-02   0.0320  -0.0076   0.0073   0.0093  -0.0069 -5.3143e-03 -8.1760e-03   0.0071  -0.0053   0.0042  4.2677e-02  -0.0079   0.1115  -0.0068  -0.0061   0.0359   0.0294  4.0591e-02  -0.0079  -0.0060   0.0109  -0.0092   0.0128   0.0747  -0.0043  -0.0081  -0.0082   0.0640   0.0278   0.0011  -0.0067  3.5133e-02   0.0070   0.0037  -0.0010  -0.0040  -0.0025   0.0045  -0.0052  -0.0055 -6.0584e-03
SIM3L2   0.0088 -0.0068  0.0002  1.0000 -0.0038 -0.0026 -0.0047 -0.0063 -0.0066 -7.2246e-03  -0.0052   0.0045  -0.0057   0.0190  -0.0063 -3.8429e-03 -6.0019e-03  -0.0047  -0.0055  -0.0063 -5.0879e-03  -0.0045  -0.0048   0.0040   0.0339  -0.0078   0.0393 -5.9251e-03  -0.0064   0.0076  -0.0050   0.0311  -0.0063   0.2633  -0.0007  -0.0056   0.1416  -0.0066  -0.0020   0.3165  -0.0054 -8.1354e-03  -0.0056  -0.0024  -0.0057  -0.0057  -0.0076  -0.0050  -0.0036   0.0727  2.4747e-03
SIM4L2   0.0333 -0.0075 -0.0077 -0.0038  1.0000 -0.0042 -0.0057  0.0098 -0.0059  1.4070e-02  -0.0059   0.0016  -0.0053   0.0031   0.0292 -2.0807e-03 -6.0164e-03  -0.0062   0.0090  -0.0034 -5.3660e-03   0.0275  -0.0066  -0.0047  -0.0057   0.0042  -0.0063  1.2800e-02  -0.0060   0.0010  -0.0046   0.0480  -0.0058  -0.0068  -0.0047  -0.0042   0.0023   0.0102  -0.0053  -0.0064  -0.0043 -6.4673e-03  -0.0053  -0.0059  -0.0053  -0.0061   0.0207  -0.0050  -0.0007  -0.0011  2.9075e-03
SIM5L2   0.0382 -0.0058  0.0420 -0.0026 -0.0042  1.0000  0.0764  0.0060  0.0009  5.5471e-02  -0.0048  -0.0042  -0.0047  -0.0023  -0.0049 -3.7046e-03 -3.9997e-03  -0.0003  -0.0044  -0.0050 -3.7914e-03  -0.0045  -0.0050   0.0035  -0.0030   0.0016  -0.0053 -4.6659e-03  -0.0051  -0.0034   0.0006  -0.0027   0.0356  -0.0058  -0.0040  -0.0025   0.0011  -0.0052  -0.0050   0.0915   0.0047 -2.4527e-03  -0.0045  -0.0044  -0.0035  -0.0050   0.0054  -0.0042  -0.0028  -0.0049  1.0064e-02
SIM6L2   0.0108 -0.0080 -0.0042 -0.0047 -0.0057  0.0764  1.0000  0.1330 -0.0050 -2.5575e-03  -0.0075  -0.0005  -0.0047  -0.0055   0.1121 -5.8155e-03 -7.4368e-03  -0.0077  -0.0045  -0.0058 -2.8449e-03  -0.0066  -0.0081  -0.0027  -0.0051  -0.0092   0.4876 -6.1482e-03  -0.0077  -0.0051  -0.0070  -0.0075  -0.0072  -0.0085  -0.0057  -0.0049  -0.0042  -0.0026  -0.0071  -0.0074  -0.0064  4.7475e-01  -0.0066  -0.0065  -0.0068  -0.0075  -0.0086  -0.0062  -0.0041  -0.0067 -7.6675e-03
SIM7L2   0.0378 -0.0088 -0.0057 -0.0063  0.0098  0.0060  0.1330  1.0000 -0.0056  3.0150e-02   0.0352  -0.0055  -0.0064   0.0445   0.1405 -4.9501e-03 -5.9368e-03   0.0435   0.0296   0.1704 -6.1281e-03   0.0119  -0.0076  -0.0058  -0.0067   0.0603  -0.0075  3.2499e-02   0.0118  -0.0049  -0.0047   0.0588  -0.0034  -0.0074  -0.0056  -0.0063   0.1356  -0.0074  -0.0070   0.0001  -0.0061 -1.6559e-03   0.0878   0.0110  -0.0064  -0.0051   0.0203  -0.0059  -0.0040  -0.0068  4.5394e-02
SIM8L2   0.0372 -0.0080 -0.0014 -0.0066 -0.0059  0.0009 -0.0050 -0.0056  1.0000 -8.4882e-03  -0.0031  -0.0060  -0.0057  -0.0056  -0.0072  6.8419e-03 -6.4859e-03   0.0154  -0.0066  -0.0076  1.2252e-03  -0.0062  -0.0075  -0.0058   0.0046  -0.0085  -0.0072 -5.6471e-03   0.0007  -0.0052  -0.0070  -0.0018   0.0034  -0.0079  -0.0057  -0.0003   0.0063   0.0095  -0.0076  -0.0076   0.0136 -7.9134e-03  -0.0068  -0.0075  -0.0069   0.0327  -0.0065  -0.0053  -0.0040  -0.0073  1.1458e-02
SIM9L2   0.0698 -0.0100  0.0484 -0.0072  0.0141  0.0555 -0.0026  0.0301 -0.0085  1.0000e+00  -0.0081  -0.0069   0.1365   0.0007   0.0457  1.6297e-01  9.0877e-05   0.0064   0.0580  -0.0056  4.0343e-02   0.0518   0.0797  -0.0032   0.0100  -0.0100  -0.0082  4.1680e-02   0.0495  -0.0042  -0.0051  -0.0080  -0.0057  -0.0091  -0.0046  -0.0071   0.0105   0.1195   0.1945   0.0086  -0.0066 -5.0577e-03  -0.0072   0.0318  -0.0068  -0.0082   0.0420  -0.0013   0.0431   0.0085  1.2725e-02
SIM10L2  0.0266 -0.0070  0.0320 -0.0052 -0.0059 -0.0048 -0.0075  0.0352 -0.0031 -8.0874e-03   1.0000  -0.0060  -0.0053  -0.0052   0.0004 -4.8893e-03 -7.1559e-03  -0.0072  -0.0064  -0.0063 -5.4668e-03  -0.0051  -0.0069  -0.0058  -0.0043   0.0583  -0.0075 -6.2609e-03  -0.0075   0.0043   0.0056   0.0767  -0.0072  -0.0076  -0.0051  -0.0063   0.0585  -0.0072  -0.0052  -0.0028  -0.0058 -3.2315e-03  -0.0057  -0.0070   0.0070   0.1118   0.0024   0.2107   0.1484   0.0028 -7.3441e-03
SIM11L2  0.0422 -0.0060 -0.0076  0.0045  0.0016 -0.0042 -0.0005 -0.0055 -0.0060 -6.8675e-03  -0.0060   1.0000  -0.0002   0.0020  -0.0060 -4.9984e-03 -5.5610e-03   0.0190  -0.0052   0.0427 -4.5935e-03  -0.0028  -0.0047  -0.0046  -0.0058  -0.0070  -0.0064 -5.4201e-03   0.0010  -0.0041  -0.0057  -0.0065  -0.0048  -0.0065  -0.0039   0.0013   0.0118  -0.0058  -0.0053  -0.0037  -0.0051  1.1043e-02  -0.0051   0.0003  -0.0035  -0.0052  -0.0072  -0.0041  -0.0035  -0.0038 -6.0451e-03
SIM12L2  0.0509  0.0037  0.0073 -0.0057 -0.0053 -0.0047 -0.0047 -0.0064 -0.0057  1.3647e-01  -0.0053  -0.0002   1.0000  -0.0046  -0.0062 -5.5226e-03 -4.1611e-03  -0.0009  -0.0053  -0.0016 -6.4488e-03  -0.0024   0.0146  -0.0053  -0.0055  -0.0077  -0.0042 -6.0128e-03  -0.0065  -0.0025  -0.0061  -0.0065  -0.0065  -0.0069  -0.0040  -0.0059  -0.0030  -0.0044   0.2475  -0.0047  -0.0055 -6.9131e-03  -0.0044   0.0063  -0.0058  -0.0053  -0.0053  -0.0054   0.0040   0.0065 -6.4859e-03
SIM13L2  0.0156 -0.0064  0.0093  0.0190  0.0031 -0.0023 -0.0055  0.0445 -0.0056  7.2726e-04  -0.0052   0.0020  -0.0046   1.0000  -0.0020 -4.3176e-03  1.3200e-03  -0.0055  -0.0009   0.0593 -4.6011e-03  -0.0017  -0.0057  -0.0042  -0.0048  -0.0046  -0.0054  2.4391e-03  -0.0053  -0.0035   0.0031   0.0062   0.0054   0.0060  -0.0041  -0.0045   0.0154  -0.0053  -0.0038   0.0287  -0.0024 -6.4415e-03   0.0471   0.0373  -0.0046  -0.0053   0.0005  -0.0041  -0.0027  -0.0042 -1.0047e-04
SIM14L2  0.0124  0.0078 -0.0069 -0.0063  0.0292 -0.0049  0.1121  0.1405 -0.0072  4.5718e-02   0.0004  -0.0060  -0.0062  -0.0020   1.0000  1.7042e-03 -6.9621e-03  -0.0066   0.0419  -0.0024 -6.3209e-03   0.0706   0.0240  -0.0056  -0.0052  -0.0072  -0.0030  4.3533e-02  -0.0006  -0.0019  -0.0051   0.0045  -0.0002  -0.0073  -0.0045  -0.0063   0.0032  -0.0049  -0.0052  -0.0053  -0.0030 -7.0714e-03  -0.0062  -0.0068   0.0064  -0.0066   0.0886  -0.0059   0.0010  -0.0045  1.1479e-02
SIM15L2  0.0257 -0.0057 -0.0053 -0.0038 -0.0021 -0.0037 -0.0058 -0.0050  0.0068  1.6297e-01  -0.0049  -0.0050  -0.0055  -0.0043   0.0017  1.0000e+00 -6.1138e-03  -0.0039  -0.0020  -0.0040 -4.6775e-03   0.0018   0.0875  -0.0044  -0.0057  -0.0076  -0.0055 -6.7652e-05  -0.0063  -0.0040  -0.0056  -0.0058   0.1541   0.0068   0.0020  -0.0027   0.0525  -0.0059  -0.0062  -0.0019  -0.0051 -7.4654e-03   0.2000  -0.0061  -0.0055  -0.0052   0.0044  -0.0051  -0.0035   0.0179  3.9389e-02
SIM16L2  0.0491  0.0025 -0.0082 -0.0060 -0.0060 -0.0040 -0.0074 -0.0059 -0.0065  9.0877e-05  -0.0072  -0.0056  -0.0042   0.0013  -0.0070 -6.1138e-03  1.0000e+00   0.0078  -0.0062   0.0919 -6.0728e-03   0.0012  -0.0072  -0.0035  -0.0067   0.0045  -0.0036 -5.3607e-03   0.0638  -0.0023  -0.0042  -0.0057  -0.0062  -0.0032  -0.0013  -0.0062  -0.0077  -0.0074  -0.0059  -0.0022  -0.0048 -3.3457e-03  -0.0063  -0.0039  -0.0046   0.0438  -0.0081  -0.0051  -0.0040  -0.0065 -6.0097e-03
SIM17L2  0.0543 -0.0081  0.0071 -0.0047 -0.0062 -0.0003 -0.0077  0.0435  0.0154  6.3884e-03  -0.0072   0.0190  -0.0009  -0.0055  -0.0066 -3.9454e-03  7.7545e-03   1.0000  -0.0063  -0.0052 -6.5905e-03  -0.0067  -0.0039   0.0032   0.0684  -0.0064  -0.0066 -6.8758e-03   0.0282  -0.0050   0.0488  -0.0074  -0.0072  -0.0084  -0.0030   0.0010   0.1080  -0.0077   0.0526  -0.0073   0.0830  1.3129e-03  -0.0066  -0.0041  -0.0065   0.0164  -0.0089  -0.0060  -0.0042  -0.0067  1.9988e-02
SIM18L2  0.0336 -0.0064 -0.0053 -0.0055  0.0090 -0.0044 -0.0045  0.0296 -0.0066  5.8021e-02  -0.0064  -0.0052  -0.0053  -0.0009   0.0419 -1.9640e-03 -6.1899e-03  -0.0063   1.0000  -0.0027 -3.2988e-03   0.0411  -0.0062  -0.0051  -0.0011  -0.0070  -0.0052  3.2819e-02   0.0486   0.0004   0.0101  -0.0062  -0.0059  -0.0051  -0.0049  -0.0055   0.0153  -0.0053  -0.0015  -0.0062  -0.0043 -5.0537e-03  -0.0055  -0.0061  -0.0044  -0.0063   0.0680  -0.0052  -0.0035  -0.0041  7.6817e-02
SIM19L2  0.0500  0.0264  0.0042 -0.0063 -0.0034 -0.0050 -0.0058  0.1704 -0.0076 -5.6486e-03  -0.0063   0.0427  -0.0016   0.0593  -0.0024 -4.0038e-03  9.1941e-02  -0.0052  -0.0027   1.0000 -6.9400e-03  -0.0018   0.0410  -0.0059   0.0051   0.0337  -0.0076 -5.3730e-03  -0.0051  -0.0044  -0.0067  -0.0072  -0.0054  -0.0028  -0.0057  -0.0062   0.0005  -0.0064  -0.0049  -0.0067  -0.0061  1.2058e-02  -0.0058   0.0317   0.0001  -0.0007  -0.0067  -0.0060  -0.0041  -0.0070 -4.6402e-03
SIM20L2  0.0217  0.0179  0.0427 -0.0051 -0.0054 -0.0038 -0.0028 -0.0061  0.0012  4.0343e-02  -0.0055  -0.0046  -0.0064  -0.0046  -0.0063 -4.6775e-03 -6.0728e-03  -0.0066  -0.0033  -0.0069  1.0000e+00  -0.0042   0.0003   0.1780  -0.0055  -0.0054  -0.0074  5.9134e-05  -0.0005   0.0447   0.0295  -0.0053  -0.0041   0.0192  -0.0047  -0.0062  -0.0064   0.0092  -0.0070  -0.0067  -0.0060 -8.9967e-03  -0.0048  -0.0042  -0.0054  -0.0050  -0.0022  -0.0042  -0.0040  -0.0061 -8.4049e-04
SIM21L2  0.0380 -0.0080 -0.0079 -0.0045  0.0275 -0.0045 -0.0066  0.0119 -0.0062  5.1771e-02  -0.0051  -0.0028  -0.0024  -0.0017   0.0706  1.8429e-03  1.1509e-03  -0.0067   0.0411  -0.0018 -4.2371e-03   1.0000  -0.0048  -0.0043  -0.0061  -0.0057  -0.0068  2.8127e-02  -0.0046   0.0948  -0.0060  -0.0001  -0.0062  -0.0043  -0.0051  -0.0057   0.0025  -0.0065   0.0016  -0.0064  -0.0054 -6.4345e-03  -0.0058   0.0347  -0.0055  -0.0064   0.0653  -0.0054   0.1035   0.0750  1.4392e-02
SIM22L2  0.0425  0.0169  0.1115 -0.0048 -0.0066 -0.0050 -0.0081 -0.0076 -0.0075  7.9673e-02  -0.0069  -0.0047   0.0146  -0.0057   0.0240  8.7489e-02 -7.1655e-03  -0.0039  -0.0062   0.0410  2.7858e-04  -0.0048   1.0000   0.0076  -0.0056  -0.0031   0.0641 -7.0493e-03  -0.0019  -0.0016   0.0527  -0.0074   0.0224  -0.0085   0.1748  -0.0047  -0.0071   0.0118   0.0159  -0.0047  -0.0060 -8.8435e-03   0.0088   0.0369   0.1168  -0.0077   0.0010  -0.0062  -0.0045   0.0112 -5.7875e-03
SIM23L2  0.0532  0.0017 -0.0068  0.0040 -0.0047  0.0035 -0.0027 -0.0058 -0.0058 -3.2270e-03  -0.0058  -0.0046  -0.0053  -0.0042  -0.0056 -4.3637e-03 -3.5283e-03   0.0032  -0.0051  -0.0059  1.7796e-01  -0.0043   0.0076   1.0000   0.0082  -0.0072  -0.0010 -5.3068e-03  -0.0031  -0.0017  -0.0053  -0.0059  -0.0059   0.0418  -0.0037  -0.0034  -0.0063  -0.0017  -0.0002  -0.0044  -0.0048 -7.4519e-03   0.0265  -0.0057  -0.0052  -0.0059   0.0059  -0.0049  -0.0027  -0.0044  1.4763e-02
SIM24L2  0.0501 -0.0065 -0.0061  0.0339 -0.0057 -0.0030 -0.0051 -0.0067  0.0046  9.9802e-03  -0.0043  -0.0058  -0.0055  -0.0048  -0.0052 -5.7485e-03 -6.7076e-03   0.0684  -0.0011   0.0051 -5.4943e-03  -0.0061  -0.0056   0.0082   1.0000  -0.0083  -0.0058 -4.3397e-03   0.0029  -0.0045  -0.0057  -0.0067  -0.0037  -0.0062  -0.0010  -0.0051  -0.0063  -0.0070   0.0363  -0.0064   0.0021 -8.6268e-03  -0.0042  -0.0066  -0.0038  -0.0068  -0.0079  -0.0057   0.0803   0.0066 -6.8676e-03
SIM25L2  0.0446  0.0161  0.0359 -0.0078  0.0042  0.0016 -0.0092  0.0603 -0.0085 -9.9892e-03   0.0583  -0.0070  -0.0077  -0.0046  -0.0072 -7.5979e-03  4.5343e-03  -0.0064  -0.0070   0.0337 -5.4283e-03  -0.0057  -0.0031  -0.0072  -0.0083   1.0000   0.0089 -8.0128e-03  -0.0085   0.0234  -0.0083   0.0628  -0.0053   0.0205  -0.0029   0.0052  -0.0094  -0.0092  -0.0086  -0.0073   0.0052  8.1038e-02  -0.0045   0.0091  -0.0064   0.1197  -0.0098  -0.0048  -0.0050   0.0551  1.9776e-02
SIM26L2  0.0364  0.0083  0.0294  0.0393 -0.0063 -0.0053  0.4876 -0.0075 -0.0072 -8.2199e-03  -0.0075  -0.0064  -0.0042  -0.0054  -0.0030 -5.5195e-03 -3.5521e-03  -0.0066  -0.0052  -0.0076 -7.3833e-03  -0.0068   0.0641  -0.0010  -0.0058   0.0089   1.0000 -7.0100e-03  -0.0077   0.0996  -0.0053  -0.0070  -0.0066  -0.0085  -0.0059   0.0015  -0.0004  -0.0075  -0.0046  -0.0039  -0.0064  5.1965e-01  -0.0065  -0.0074  -0.0067   0.0124  -0.0032   0.0370  -0.0043  -0.0059 -6.9334e-03
SIM27L2  0.1050  0.6146  0.0406 -0.0059  0.0128 -0.0047 -0.0061  0.0325 -0.0056  4.1680e-02  -0.0063  -0.0054  -0.0060   0.0024   0.0435 -6.7652e-05 -5.3607e-03  -0.0069   0.0328  -0.0054  5.9134e-05   0.0281  -0.0070  -0.0053  -0.0043  -0.0080  -0.0070  1.0000e+00  -0.0065  -0.0041   0.0351  -0.0056  -0.0043   0.0199  -0.0051  -0.0054   0.0101   0.0098  -0.0063   0.0004  -0.0047 -6.1403e-03  -0.0043  -0.0066  -0.0055  -0.0049   0.0196  -0.0049  -0.0038  -0.0057  6.4521e-03
SIM28L2  0.0552 -0.0091 -0.0079 -0.0064 -0.0060 -0.0051 -0.0077  0.0118  0.0007  4.9490e-02  -0.0075   0.0010  -0.0065  -0.0053  -0.0006 -6.3204e-03  6.3839e-02   0.0282   0.0486  -0.0051 -4.7290e-04  -0.0046  -0.0019  -0.0031   0.0029  -0.0085  -0.0077 -6.5398e-03   1.0000  -0.0030  -0.0027   0.0548  -0.0075   0.0166   0.1032   0.0214  -0.0079  -0.0037  -0.0067  -0.0071   0.0065 -3.5461e-03   0.0011  -0.0070  -0.0052   0.0311   0.0821   0.0367  -0.0037   0.0745 -7.5140e-03
SIM29L2  0.0018  0.0101 -0.0060  0.0076  0.0010 -0.0034 -0.0051 -0.0049 -0.0052 -4.2343e-03   0.0043  -0.0041  -0.0025  -0.0035  -0.0019 -3.9713e-03 -2.3386e-03  -0.0050   0.0004  -0.0044  4.4706e-02   0.0948  -0.0016  -0.0017  -0.0045   0.0234   0.0996 -4.1217e-03  -0.0030   1.0000  -0.0001  -0.0013  -0.0037   0.0006  -0.0036  -0.0020  -0.0052  -0.0014  -0.0024  -0.0048  -0.0041 -6.2160e-03  -0.0024  -0.0027   0.0038  -0.0049  -0.0056  -0.0040  -0.0028   0.1387 -5.0023e-03
SIM30L2  0.0499  0.0240  0.0109 -0.0050 -0.0046  0.0006 -0.0070 -0.0047 -0.0070 -5.1023e-03   0.0056  -0.0057  -0.0061   0.0031  -0.0051 -5.6109e-03 -4.2333e-03   0.0488   0.0101  -0.0067  2.9519e-02  -0.0060   0.0527  -0.0053  -0.0057  -0.0083  -0.0053  3.5064e-02  -0.0027  -0.0001   1.0000   0.0618  -0.0065   0.0489   0.0888  -0.0058  -0.0013  -0.0053   0.0210  -0.0061   0.0561 -8.2025e-03  -0.0059  -0.0065   0.0588   0.0033  -0.0048   0.0002  -0.0038  -0.0040 -6.8802e-03
SIM31L2  0.0721 -0.0059 -0.0092  0.0311  0.0480 -0.0027 -0.0075  0.0588 -0.0018 -8.0016e-03   0.0767  -0.0065  -0.0065   0.0062   0.0045 -5.7604e-03 -5.6643e-03  -0.0074  -0.0062  -0.0072 -5.3254e-03  -0.0001  -0.0074  -0.0059  -0.0067   0.0628  -0.0070 -5.6114e-03   0.0548  -0.0013   0.0618   1.0000   0.0095  -0.0075  -0.0029  -0.0060   0.0460   0.0641   0.0293  -0.0063  -0.0047 -8.5952e-03   0.0011  -0.0038  -0.0058   0.0096   0.0981  -0.0056  -0.0037   0.0409 -5.3884e-03
SIM32L2  0.0170 -0.0090  0.0128 -0.0063 -0.0058  0.0356 -0.0072 -0.0034  0.0034 -5.7063e-03  -0.0072  -0.0048  -0.0065   0.0054  -0.0002  1.5409e-01 -6.2231e-03  -0.0072  -0.0059  -0.0054 -4.1258e-03  -0.0062   0.0224  -0.0059  -0.0037  -0.0053  -0.0066 -4.2732e-03  -0.0075  -0.0037  -0.0065   0.0095   1.0000  -0.0072  -0.0056  -0.0063   0.0163  -0.0038  -0.0019  -0.0071  -0.0061  4.3641e-02   0.0041   0.0006  -0.0063  -0.0072  -0.0008  -0.0053   0.0042  -0.0070  2.8458e-02
SIM33L2  0.0215  0.0420  0.0747  0.2633 -0.0068 -0.0058 -0.0085 -0.0074 -0.0079 -9.1312e-03  -0.0076  -0.0065  -0.0069   0.0060  -0.0073  6.7950e-03 -3.1572e-03  -0.0084  -0.0051  -0.0028  1.9202e-02  -0.0043  -0.0085   0.0418  -0.0062   0.0205  -0.0085  1.9944e-02   0.0166   0.0006   0.0489  -0.0075  -0.0072   1.0000  -0.0038  -0.0053   0.0911  -0.0073  -0.0080   0.2234  -0.0069 -1.0354e-02   0.0027  -0.0077   0.0055  -0.0070   0.0330  -0.0068  -0.0046  -0.0078  6.4849e-03
SIM34L2  0.0483 -0.0069 -0.0043 -0.0007 -0.0047 -0.0040 -0.0057 -0.0056 -0.0057 -4.6335e-03  -0.0051  -0.0039  -0.0040  -0.0041  -0.0045  2.0246e-03 -1.2880e-03  -0.0030  -0.0049  -0.0057 -4.6845e-03  -0.0051   0.1748  -0.0037  -0.0010  -0.0029  -0.0059 -5.0825e-03   0.1032  -0.0036   0.0888  -0.0029  -0.0056  -0.0038   1.0000   0.0019  -0.0052  -0.0057   0.0302  -0.0019  -0.0048 -7.2099e-03   0.0021  -0.0051   0.1899   0.0253  -0.0067   0.0091  -0.0032  -0.0039 -5.6141e-03
SIM35L2  0.0375 -0.0041 -0.0081 -0.0056 -0.0042 -0.0025 -0.0049 -0.0063 -0.0003 -7.1416e-03  -0.0063   0.0013  -0.0059  -0.0045  -0.0063 -2.7392e-03 -6.1708e-03   0.0010  -0.0055  -0.0062 -6.2216e-03  -0.0057  -0.0047  -0.0034  -0.0051   0.0052   0.0015 -5.4446e-03   0.0214  -0.0020  -0.0058  -0.0060  -0.0063  -0.0053   0.0019   1.0000  -0.0065  -0.0064  -0.0062   0.0259  -0.0054 -4.9022e-03   0.0289  -0.0062  -0.0056  -0.0064   0.0780  -0.0054  -0.0036  -0.0044 -5.6723e-03
SIM36L2  0.0646 -0.0096 -0.0082  0.1416  0.0023  0.0011 -0.0042  0.1356  0.0063  1.0519e-02   0.0585   0.0118  -0.0030   0.0154   0.0032  5.2522e-02 -7.6554e-03   0.1080   0.0153   0.0005 -6.4458e-03   0.0025  -0.0071  -0.0063  -0.0063  -0.0094  -0.0004  1.0084e-02  -0.0079  -0.0052  -0.0013   0.0460   0.0163   0.0911  -0.0052  -0.0065   1.0000   0.1581  -0.0075   0.0399  -0.0062 -1.7447e-03   0.0116  -0.0043  -0.0069   0.0159   0.0111  -0.0064  -0.0044  -0.0070  7.4755e-02
SIM37L2  0.0423 -0.0062  0.0640 -0.0066  0.0102 -0.0052 -0.0026 -0.0074  0.0095  1.1947e-01  -0.0072  -0.0058  -0.0044  -0.0053  -0.0049 -5.9385e-03 -7.3947e-03  -0.0077  -0.0053  -0.0064  9.1649e-03  -0.0065   0.0118  -0.0017  -0.0070  -0.0092  -0.0075  9.8446e-03  -0.0037  -0.0014  -0.0053   0.0641  -0.0038  -0.0073  -0.0057  -0.0064   0.1581   1.0000  -0.0073   0.0159  -0.0047 -9.3711e-03  -0.0065   0.0382  -0.0033  -0.0075  -0.0033  -0.0016  -0.0042  -0.0071 -7.1094e-03
SIM38L2  0.0902  0.0163  0.0278 -0.0020 -0.0053 -0.0050 -0.0071 -0.0070 -0.0076  1.9451e-01  -0.0052  -0.0053   0.2475  -0.0038  -0.0052 -6.1512e-03 -5.8954e-03   0.0526  -0.0015  -0.0049 -6.9511e-03   0.0016   0.0159  -0.0002   0.0363  -0.0086  -0.0046 -6.3101e-03  -0.0067  -0.0024   0.0210   0.0293  -0.0019  -0.0080   0.0302  -0.0062  -0.0075  -0.0073   1.0000  -0.0066  -0.0060  1.2883e-03   0.0025   0.0020   0.0171  -0.0018   0.1351  -0.0054  -0.0040  -0.0064 -7.2448e-03
SIM39L2  0.0033  0.0004  0.0011  0.3165 -0.0064  0.0915 -0.0074  0.0001 -0.0076  8.6034e-03  -0.0028  -0.0037  -0.0047   0.0287  -0.0053 -1.8708e-03 -2.1610e-03  -0.0073  -0.0062  -0.0067 -6.6722e-03  -0.0064  -0.0047  -0.0044  -0.0064  -0.0073  -0.0039  3.6037e-04  -0.0071  -0.0048  -0.0061  -0.0063  -0.0071   0.2234  -0.0019   0.0259   0.0399   0.0159  -0.0066   1.0000  -0.0060 -8.8886e-03  -0.0048   0.0248  -0.0063  -0.0036  -0.0077  -0.0060  -0.0040  -0.0070 -7.2686e-03
SIM40L2  0.0052 -0.0028 -0.0067 -0.0054 -0.0043  0.0047 -0.0064 -0.0061  0.0136 -6.6061e-03  -0.0058  -0.0051  -0.0055  -0.0024  -0.0030 -5.0859e-03 -4.7573e-03   0.0830  -0.0043  -0.0061 -6.0074e-03  -0.0054  -0.0060  -0.0048   0.0021   0.0052  -0.0064 -4.7199e-03   0.0065  -0.0041   0.0561  -0.0047  -0.0061  -0.0069  -0.0048  -0.0054  -0.0062  -0.0047  -0.0060  -0.0060   1.0000 -3.8847e-03  -0.0051  -0.0057  -0.0033  -0.0046   0.0342  -0.0035  -0.0027  -0.0039  9.8999e-03
SIM41L2  0.0479 -0.0099  0.0351 -0.0081 -0.0065 -0.0025  0.4748 -0.0017 -0.0079 -5.0577e-03  -0.0032   0.0110  -0.0069  -0.0064  -0.0071 -7.4654e-03 -3.3457e-03   0.0013  -0.0051   0.0121 -8.9967e-03  -0.0064  -0.0088  -0.0075  -0.0086   0.0810   0.5197 -6.1403e-03  -0.0035  -0.0062  -0.0082  -0.0086   0.0436  -0.0104  -0.0072  -0.0049  -0.0017  -0.0094   0.0013  -0.0089  -0.0039  1.0000e+00  -0.0080  -0.0051  -0.0075  -0.0084  -0.0012  -0.0052  -0.0052  -0.0090  8.6036e-05
SIM42L2  0.0243 -0.0065  0.0070 -0.0056 -0.0053 -0.0045 -0.0066  0.0878 -0.0068 -7.1781e-03  -0.0057  -0.0051  -0.0044   0.0471  -0.0062  1.9998e-01 -6.2646e-03  -0.0066  -0.0055  -0.0058 -4.8459e-03  -0.0058   0.0088   0.0265  -0.0042  -0.0045  -0.0065 -4.3273e-03   0.0011  -0.0024  -0.0059   0.0011   0.0041   0.0027   0.0021   0.0289   0.0116  -0.0065   0.0025  -0.0048  -0.0051 -8.0413e-03   1.0000   0.0158  -0.0057  -0.0057   0.0227  -0.0050   0.0388  -0.0061 -6.5417e-03
SIM43L2  0.0463  0.0837  0.0037 -0.0024 -0.0059 -0.0044 -0.0065  0.0110 -0.0075  3.1793e-02  -0.0070   0.0003   0.0063   0.0373  -0.0068 -6.0606e-03 -3.9204e-03  -0.0041  -0.0061   0.0317 -4.1555e-03   0.0347   0.0369  -0.0057  -0.0066   0.0091  -0.0074 -6.6203e-03  -0.0070  -0.0027  -0.0065  -0.0038   0.0006  -0.0077  -0.0051  -0.0062  -0.0043   0.0382   0.0020   0.0248  -0.0057 -5.1249e-03   0.0158   1.0000  -0.0061  -0.0065  -0.0078  -0.0057  -0.0040  -0.0070  8.5796e-04
SIM44L2  0.0366  0.0098 -0.0010 -0.0057 -0.0053 -0.0035 -0.0068 -0.0064 -0.0069 -6.7634e-03   0.0070  -0.0035  -0.0058  -0.0046   0.0064 -5.5378e-03 -4.5906e-03  -0.0065  -0.0044   0.0001 -5.4044e-03  -0.0055   0.1168  -0.0052  -0.0038  -0.0064  -0.0067 -5.5193e-03  -0.0052   0.0038   0.0588  -0.0058  -0.0063   0.0055   0.1899  -0.0056  -0.0069  -0.0033   0.0171  -0.0063  -0.0033 -7.5167e-03  -0.0057  -0.0061   1.0000  -0.0064  -0.0059  -0.0053  -0.0036  -0.0050 -1.7933e-03
SIM45L2  0.0500  0.0700 -0.0040 -0.0057 -0.0061 -0.0050 -0.0075 -0.0051  0.0327 -8.1703e-03   0.1118  -0.0052  -0.0053  -0.0053  -0.0066 -5.1540e-03  4.3769e-02   0.0164  -0.0063  -0.0007 -4.9946e-03  -0.0064  -0.0077  -0.0059  -0.0068   0.1197   0.0124 -4.8776e-03   0.0311  -0.0049   0.0033   0.0096  -0.0072  -0.0070   0.0253  -0.0064   0.0159  -0.0075  -0.0018  -0.0036  -0.0046 -8.3690e-03  -0.0057  -0.0065  -0.0064   1.0000  -0.0020   0.1375  -0.0042   0.0528  1.3589e-02
SIM46L2  0.0622  0.0162 -0.0025 -0.0076  0.0207  0.0054 -0.0086  0.0203 -0.0065  4.2026e-02   0.0024  -0.0072  -0.0053   0.0005   0.0886  4.3591e-03 -8.1427e-03  -0.0089   0.0680  -0.0067 -2.1650e-03   0.0653   0.0010   0.0059  -0.0079  -0.0098  -0.0032  1.9562e-02   0.0821  -0.0056  -0.0048   0.0981  -0.0008   0.0330  -0.0067   0.0780   0.0111  -0.0033   0.1351  -0.0077   0.0342 -1.2414e-03   0.0227  -0.0078  -0.0059  -0.0020   1.0000  -0.0068  -0.0049  -0.0084  3.6643e-02
SIM47L2  0.0032 -0.0074  0.0045 -0.0050 -0.0050 -0.0042 -0.0062 -0.0059 -0.0053 -1.3149e-03   0.2107  -0.0041  -0.0054  -0.0041  -0.0059 -5.1316e-03 -5.0556e-03  -0.0060  -0.0052  -0.0060 -4.2294e-03  -0.0054  -0.0062  -0.0049  -0.0057  -0.0048   0.0370 -4.9158e-03   0.0367  -0.0040   0.0002  -0.0056  -0.0053  -0.0068   0.0091  -0.0054  -0.0064  -0.0016  -0.0054  -0.0060  -0.0035 -5.2493e-03  -0.0050  -0.0057  -0.0053   0.1375  -0.0068   1.0000   0.1672  -0.0048 -5.9852e-03
SIM48L2 -0.0039 -0.0050 -0.0052 -0.0036 -0.0007 -0.0028 -0.0041 -0.0040 -0.0040  4.3138e-02   0.1484  -0.0035   0.0040  -0.0027   0.0010 -3.5006e-03 -4.0331e-03  -0.0042  -0.0035  -0.0041 -4.0110e-03   0.1035  -0.0045  -0.0027   0.0803  -0.0050  -0.0043 -3.7723e-03  -0.0037  -0.0028  -0.0038  -0.0037   0.0042  -0.0046  -0.0032  -0.0036  -0.0044  -0.0042  -0.0040  -0.0040  -0.0027 -5.1930e-03   0.0388  -0.0040  -0.0036  -0.0042  -0.0049   0.1672   1.0000  -0.0039 -4.1790e-03
SIM49L2  0.0543 -0.0061 -0.0055  0.0727 -0.0011 -0.0049 -0.0067 -0.0068 -0.0073  8.5225e-03   0.0028  -0.0038   0.0065  -0.0042  -0.0045  1.7888e-02 -6.4669e-03  -0.0067  -0.0041  -0.0070 -6.0794e-03   0.0750   0.0112  -0.0044   0.0066   0.0551  -0.0059 -5.6829e-03   0.0745   0.1387  -0.0040   0.0409  -0.0070  -0.0078  -0.0039  -0.0044  -0.0070  -0.0071  -0.0064  -0.0070  -0.0039 -8.9649e-03  -0.0061  -0.0070  -0.0050   0.0528  -0.0084  -0.0048  -0.0039   1.0000 -1.3145e-03
SIM50L2  0.0351  0.0606 -0.0061  0.0025  0.0029  0.0101 -0.0077  0.0454  0.0115  1.2725e-02  -0.0073  -0.0060  -0.0065  -0.0001   0.0115  3.9389e-02 -6.0097e-03   0.0200   0.0768  -0.0046 -8.4049e-04   0.0144  -0.0058   0.0148  -0.0069   0.0198  -0.0069  6.4521e-03  -0.0075  -0.0050  -0.0069  -0.0054   0.0285   0.0065  -0.0056  -0.0057   0.0748  -0.0071  -0.0072  -0.0073   0.0099  8.6036e-05  -0.0065   0.0009  -0.0018   0.0136   0.0366  -0.0060  -0.0042  -0.0013  1.0000e+00

LD Score Matrix Condition Number
4.0192

Annotation Correlation Matrix
             SIM1        SIM2        SIM3        SIM4        SIM5        SIM6        SIM7        SIM8        SIM9       SIM10       SIM11       SIM12       SIM13       SIM14       SIM15       SIM16       SIM17       SIM18       SIM19       SIM20       SIM21       SIM22       SIM23       SIM24       SIM25       SIM26       SIM27       SIM28       SIM29       SIM30       SIM31       SIM32       SIM33       SIM34       SIM35       SIM36       SIM37       SIM38       SIM39       SIM40       SIM41       SIM42       SIM43       SIM44       SIM45       SIM46       SIM47       SIM48       SIM49       SIM50
SIM1   1.0000e+00 -1.0419e-04 -7.3673e-05 -8.1184e-05 -8.3537e-05 -8.8057e-05 -8.1184e-05 -9.6462e-05 -9.4431e-05 -9.6462e-05 -7.8760e-05 -9.6462e-05 -6.8207e-05 -8.5827e-05 -8.8057e-05 -9.6462e-05 -1.0419e-04 -7.8760e-05 -7.6259e-05 -1.0231e-04 -7.8760e-05 -9.2355e-05 -8.8057e-05 -7.6259e-05 -9.4431e-05 -8.8057e-05 -7.8760e-05 -9.0231e-05 -7.3673e-05 -9.2355e-05 -9.2355e-05 -9.4431e-05 -9.2355e-05 -8.1184e-05 -8.3537e-05 -9.8451e-05 -9.2355e-05 -8.5827e-05 -1.0040e-04 -8.1184e-05 -9.4431e-05 -8.8057e-05 -8.1184e-05 -7.6259e-05 -8.3537e-05 -1.0419e-04 -7.8760e-05 -4.4027e-05 -9.0231e-05 -9.0231e-05
SIM2  -1.0419e-04  1.0000e+00 -7.3673e-05 -8.1184e-05 -8.3537e-05 -8.8057e-05 -8.1184e-05 -9.6462e-05 -9.4431e-05 -9.6462e-05 -7.8760e-05 -9.6462e-05 -6.8207e-05 -8.5827e-05 -8.8057e-05 -9.6462e-05 -1.0419e-04 -7.8760e-05 -7.6259e-05 -1.0231e-04 -7.8760e-05  4.0203e-02 -8.8057e-05 -7.6259e-05 -9.4431e-05 -8.8057e-05  4.7171e-02 -9.0231e-05 -7.3673e-05 -9.2355e-05 -9.2355e-05 -9.4431e-05 -9.2355e-05 -8.1184e-05 -8.3537e-05 -9.8451e-05 -9.2355e-05 -8.5827e-05 -1.0040e-04 -8.1184e-05 -9.4431e-05 -8.8057e-05 -8.1184e-05 -7.6259e-05 -8.3537e-05 -1.0419e-04 -7.8760e-05 -4.4027e-05 -9.0231e-05 -9.0231e-05
SIM3  -7.3673e-05 -7.3673e-05  1.0000e+00 -5.7404e-05 -5.9068e-05 -6.2264e-05 -5.7404e-05 -6.8207e-05 -6.6771e-05 -6.8207e-05 -5.5690e-05 -6.8207e-05 -4.8229e-05 -6.0687e-05 -6.2264e-05 -6.8207e-05 -7.3673e-05 -5.5690e-05 -5.3922e-05 -7.2345e-05 -5.5690e-05 -6.5303e-05 -6.2264e-05 -5.3922e-05 -6.6771e-05 -6.2264e-05 -5.5690e-05 -6.3801e-05 -5.2093e-05 -6.5303e-05 -6.5303e-05 -6.6771e-05 -6.5303e-05 -5.7404e-05 -5.9068e-05 -6.9614e-05 -6.5303e-05 -6.0687e-05 -7.0992e-05 -5.7404e-05 -6.6771e-05 -6.2264e-05 -5.7404e-05 -5.3922e-05 -5.9068e-05 -7.3673e-05 -5.5690e-05 -3.1131e-05 -6.3801e-05 -6.3801e-05
SIM4  -8.1184e-05 -8.1184e-05 -5.7404e-05  1.0000e+00 -6.5091e-05 -6.8612e-05 -6.3257e-05 -7.5161e-05 -7.3578e-05 -7.5161e-05 -6.1368e-05 -7.5161e-05 -5.3146e-05 -6.6874e-05 -6.8612e-05 -7.5161e-05 -8.1184e-05 -6.1368e-05 -5.9419e-05 -7.9721e-05 -6.1368e-05 -7.1961e-05 -6.8612e-05 -5.9419e-05 -7.3578e-05 -6.8612e-05 -6.1368e-05 -7.0306e-05 -5.7404e-05 -7.1961e-05 -7.1961e-05 -7.3578e-05 -7.1961e-05 -6.3257e-05 -6.5091e-05 -7.6711e-05 -7.1961e-05 -6.6874e-05 -7.8230e-05 -6.3257e-05 -7.3578e-05 -6.8612e-05 -6.3257e-05 -5.9419e-05 -6.5091e-05 -8.1184e-05 -6.1368e-05 -3.4305e-05 -7.0306e-05 -7.0306e-05
SIM5  -8.3537e-05 -8.3537e-05 -5.9068e-05 -6.5091e-05  1.0000e+00 -7.0601e-05 -6.5091e-05 -7.7340e-05 -7.5712e-05 -7.7340e-05 -6.3147e-05 -7.7340e-05 -5.4686e-05 -6.8813e-05 -7.0601e-05 -7.7340e-05 -8.3537e-05 -6.3147e-05 -6.1142e-05 -8.2032e-05 -6.3147e-05 -7.4047e-05 -7.0601e-05 -6.1142e-05 -7.5712e-05 -7.0601e-05 -6.3147e-05 -7.2345e-05 -5.9068e-05 -7.4047e-05 -7.4047e-05 -7.5712e-05 -7.4047e-05 -6.5091e-05 -6.6978e-05  4.7065e-02 -7.4047e-05 -6.8813e-05 -8.0498e-05 -6.5091e-05 -7.5712e-05 -7.0601e-05 -6.5091e-05 -6.1142e-05 -6.6978e-05  4.4464e-02 -6.3147e-05 -3.5300e-05 -7.2345e-05 -7.2345e-05
SIM6  -8.8057e-05 -8.8057e-05 -6.2264e-05 -6.8612e-05 -7.0601e-05  1.0000e+00 -6.8612e-05 -8.1524e-05 -7.9807e-05 -8.1524e-05 -6.6563e-05 -8.1524e-05 -5.7645e-05 -7.2536e-05 -7.4420e-05 -8.1524e-05 -8.8057e-05 -6.6563e-05 -6.4449e-05 -8.6470e-05 -6.6563e-05 -7.8053e-05 -7.4420e-05 -6.4449e-05 -7.9807e-05 -7.4420e-05 -6.6563e-05 -7.6258e-05 -6.2264e-05 -7.8053e-05 -7.8053e-05 -7.9807e-05 -7.8053e-05 -6.8612e-05 -7.0601e-05 -8.3205e-05 -7.8053e-05 -7.2536e-05 -8.4853e-05 -6.8612e-05 -7.9807e-05 -7.4420e-05 -6.8612e-05 -6.4449e-05 -7.0601e-05 -8.8057e-05 -6.6563e-05 -3.7209e-05 -7.6258e-05 -7.6258e-05
SIM7  -8.1184e-05 -8.1184e-05 -5.7404e-05 -6.3257e-05 -6.5091e-05 -6.8612e-05  1.0000e+00 -7.5161e-05 -7.3578e-05 -7.5161e-05 -6.1368e-05 -7.5161e-05 -5.3146e-05 -6.6874e-05 -6.8612e-05 -7.5161e-05 -8.1184e-05  6.0576e-02 -5.9419e-05 -7.9721e-05 -6.1368e-05 -7.1961e-05 -6.8612e-05 -5.9419e-05 -7.3578e-05 -6.8612e-05 -6.1368e-05 -7.0306e-05 -5.7404e-05 -7.1961e-05 -7.1961e-05 -7.3578e-05 -7.1961e-05 -6.3257e-05 -6.5091e-05 -7.6711e-05 -7.1961e-05 -6.6874e-05 -7.8230e-05 -6.3257e-05 -7.3578e-05 -6.8612e-05 -6.3257e-05 -5.9419e-05 -6.5091e-05 -8.1184e-05 -6.1368e-05 -3.4305e-05 -7.0306e-05 -7.0306e-05
SIM8  -9.6462e-05 -9.6462e-05 -6.8207e-05 -7.5161e-05 -7.7340e-05 -8.1524e-05 -7.5161e-05  1.0000e+00 -8.7425e-05  4.1581e-02 -7.2917e-05 -8.9306e-05 -6.3147e-05 -7.9460e-05 -8.1524e-05 -8.9306e-05 -9.6462e-05 -7.2917e-05 -7.0601e-05 -9.4723e-05 -7.2917e-05 -8.5503e-05 -8.1524e-05 -7.0601e-05 -8.7425e-05 -8.1524e-05 -7.2917e-05 -8.3537e-05 -6.8207e-05 -8.5503e-05 -8.5503e-05 -8.7425e-05 -8.5503e-05 -7.5161e-05 -7.7340e-05 -9.1147e-05 -8.5503e-05 -7.9460e-05 -9.2953e-05 -7.5161e-05 -8.7425e-05 -8.1524e-05 -7.5161e-05 -7.0601e-05 -7.7340e-05 -9.6462e-05 -7.2917e-05 -4.0761e-05 -8.3537e-05 -8.3537e-05
SIM9  -9.4431e-05 -9.4431e-05 -6.6771e-05 -7.3578e-05 -7.5712e-05 -7.9807e-05 -7.3578e-05 -8.7425e-05  1.0000e+00 -8.7425e-05 -7.1381e-05 -8.7425e-05 -6.1818e-05 -7.7786e-05 -7.9807e-05 -8.7425e-05 -9.4431e-05 -7.1381e-05 -6.9114e-05 -9.2729e-05 -7.1381e-05 -8.3703e-05 -7.9807e-05 -6.9114e-05 -8.5584e-05 -7.9807e-05 -7.1381e-05 -8.1778e-05 -6.6771e-05 -8.3703e-05 -8.3703e-05 -8.5584e-05 -8.3703e-05 -7.3578e-05 -7.5712e-05 -8.9228e-05 -8.3703e-05 -7.7786e-05 -9.0995e-05 -7.3578e-05 -8.5584e-05 -7.9807e-05  5.0502e-02 -6.9114e-05 -7.5712e-05 -9.4431e-05 -7.1381e-05 -3.9903e-05 -8.1778e-05 -8.1778e-05
SIM10 -9.6462e-05 -9.6462e-05 -6.8207e-05 -7.5161e-05 -7.7340e-05 -8.1524e-05 -7.5161e-05  4.1581e-02 -8.7425e-05  1.0000e+00 -7.2917e-05 -8.9306e-05 -6.3147e-05 -7.9460e-05 -8.1524e-05 -8.9306e-05 -9.6462e-05 -7.2917e-05 -7.0601e-05 -9.4723e-05 -7.2917e-05 -8.5503e-05 -8.1524e-05 -7.0601e-05 -8.7425e-05 -8.1524e-05 -7.2917e-05 -8.3537e-05 -6.8207e-05 -8.5503e-05 -8.5503e-05 -8.7425e-05 -8.5503e-05 -7.5161e-05 -7.7340e-05 -9.1147e-05 -8.5503e-05 -7.9460e-05 -9.2953e-05 -7.5161e-05 -8.7425e-05 -8.1524e-05 -7.5161e-05 -7.0601e-05 -7.7340e-05 -9.6462e-05  5.0962e-02 -4.0761e-05 -8.3537e-05 -8.3537e-05
SIM11 -7.8760e-05 -7.8760e-05 -5.5690e-05 -6.1368e-05 -6.3147e-05 -6.6563e-05 -6.1368e-05 -7.2917e-05 -7.1381e-05 -7.2917e-05  1.0000e+00 -7.2917e-05 -5.1559e-05 -6.4877e-05 -6.6563e-05 -7.2917e-05 -7.8760e-05 -5.9535e-05 -5.7645e-05 -7.7340e-05 -5.9535e-05 -6.9812e-05 -6.6563e-05 -5.7645e-05 -7.1381e-05 -6.6563e-05 -5.9535e-05  5.4490e-02 -5.5690e-05 -6.9812e-05 -6.9812e-05 -7.1381e-05 -6.9812e-05 -6.1368e-05 -6.3147e-05 -7.4420e-05 -6.9812e-05 -6.4877e-05 -7.5894e-05 -6.1368e-05 -7.1381e-05 -6.6563e-05 -6.1368e-05 -5.7645e-05 -6.3147e-05 -7.8760e-05 -5.9535e-05 -3.3281e-05 -6.8207e-05 -6.8207e-05
SIM12 -9.6462e-05 -9.6462e-05 -6.8207e-05 -7.5161e-05 -7.7340e-05 -8.1524e-05 -7.5161e-05 -8.9306e-05 -8.7425e-05 -8.9306e-05 -7.2917e-05  1.0000e+00 -6.3147e-05 -7.9460e-05 -8.1524e-05 -8.9306e-05 -9.6462e-05 -7.2917e-05 -7.0601e-05 -9.4723e-05 -7.2917e-05 -8.5503e-05 -8.1524e-05 -7.0601e-05 -8.7425e-05 -8.1524e-05 -7.2917e-05 -8.3537e-05 -6.8207e-05 -8.5503e-05 -8.5503e-05 -8.7425e-05 -8.5503e-05 -7.5161e-05 -7.7340e-05 -9.1147e-05 -8.5503e-05 -7.9460e-05 -9.2953e-05 -7.5161e-05 -8.7425e-05 -8.1524e-05 -7.5161e-05 -7.0601e-05 -7.7340e-05 -9.6462e-05 -7.2917e-05 -4.0761e-05 -8.3537e-05 -8.3537e-05
SIM13 -6.8207e-05 -6.8207e-05 -4.8229e-05 -5.3146e-05 -5.4686e-05 -5.7645e-05 -5.3146e-05 -6.3147e-05 -6.1818e-05 -6.3147e-05 -5.1559e-05 -6.3147e-05  1.0000e+00 -5.6185e-05 -5.7645e-05  5.8866e-02 -6.8207e-05 -5.1559e-05 -4.9921e-05 -6.6978e-05 -5.1559e-05 -6.0459e-05 -5.7645e-05 -4.9921e-05 -6.1818e-05 -5.7645e-05 -5.1559e-05 -5.9068e-05 -4.8229e-05 -6.0459e-05 -6.0459e-05 -6.1818e-05 -6.0459e-05 -5.3146e-05 -5.4686e-05 -6.4449e-05 -6.0459e-05 -5.6185e-05 -6.5726e-05 -5.3146e-05 -6.1818e-05 -5.7645e-05 -5.3146e-05 -4.9921e-05 -5.4686e-05 -6.8207e-05 -5.1559e-05 -2.8822e-05 -5.9068e-05 -5.9068e-05
SIM14 -8.5827e-05 -8.5827e-05 -6.0687e-05 -6.6874e-05 -6.8813e-05 -7.2536e-05 -6.6874e-05 -7.9460e-05 -7.7786e-05 -7.9460e-05 -6.4877e-05 -7.9460e-05 -5.6185e-05  1.0000e+00 -7.2536e-05 -7.9460e-05 -8.5827e-05 -6.4877e-05 -6.2817e-05 -8.4280e-05 -6.4877e-05 -7.6076e-05 -7.2536e-05 -6.2817e-05 -7.7786e-05 -7.2536e-05 -6.4877e-05 -7.4327e-05 -6.0687e-05 -7.6076e-05 -7.6076e-05 -7.7786e-05 -7.6076e-05 -6.6874e-05 -6.8813e-05 -8.1098e-05 -7.6076e-05 -7.0699e-05 -8.2704e-05 -6.6874e-05 -7.7786e-05 -7.2536e-05 -6.6874e-05 -6.2817e-05 -6.8813e-05 -8.5827e-05 -6.4877e-05 -3.6267e-05 -7.4327e-05 -7.4327e-05
