*********************************************************************
* LD Score Regression (LDSC)
* Version 1.0.1
* (C) 2014-2019 Brendan Bulik-Sullivan and Hilary Finucane
* Broad Institute of MIT and Harvard / MIT Department of Mathematics
* GNU General Public License v3
*********************************************************************
Call: 
./ldsc.py \
--out /data/sbcs/GuoLab/backup/liq17/CRC_TF_TWAS_zhishan2024/NC_revision_OceanCode/v2_NC_revision//84Tracks//ldscores_sim500//18 \
--bfile /data/sbcs/GuoLab/backup/liq17/ref/Alkesgroup/1000G_EUR_Phase3_plink_hg38/1000G.EUR.QC.18 \
--annot /data/sbcs/GuoLab/backup/liq17/CRC_TF_TWAS_zhishan2024/NC_revision_OceanCode/v2_NC_revision//84Tracks//annots_sim500//18.annot.txt \
--l2  \
--ld-wind-kb 100.0 

Beginning analysis at Mon Oct 27 00:07:31 2025
Read list of 285134 SNPs from /data/sbcs/GuoLab/backup/liq17/ref/Alkesgroup/1000G_EUR_Phase3_plink_hg38/1000G.EUR.QC.18.bim
Read 50 annotations for 285134 SNPs from /data/sbcs/GuoLab/backup/liq17/CRC_TF_TWAS_zhishan2024/NC_revision_OceanCode/v2_NC_revision//84Tracks//annots_sim500//18.annot.txt
Read list of 489 individuals from /data/sbcs/GuoLab/backup/liq17/ref/Alkesgroup/1000G_EUR_Phase3_plink_hg38/1000G.EUR.QC.18.fam
Reading genotypes from /data/sbcs/GuoLab/backup/liq17/ref/Alkesgroup/1000G_EUR_Phase3_plink_hg38/1000G.EUR.QC.18.bed
Estimating LD Score.
Writing LD Scores for 285134 SNPs to /data/sbcs/GuoLab/backup/liq17/CRC_TF_TWAS_zhishan2024/NC_revision_OceanCode/v2_NC_revision//84Tracks//ldscores_sim500//18.l2.ldscore.gz

Summary of LD Scores in /data/sbcs/GuoLab/backup/liq17/CRC_TF_TWAS_zhishan2024/NC_revision_OceanCode/v2_NC_revision//84Tracks//ldscores_sim500//18.l2.ldscore.gz
         MAF  SIM1L2  SIM2L2  SIM3L2  SIM4L2  SIM5L2  SIM6L2  SIM7L2  SIM8L2  SIM9L2  SIM10L2  SIM11L2  SIM12L2  SIM13L2  SIM14L2  SIM15L2  SIM16L2  SIM17L2  SIM18L2  SIM19L2  SIM20L2  SIM21L2  SIM22L2  SIM23L2  SIM24L2  SIM25L2  SIM26L2  SIM27L2  SIM28L2  SIM29L2  SIM30L2  SIM31L2  SIM32L2  SIM33L2  SIM34L2  SIM35L2  SIM36L2  SIM37L2  SIM38L2  SIM39L2  SIM40L2  SIM41L2  SIM42L2  SIM43L2  SIM44L2  SIM45L2  SIM46L2  SIM47L2  SIM48L2  SIM49L2  SIM50L2
mean  0.1482  0.0005  0.0009  0.0039  0.0042  0.0025  0.0011  0.0023  0.0023  0.0008   0.0019   0.0030   0.0013   0.0028   0.0004   0.0025   0.0023   0.0010   0.0001   0.0013   0.0028   0.0035   0.0020   0.0016   0.0042   0.0027   0.0036   0.0012   0.0050   0.0018   0.0032   0.0015   0.0013   0.0022   0.0017   0.0010   0.0012   0.0016   0.0010   0.0028   0.0015   0.0016   0.0017   0.0024   0.0006   0.0017   0.0032   0.0023   0.0020   0.0014   0.0020
std   0.1488  0.0167  0.0205  0.0458  0.0503  0.0372  0.0218  0.0343  0.0346  0.0185   0.0362   0.0426   0.0255   0.0376   0.0130   0.0431   0.0345   0.0200   0.0067   0.0276   0.0377   0.0478   0.0341   0.0298   0.0516   0.0391   0.0521   0.0228   0.0545   0.0320   0.0440   0.0259   0.0255   0.0340   0.0305   0.0222   0.0253   0.0294   0.0213   0.0389   0.0294   0.0296   0.0301   0.0336   0.0185   0.0295   0.0426   0.0357   0.0309   0.0286   0.0324
min   0.0051 -0.0021 -0.0021 -0.0021 -0.0021 -0.0040 -0.0021 -0.0021 -0.0040 -0.0041  -0.0040  -0.0021  -0.0021  -0.0041  -0.0021  -0.0037  -0.0040  -0.0021  -0.0021  -0.0021  -0.0056  -0.0040  -0.0041  -0.0021  -0.0021  -0.0061  -0.0041  -0.0021  -0.0040  -0.0021  -0.0041  -0.0021  -0.0021  -0.0041  -0.0039  -0.0021  -0.0021  -0.0037  -0.0021  -0.0021  -0.0021  -0.0021  -0.0060  -0.0021  -0.0021  -0.0041  -0.0021  -0.0021  -0.0021  -0.0021  -0.0040
25%   0.0184  0.0000  0.0000  0.0000  0.0000  0.0000  0.0000  0.0000  0.0000  0.0000   0.0000   0.0000   0.0000   0.0000   0.0000   0.0000   0.0000   0.0000   0.0000   0.0000   0.0000   0.0000   0.0000   0.0000   0.0000   0.0000   0.0000   0.0000   0.0000   0.0000   0.0000   0.0000   0.0000   0.0000   0.0000   0.0000   0.0000   0.0000   0.0000   0.0000   0.0000   0.0000   0.0000   0.0000   0.0000   0.0000   0.0000   0.0000   0.0000   0.0000   0.0000
50%   0.0879  0.0000  0.0000  0.0000  0.0000  0.0000  0.0000  0.0000  0.0000  0.0000   0.0000   0.0000   0.0000   0.0000   0.0000   0.0000   0.0000   0.0000   0.0000   0.0000   0.0000   0.0000   0.0000   0.0000   0.0000   0.0000   0.0000   0.0000   0.0000   0.0000   0.0000   0.0000   0.0000   0.0000   0.0000   0.0000   0.0000   0.0000   0.0000   0.0000   0.0000   0.0000   0.0000   0.0000   0.0000   0.0000   0.0000   0.0000   0.0000   0.0000   0.0000
75%   0.2566  0.0000  0.0000  0.0000  0.0000  0.0000  0.0000  0.0000  0.0000  0.0000   0.0000   0.0000   0.0000   0.0000   0.0000   0.0000   0.0000   0.0000   0.0000   0.0000   0.0000   0.0000   0.0000   0.0000   0.0000   0.0000   0.0000   0.0000   0.0000   0.0000   0.0000   0.0000   0.0000   0.0000   0.0000   0.0000   0.0000   0.0000   0.0000   0.0000   0.0000   0.0000   0.0000   0.0000   0.0000   0.0000   0.0000   0.0000   0.0000   0.0000   0.0000
max   0.5000  1.0000  1.0000  1.0000  1.0000  1.0000  1.0000  1.0000  1.0000  1.0000   1.0000   1.0000   1.0000   1.0000   1.0000   1.0683   1.0000   1.0000   1.0000   1.0000   1.0000   1.0000   1.0000   1.0000   1.0000   1.8940   1.0417   1.0000   1.0008   1.0000   1.0000   1.0000   1.0000   1.0000   1.0098   1.0000   1.0000   1.0783   1.0000   1.0000   1.0000   1.0000   1.0002   1.0000   1.0000   1.0217   1.0000   1.0000   1.0000   1.0000   1.0000

MAF/LD Score Correlation Matrix
            MAF  SIM1L2  SIM2L2  SIM3L2  SIM4L2  SIM5L2  SIM6L2  SIM7L2  SIM8L2  SIM9L2  SIM10L2     SIM11L2  SIM12L2     SIM13L2  SIM14L2  SIM15L2  SIM16L2  SIM17L2  SIM18L2  SIM19L2  SIM20L2  SIM21L2  SIM22L2  SIM23L2  SIM24L2  SIM25L2  SIM26L2  SIM27L2  SIM28L2  SIM29L2  SIM30L2  SIM31L2  SIM32L2  SIM33L2     SIM34L2  SIM35L2  SIM36L2     SIM37L2     SIM38L2  SIM39L2  SIM40L2  SIM41L2  SIM42L2  SIM43L2  SIM44L2  SIM45L2  SIM46L2  SIM47L2  SIM48L2  SIM49L2  SIM50L2
MAF      1.0000  0.0027 -0.0010  0.0731  0.0275  0.0251  0.0343  0.0138  0.0303  0.0231   0.0484  4.2738e-02   0.0297  2.8359e-02  -0.0058   0.0254   0.0091   0.0218   0.0018  -0.0021   0.0398   0.0353  -0.0063   0.0100   0.0641   0.0373  -0.0132   0.0311   0.0310   0.0025   0.0315   0.0266   0.0296   0.0297  1.5183e-03  -0.0031   0.0238 -1.2646e-04  1.5297e-02   0.0394   0.0172   0.0294   0.0449   0.0276   0.0043   0.0339   0.0003   0.0280   0.0454   0.0239   0.0383
SIM1L2   0.0027  1.0000 -0.0013 -0.0025 -0.0024 -0.0020 -0.0014 -0.0020 -0.0020 -0.0013  -0.0015 -2.0364e-03  -0.0014 -2.1971e-03  -0.0008  -0.0017   0.0090   0.0064  -0.0006  -0.0014  -0.0022  -0.0022  -0.0013  -0.0016  -0.0024  -0.0020  -0.0020  -0.0015   0.0017  -0.0016  -0.0022  -0.0016  -0.0015   0.0154 -1.6481e-03  -0.0014  -0.0013 -1.6055e-03 -1.3097e-03  -0.0021  -0.0015  -0.0016  -0.0016  -0.0022  -0.0016  -0.0017  -0.0022  -0.0018  -0.0020  -0.0014  -0.0018
SIM2L2  -0.0010 -0.0013  1.0000 -0.0037 -0.0035 -0.0028 -0.0021 -0.0029 -0.0029 -0.0019  -0.0023 -3.0450e-03  -0.0021  2.8695e-02  -0.0007  -0.0026  -0.0029  -0.0021  -0.0009   0.0940  -0.0032  -0.0032  -0.0026  -0.0002  -0.0028  -0.0030  -0.0030  -0.0023  -0.0039  -0.0027  -0.0032  -0.0026   0.0139  -0.0003 -2.4643e-03  -0.0020  -0.0020 -2.3961e-03 -1.9584e-03   0.0035   0.0069  -0.0024  -0.0025  -0.0031  -0.0015  -0.0026  -0.0016  -0.0028   0.0007  -0.0021  -0.0026
SIM3L2   0.0731 -0.0025 -0.0037  1.0000  0.0753 -0.0057 -0.0017  0.0048 -0.0057  0.0539  -0.0044 -5.9461e-03  -0.0042  1.5829e-02   0.0177  -0.0050   0.1225  -0.0040  -0.0017   0.0908  -0.0048   0.0172  -0.0020  -0.0045   0.1929   0.0012  -0.0059   0.0100  -0.0049   0.0067  -0.0055  -0.0048   0.0021  -0.0030 -4.8121e-03  -0.0006   0.1572  5.8951e-04 -3.0638e-03  -0.0061   0.0016  -0.0040   0.0043   0.0002  -0.0013  -0.0049  -0.0034   0.0352  -0.0054   0.1710   0.0369
SIM4L2   0.0275 -0.0024 -0.0035  0.0753  1.0000 -0.0048 -0.0035 -0.0057  0.1560  0.0008  -0.0044  1.1277e-01  -0.0041  1.6553e-02   0.0491   0.1475   0.0028  -0.0040   0.0083  -0.0040  -0.0062  -0.0054  -0.0017  -0.0045   0.1645   0.0991   0.0037  -0.0045  -0.0054   0.0415  -0.0006  -0.0047  -0.0042   0.0113  4.9006e-02   0.0015  -0.0038  3.9975e-03 -2.4948e-03  -0.0054  -0.0035  -0.0039  -0.0047   0.0465  -0.0029  -0.0050  -0.0021   0.0269   0.0129  -0.0038  -0.0036
SIM5L2   0.0251 -0.0020 -0.0028 -0.0057 -0.0048  1.0000 -0.0018 -0.0027 -0.0045 -0.0020   0.0028 -4.7264e-03  -0.0033 -4.7096e-03   0.0031   0.0098  -0.0043  -0.0026  -0.0013  -0.0032  -0.0051  -0.0050  -0.0040  -0.0036  -0.0055  -0.0046   0.1497  -0.0013  -0.0062  -0.0019  -0.0050   0.0006  -0.0034  -0.0034  2.0426e-03  -0.0021   0.0021 -1.8634e-03 -2.8843e-03  -0.0048  -0.0035   0.0049  -0.0028  -0.0047  -0.0023  -0.0040  -0.0033  -0.0044   0.0024  -0.0033  -0.0041
SIM6L2   0.0343 -0.0014 -0.0021 -0.0017 -0.0035 -0.0018  1.0000 -0.0034 -0.0033 -0.0022  -0.0026 -3.4586e-03  -0.0024 -3.7409e-03   0.0019  -0.0029  -0.0005  -0.0023   0.0014  -0.0018  -0.0027  -0.0029  -0.0029   0.0248  -0.0043  -0.0034  -0.0034  -0.0020   0.0139  -0.0028  -0.0036  -0.0028  -0.0024  -0.0029 -2.7998e-03  -0.0023   0.0012 -2.7276e-03 -2.2250e-03   0.0016  -0.0026  -0.0021   0.0010   0.0041  -0.0017  -0.0029  -0.0037  -0.0032  -0.0031  -0.0027  -0.0030
SIM7L2   0.0138 -0.0020 -0.0029  0.0048 -0.0057 -0.0027 -0.0034  1.0000 -0.0038 -0.0008  -0.0036 -4.6415e-03  -0.0033 -4.7405e-03  -0.0020  -0.0040  -0.0045  -0.0032  -0.0013  -0.0033  -0.0017  -0.0042  -0.0038  -0.0036  -0.0055   0.1449  -0.0032  -0.0030  -0.0057   0.0007  -0.0047  -0.0038  -0.0034  -0.0044 -3.8537e-03  -0.0032  -0.0031 -3.7480e-03 -3.0625e-03   0.0069   0.0028  -0.0038  -0.0008  -0.0049  -0.0024  -0.0040  -0.0038  -0.0044  -0.0043  -0.0002  -0.0043
SIM8L2   0.0303 -0.0020 -0.0029 -0.0057  0.1560 -0.0045 -0.0033 -0.0038  1.0000  0.0112  -0.0026  6.4918e-03  -0.0033 -5.1103e-03  -0.0019  -0.0040  -0.0034   0.0015  -0.0013  -0.0029  -0.0017  -0.0034  -0.0040  -0.0030   0.1731  -0.0046   0.0158  -0.0024   0.0002  -0.0038   0.1915  -0.0038  -0.0033   0.0363 -3.5057e-03  -0.0031  -0.0031 -3.7260e-03 -3.0395e-03   0.0013  -0.0035  -0.0037  -0.0038  -0.0005   0.0020  -0.0040  -0.0039  -0.0044  -0.0042  -0.0034  -0.0024
SIM9L2   0.0231 -0.0013 -0.0019  0.0539  0.0008 -0.0020 -0.0022 -0.0008  0.0112  1.0000  -0.0024 -3.0406e-03  -0.0022 -3.6930e-03   0.0063  -0.0027  -0.0030  -0.0019  -0.0009  -0.0021   0.0022   0.0603   0.0360   0.0163   0.0012  -0.0031  -0.0031  -0.0024  -0.0025  -0.0025   0.0093  -0.0026  -0.0022   0.0084  3.7298e-04  -0.0006  -0.0022  4.8083e-03 -2.0246e-03   0.0025  -0.0018   0.0011   0.0195  -0.0032  -0.0016  -0.0026  -0.0033   0.0013  -0.0029  -0.0022  -0.0027
SIM10L2  0.0484 -0.0015 -0.0023 -0.0044 -0.0044  0.0028 -0.0026 -0.0036 -0.0026 -0.0024   1.0000 -3.6688e-03  -0.0026 -3.9672e-03  -0.0015   0.0406  -0.0035  -0.0025  -0.0010  -0.0012  -0.0039  -0.0039  -0.0031  -0.0028  -0.0043  -0.0036  -0.0036  -0.0028  -0.0048  -0.0028  -0.0022   0.0151  -0.0026  -0.0034 -2.9692e-03  -0.0024  -0.0024  2.7007e-01 -2.3596e-03   0.0632  -0.0027  -0.0029  -0.0030  -0.0038  -0.0018  -0.0031   0.0015   0.0178  -0.0014  -0.0017  -0.0032
SIM11L2  0.0427 -0.0020 -0.0030 -0.0059  0.1128 -0.0047 -0.0035 -0.0046  0.0065 -0.0030  -0.0037  1.0000e+00  -0.0032 -4.7225e-03  -0.0020   0.2063   0.0259  -0.0033   0.0017  -0.0034   0.0052  -0.0052  -0.0028  -0.0037  -0.0054   0.1831  -0.0049   0.0052  -0.0065  -0.0039   0.2153  -0.0038  -0.0036  -0.0046 -2.0922e-03  -0.0033  -0.0032  8.9332e-06 -3.1614e-03  -0.0046   0.0054  -0.0039  -0.0040  -0.0050  -0.0024  -0.0040  -0.0052   0.0006  -0.0033  -0.0006  -0.0042
SIM12L2  0.0297 -0.0014 -0.0021 -0.0042 -0.0041 -0.0033 -0.0024 -0.0033 -0.0033 -0.0022  -0.0026 -3.1594e-03   1.0000 -3.7266e-03  -0.0014  -0.0029   0.0080  -0.0023  -0.0010  -0.0024  -0.0037  -0.0036  -0.0029   0.0319   0.0123  -0.0033  -0.0034  -0.0026  -0.0045  -0.0027  -0.0034  -0.0028  -0.0025  -0.0032 -2.7891e-03  -0.0018  -0.0022 -2.7171e-03 -2.2165e-03  -0.0035  -0.0026   0.0233  -0.0028  -0.0035  -0.0017  -0.0029  -0.0036  -0.0032  -0.0032  -0.0020  -0.0026
SIM13L2  0.0284 -0.0022  0.0287  0.0158  0.0166 -0.0047 -0.0037 -0.0047 -0.0051 -0.0037  -0.0040 -4.7225e-03  -0.0037  1.0000e+00  -0.0019  -0.0043  -0.0051  -0.0036  -0.0015  -0.0037  -0.0023   0.0240  -0.0033  -0.0040  -0.0040   0.0023  -0.0052  -0.0040   0.1579  -0.0042  -0.0053   0.0026  -0.0038  -0.0048 -4.3035e-03   0.0240  -0.0035  8.3367e-02  9.4217e-05  -0.0054  -0.0037   0.0005  -0.0044  -0.0055  -0.0026  -0.0025   0.0267   0.0292  -0.0048  -0.0001   0.0190
SIM14L2 -0.0058 -0.0008 -0.0007  0.0177  0.0491  0.0031  0.0019 -0.0020 -0.0019  0.0063  -0.0015 -2.0142e-03  -0.0014 -1.9216e-03   1.0000  -0.0017  -0.0019  -0.0014   0.0008  -0.0011  -0.0022  -0.0021  -0.0015  -0.0015   0.0157  -0.0020  -0.0020  -0.0015  -0.0027  -0.0016   0.0180  -0.0016  -0.0014  -0.0019 -1.7153e-03  -0.0016  -0.0013  1.4037e-03 -1.2954e-03  -0.0020  -0.0015  -0.0016  -0.0016   0.0019  -0.0010  -0.0017  -0.0021  -0.0019  -0.0018   0.0046   0.0008
SIM15L2  0.0254 -0.0017 -0.0026 -0.0050  0.1475  0.0098 -0.0029 -0.0040 -0.0040 -0.0027   0.0406  2.0630e-01  -0.0029 -4.2546e-03  -0.0017   1.0000   0.0677  -0.0028  -0.0012  -0.0011  -0.0044  -0.0041   0.1766  -0.0032  -0.0048   0.1805  -0.0041  -0.0032  -0.0053   0.1489   0.0634   0.0010  -0.0030  -0.0039 -3.2868e-03  -0.0028  -0.0027 -3.2701e-03 -2.6676e-03   0.0274  -0.0031  -0.0033  -0.0034  -0.0042  -0.0021  -0.0035  -0.0044  -0.0038  -0.0037  -0.0029  -0.0036
SIM16L2  0.0091  0.0090 -0.0029  0.1225  0.0028 -0.0043 -0.0005 -0.0045 -0.0034 -0.0030  -0.0035  2.5930e-02   0.0080 -5.1193e-03  -0.0019   0.0677   1.0000   0.0285  -0.0013  -0.0033  -0.0044  -0.0045  -0.0040  -0.0036  -0.0055   0.0029  -0.0023  -0.0024  -0.0056  -0.0034   0.1793  -0.0038  -0.0035   0.0199  2.2080e-02  -0.0031   0.2625 -3.7326e-03  2.4224e-03  -0.0049  -0.0035  -0.0032   0.0444  -0.0044  -0.0024  -0.0032   0.0514   0.0005  -0.0043   0.0036   0.0265
SIM17L2  0.0218  0.0064 -0.0021 -0.0040 -0.0040 -0.0026 -0.0023 -0.0032  0.0015 -0.0019  -0.0025 -3.3352e-03  -0.0023 -3.6065e-03  -0.0014  -0.0028   0.0285   1.0000  -0.0009   0.0019  -0.0027  -0.0035  -0.0028  -0.0015  -0.0032  -0.0032   0.0215  -0.0025  -0.0044  -0.0027  -0.0035  -0.0027  -0.0022   0.0073  1.9200e-03  -0.0022  -0.0022 -2.6295e-03 -2.1450e-03  -0.0034  -0.0025  -0.0014  -0.0024  -0.0034  -0.0014  -0.0028  -0.0033  -0.0031  -0.0025  -0.0023  -0.0029
SIM18L2  0.0018 -0.0006 -0.0009 -0.0017  0.0083 -0.0013  0.0014 -0.0013 -0.0013 -0.0009  -0.0010  1.7074e-03  -0.0010 -1.4848e-03   0.0008  -0.0012  -0.0013  -0.0009   1.0000  -0.0009   0.0002  -0.0015  -0.0012   0.0074  -0.0016  -0.0013  -0.0014  -0.0010  -0.0018  -0.0011  -0.0014  -0.0013  -0.0010   0.0014 -1.1113e-03  -0.0009  -0.0009 -1.0826e-03 -8.8311e-04  -0.0014  -0.0010  -0.0011   0.0155   0.0330  -0.0007  -0.0012  -0.0015  -0.0013  -0.0012  -0.0010  -0.0012
SIM19L2 -0.0021 -0.0014  0.0940  0.0908 -0.0040 -0.0032 -0.0018 -0.0033 -0.0029 -0.0021  -0.0012 -3.3799e-03  -0.0024 -3.6548e-03  -0.0011  -0.0011  -0.0033   0.0019  -0.0009   1.0000   0.0021  -0.0036  -0.0028  -0.0002  -0.0039  -0.0033  -0.0029  -0.0026  -0.0045   0.0018  -0.0036  -0.0027  -0.0024  -0.0032 -2.7354e-03  -0.0022  -0.0022 -2.6345e-03 -2.1738e-03   0.0082   0.0021  -0.0027  -0.0027   0.0190  -0.0017   0.0012  -0.0035  -0.0031  -0.0029  -0.0024  -0.0029
SIM20L2  0.0398 -0.0022 -0.0032 -0.0048 -0.0062 -0.0051 -0.0027 -0.0017 -0.0017  0.0022  -0.0039  5.1634e-03  -0.0037 -2.2956e-03  -0.0022  -0.0044  -0.0044  -0.0027   0.0002   0.0021   1.0000  -0.0030   0.0031   0.0042  -0.0061  -0.0051  -0.0052  -0.0033   0.0658  -0.0014   0.0005  -0.0035  -0.0034  -0.0030 -4.2654e-03  -0.0035  -0.0036  2.2652e-03  4.6620e-03   0.0624  -0.0039   0.0074  -0.0003  -0.0020  -0.0002   0.0149  -0.0029   0.0978  -0.0048  -0.0037  -0.0045
SIM21L2  0.0353 -0.0022 -0.0032  0.0172 -0.0054 -0.0050 -0.0029 -0.0042 -0.0034  0.0603  -0.0039 -5.1986e-03  -0.0036  2.3993e-02  -0.0021  -0.0041  -0.0045  -0.0035  -0.0015  -0.0036  -0.0030   1.0000  -0.0044  -0.0040   0.2603  -0.0044  -0.0051  -0.0017  -0.0050  -0.0041   0.0072  -0.0042  -0.0041  -0.0013 -4.2082e-03  -0.0034  -0.0034 -3.7750e-03  1.4482e-01  -0.0049  -0.0039   0.0481   0.0043  -0.0016  -0.0012   0.0798   0.0080  -0.0035  -0.0042  -0.0036   0.0012
SIM22L2 -0.0063 -0.0013 -0.0026 -0.0020 -0.0017 -0.0040 -0.0029 -0.0038 -0.0040  0.0360  -0.0031 -2.8267e-03  -0.0029 -3.2813e-03  -0.0015   0.1766  -0.0040  -0.0028  -0.0012  -0.0028   0.0031  -0.0044   1.0000  -0.0030  -0.0048  -0.0036  -0.0041  -0.0031  -0.0056  -0.0033  -0.0042   0.0015  -0.0029  -0.0039 -3.3460e-03  -0.0024  -0.0026  1.6653e-02 -2.6594e-03   0.0106  -0.0031  -0.0033  -0.0033  -0.0035  -0.0021   0.0037  -0.0043   0.0095  -0.0037  -0.0029  -0.0036
SIM23L2  0.0100 -0.0016 -0.0002 -0.0045 -0.0045 -0.0036  0.0248 -0.0036 -0.0030  0.0163  -0.0028 -3.7351e-03   0.0319 -4.0493e-03  -0.0015  -0.0032  -0.0036  -0.0015   0.0074  -0.0002   0.0042  -0.0040  -0.0030   1.0000  -0.0044  -0.0036  -0.0037  -0.0025  -0.0049  -0.0030  -0.0039  -0.0030  -0.0027   0.1679  3.2636e-04  -0.0025  -0.0024 -2.9525e-03 -2.4084e-03  -0.0027  -0.0028   0.0411   0.0548   0.1269  -0.0019  -0.0032  -0.0040  -0.0035  -0.0034  -0.0027  -0.0032
SIM24L2  0.0641 -0.0024 -0.0028  0.1929  0.1645 -0.0055 -0.0043 -0.0055  0.1731  0.0012  -0.0043 -5.3964e-03   0.0123 -3.9887e-03   0.0157  -0.0048  -0.0055  -0.0032  -0.0016  -0.0039  -0.0061   0.2603  -0.0048  -0.0044   1.0000  -0.0049  -0.0054  -0.0043   0.0297  -0.0042  -0.0061  -0.0046  -0.0046   0.0120 -4.6302e-03  -0.0034  -0.0037 -3.9618e-03 -1.0630e-03  -0.0042  -0.0032   0.0185  -0.0046  -0.0063  -0.0028  -0.0048  -0.0059   0.0068   0.0264  -0.0038   0.0263
SIM25L2  0.0373 -0.0020 -0.0030  0.0012  0.0991 -0.0046 -0.0034  0.1449 -0.0046 -0.0031  -0.0036  1.8314e-01  -0.0033  2.2582e-03  -0.0020   0.1805   0.0029  -0.0032  -0.0013  -0.0033  -0.0051  -0.0044  -0.0036  -0.0036  -0.0049   1.0000  -0.0047  -0.0036  -0.0063  -0.0038   0.0020  -0.0039  -0.0034  -0.0044 -3.8618e-03  -0.0013  -0.0031  2.2822e-03 -2.4505e-03  -0.0049   0.0048  -0.0028  -0.0039  -0.0049  -0.0003  -0.0040  -0.0050   0.0010  -0.0043  -0.0034   0.0004
SIM26L2 -0.0132 -0.0020 -0.0030 -0.0059  0.0037  0.1497 -0.0034 -0.0032  0.0158 -0.0031  -0.0036 -4.8609e-03  -0.0034 -5.2267e-03  -0.0020  -0.0041  -0.0023   0.0215  -0.0014  -0.0029  -0.0052  -0.0051  -0.0041  -0.0037  -0.0054  -0.0047   1.0000  -0.0032  -0.0067  -0.0023  -0.0050  -0.0039  -0.0021  -0.0045  9.2278e-03  -0.0032   0.0011 -3.8311e-03 -1.3705e-03  -0.0049  -0.0036   0.0025  -0.0039  -0.0018  -0.0024  -0.0041  -0.0029  -0.0045  -0.0044  -0.0034  -0.0050
SIM27L2  0.0311 -0.0015 -0.0023  0.0100 -0.0045 -0.0013 -0.0020 -0.0030 -0.0024 -0.0024  -0.0028  5.2306e-03  -0.0026 -4.0424e-03  -0.0015  -0.0032  -0.0024  -0.0025  -0.0010  -0.0026  -0.0033  -0.0017  -0.0031  -0.0025  -0.0043  -0.0036  -0.0032   1.0000  -0.0046  -0.0030   0.0092  -0.0030  -0.0024   0.1258 -3.0276e-03  -0.0025  -0.0024 -2.9430e-03  7.6803e-03   0.0061   0.0021  -0.0029  -0.0030   0.0082  -0.0010   0.0085   0.0125  -0.0035  -0.0034  -0.0026  -0.0009
SIM28L2  0.0310  0.0017 -0.0039 -0.0049 -0.0054 -0.0062  0.0139 -0.0057  0.0002 -0.0025  -0.0048 -6.5011e-03  -0.0045  1.5788e-01  -0.0027  -0.0053  -0.0056  -0.0044  -0.0018  -0.0045   0.0658  -0.0050  -0.0056  -0.0049   0.0297  -0.0063  -0.0067  -0.0046   1.0000  -0.0041   0.0218  -0.0047  -0.0048  -0.0013  7.5025e-03   0.0497  -0.0042 -4.9150e-03 -3.1568e-03  -0.0012  -0.0048  -0.0051  -0.0052  -0.0066  -0.0032   0.0838   0.0042  -0.0060  -0.0056  -0.0046   0.1530
SIM29L2  0.0025 -0.0016 -0.0027  0.0067  0.0415 -0.0019 -0.0028  0.0007 -0.0038 -0.0025  -0.0028 -3.9173e-03  -0.0027 -4.2436e-03  -0.0016   0.1489  -0.0034  -0.0027  -0.0011   0.0018  -0.0014  -0.0041  -0.0033  -0.0030  -0.0042  -0.0038  -0.0023  -0.0030  -0.0041   1.0000  -0.0041  -0.0021  -0.0024  -0.0037  1.7938e-02  -0.0026  -0.0025 -2.8798e-03 -2.5194e-03  -0.0018  -0.0022  -0.0016   0.0260   0.0619  -0.0019   0.1249  -0.0022  -0.0036   0.0088   0.0171  -0.0033
SIM30L2  0.0315 -0.0022 -0.0032 -0.0055 -0.0006 -0.0050 -0.0036 -0.0047  0.1915  0.0093  -0.0022  2.1533e-01  -0.0034 -5.2680e-03   0.0180   0.0634   0.1793  -0.0035  -0.0014  -0.0036   0.0005   0.0072  -0.0042  -0.0039  -0.0061   0.0020  -0.0050   0.0092   0.0218  -0.0041   1.0000   0.0164  -0.0037   0.0393 -4.1850e-03  -0.0033  -0.0017 -1.3287e-03  4.0549e-02  -0.0021  -0.0039  -0.0037  -0.0042  -0.0040  -0.0016   0.0180   0.0347  -0.0047  -0.0047  -0.0034   0.0271
SIM31L2  0.0266 -0.0016 -0.0026 -0.0048 -0.0047  0.0006 -0.0028 -0.0038 -0.0038 -0.0026   0.0151 -3.7552e-03  -0.0028  2.6208e-03  -0.0016   0.0010  -0.0038  -0.0027  -0.0013  -0.0027  -0.0035  -0.0042   0.0015  -0.0030  -0.0046  -0.0039  -0.0039  -0.0030  -0.0047  -0.0021   0.0164   1.0000  -0.0028  -0.0037 -3.2171e-03  -0.0026  -0.0004  2.7148e-03  2.1308e-02  -0.0040  -0.0030  -0.0023  -0.0023  -0.0041  -0.0020  -0.0024  -0.0035  -0.0019  -0.0036  -0.0028  -0.0034
SIM32L2  0.0296 -0.0015  0.0139  0.0021 -0.0042 -0.0034 -0.0024 -0.0034 -0.0033 -0.0022  -0.0026 -3.6177e-03  -0.0025 -3.7851e-03  -0.0014  -0.0030  -0.0035  -0.0022  -0.0010  -0.0024  -0.0034  -0.0041  -0.0029  -0.0027  -0.0046  -0.0034  -0.0021  -0.0024  -0.0048  -0.0024  -0.0037  -0.0028   1.0000  -0.0036 -2.4385e-03  -0.0023  -0.0023 -2.4387e-03 -2.2591e-03  -0.0036   0.0184  -0.0027  -0.0018  -0.0035  -0.0017  -0.0030  -0.0037  -0.0032  -0.0032  -0.0028   0.0018
SIM33L2  0.0297  0.0154 -0.0003 -0.0030  0.0113 -0.0034 -0.0029 -0.0044  0.0363  0.0084  -0.0034 -4.5928e-03  -0.0032 -4.8496e-03  -0.0019  -0.0039   0.0199   0.0073   0.0014  -0.0032  -0.0030  -0.0013  -0.0039   0.1679   0.0120  -0.0044  -0.0045   0.1258  -0.0013  -0.0037   0.0393  -0.0037  -0.0036   1.0000 -3.7173e-03  -0.0019  -0.0030 -3.6210e-03  1.3629e-02  -0.0043  -0.0031  -0.0036   0.0077   0.0485   0.0046   0.0217   0.0284  -0.0018   0.0006   0.0147  -0.0038
SIM34L2  0.0015 -0.0016 -0.0025 -0.0048  0.0490  0.0020 -0.0028 -0.0039 -0.0035  0.0004  -0.0030 -2.0922e-03  -0.0028 -4.3035e-03  -0.0017  -0.0033   0.0221   0.0019  -0.0011  -0.0027  -0.0043  -0.0042  -0.0033   0.0003  -0.0046  -0.0039   0.0092  -0.0030   0.0075   0.0179  -0.0042  -0.0032  -0.0024  -0.0037  1.0000e+00  -0.0026  -0.0026 -2.9408e-03 -7.3095e-05  -0.0040  -0.0027  -0.0022  -0.0033   0.0218  -0.0020   0.0080   0.0465  -0.0037  -0.0023  -0.0028  -0.0034
SIM35L2 -0.0031 -0.0014 -0.0020 -0.0006  0.0015 -0.0021 -0.0023 -0.0032 -0.0031 -0.0006  -0.0024 -3.2893e-03  -0.0018  2.4026e-02  -0.0016  -0.0028  -0.0031  -0.0022  -0.0009  -0.0022  -0.0035  -0.0034  -0.0024  -0.0025  -0.0034  -0.0013  -0.0032  -0.0025   0.0497  -0.0026  -0.0033  -0.0026  -0.0023  -0.0019 -2.6440e-03   1.0000  -0.0021  1.5088e-01 -1.3302e-03  -0.0033  -0.0024  -0.0015  -0.0024  -0.0029  -0.0016  -0.0028  -0.0035   0.0026  -0.0029  -0.0023  -0.0013
SIM36L2  0.0238 -0.0013 -0.0020  0.1572 -0.0038  0.0021  0.0012 -0.0031 -0.0031 -0.0022  -0.0024 -3.2020e-03  -0.0022 -3.4748e-03  -0.0013  -0.0027   0.2625  -0.0022  -0.0009  -0.0022  -0.0036  -0.0034  -0.0026  -0.0024  -0.0037  -0.0031   0.0011  -0.0024  -0.0042  -0.0025  -0.0017  -0.0004  -0.0023  -0.0030 -2.5862e-03  -0.0021   1.0000 -2.5406e-03  1.1448e-04  -0.0032  -0.0025   0.0038  -0.0026  -0.0033  -0.0016  -0.0026  -0.0034  -0.0030  -0.0029  -0.0022  -0.0016
SIM37L2 -0.0001 -0.0016 -0.0024  0.0006  0.0040 -0.0019 -0.0027 -0.0037 -0.0037  0.0048   0.2701  8.9332e-06  -0.0027  8.3367e-02   0.0014  -0.0033  -0.0037  -0.0026  -0.0011  -0.0026   0.0023  -0.0038   0.0167  -0.0030  -0.0040   0.0023  -0.0038  -0.0029  -0.0049  -0.0029  -0.0013   0.0027  -0.0024  -0.0036 -2.9408e-03   0.1509  -0.0025  1.0000e+00  1.0732e-02   0.0172  -0.0029   0.0141  -0.0031  -0.0040  -0.0019   0.0062  -0.0014   0.0159  -0.0035  -0.0027  -0.0033
SIM38L2  0.0153 -0.0013 -0.0020 -0.0031 -0.0025 -0.0029 -0.0022 -0.0031 -0.0030 -0.0020  -0.0024 -3.1614e-03  -0.0022  9.4217e-05  -0.0013  -0.0027   0.0024  -0.0021  -0.0009  -0.0022   0.0047   0.1448  -0.0027  -0.0024  -0.0011  -0.0025  -0.0014   0.0077  -0.0032  -0.0025   0.0405   0.0213  -0.0023   0.0136 -7.3095e-05  -0.0013   0.0001  1.0732e-02  1.0000e+00  -0.0028  -0.0023   0.0116  -0.0023  -0.0032   0.0027   0.2475   0.0335  -0.0029  -0.0029  -0.0022  -0.0025
SIM39L2  0.0394 -0.0021  0.0035 -0.0061 -0.0054 -0.0048  0.0016  0.0069  0.0013  0.0025   0.0632 -4.6039e-03  -0.0035 -5.4059e-03  -0.0020   0.0274  -0.0049  -0.0034  -0.0014   0.0082   0.0624  -0.0049   0.0106  -0.0027  -0.0042  -0.0049  -0.0049   0.0061  -0.0012  -0.0018  -0.0021  -0.0040  -0.0036  -0.0043 -4.0459e-03  -0.0033  -0.0032  1.7209e-02 -2.7729e-03   1.0000  -0.0037  -0.0031  -0.0033  -0.0051  -0.0025  -0.0042  -0.0053   0.2828  -0.0028  -0.0035  -0.0043
SIM40L2  0.0172 -0.0015  0.0069  0.0016 -0.0035 -0.0035 -0.0026  0.0028 -0.0035 -0.0018  -0.0027  5.3897e-03  -0.0026 -3.6754e-03  -0.0015  -0.0031  -0.0035  -0.0025  -0.0010   0.0021  -0.0039  -0.0039  -0.0031  -0.0028  -0.0032   0.0048  -0.0036   0.0021  -0.0048  -0.0022  -0.0039  -0.0030   0.0184  -0.0031 -2.6641e-03  -0.0024  -0.0025 -2.8844e-03 -2.3227e-03  -0.0037   1.0000  -0.0029   0.0008   0.0172  -0.0018  -0.0018  -0.0039  -0.0034  -0.0031   0.0063  -0.0032
SIM41L2  0.0294 -0.0016 -0.0024 -0.0040 -0.0039  0.0049 -0.0021 -0.0038 -0.0037  0.0011  -0.0029 -3.8910e-03   0.0233  5.4242e-04  -0.0016  -0.0033  -0.0032  -0.0014  -0.0011  -0.0027   0.0074   0.0481  -0.0033   0.0411   0.0185  -0.0028   0.0025  -0.0029  -0.0051  -0.0016  -0.0037  -0.0023  -0.0027  -0.0036 -2.2205e-03  -0.0015   0.0038  1.4088e-02  1.1609e-02  -0.0031  -0.0029   1.0000   0.0032  -0.0040  -0.0019  -0.0033  -0.0041  -0.0036  -0.0035  -0.0027  -0.0034
SIM42L2  0.0449 -0.0016 -0.0025  0.0043 -0.0047 -0.0028  0.0010 -0.0008 -0.0038  0.0195  -0.0030 -3.9709e-03  -0.0028 -4.3641e-03  -0.0016  -0.0034   0.0444  -0.0024   0.0155  -0.0027  -0.0003   0.0043  -0.0033   0.0548  -0.0046  -0.0039  -0.0039  -0.0030  -0.0052   0.0260  -0.0042  -0.0023  -0.0018   0.0077 -3.2714e-03  -0.0024  -0.0026 -3.1307e-03 -2.2910e-03  -0.0033   0.0008   0.0032   1.0000   0.0854  -0.0020  -0.0033  -0.0043  -0.0037  -0.0036  -0.0028  -0.0023
SIM43L2  0.0276 -0.0022 -0.0031  0.0002  0.0465 -0.0047  0.0041 -0.0049 -0.0005 -0.0032  -0.0038 -5.0338e-03  -0.0035 -5.4543e-03   0.0019  -0.0042  -0.0044  -0.0034   0.0330   0.0190  -0.0020  -0.0016  -0.0035   0.1269  -0.0063  -0.0049  -0.0018   0.0082  -0.0066   0.0619  -0.0040  -0.0041  -0.0035   0.0485  2.1830e-02  -0.0029  -0.0033 -3.9687e-03 -3.2375e-03  -0.0051   0.0172  -0.0040   0.0854   1.0000  -0.0025   0.0191  -0.0042  -0.0047  -0.0045  -0.0036   0.0034
SIM44L2  0.0043 -0.0016 -0.0015 -0.0013 -0.0029 -0.0023 -0.0017 -0.0024  0.0020 -0.0016  -0.0018 -2.4312e-03  -0.0017 -2.6289e-03  -0.0010  -0.0021  -0.0024  -0.0014  -0.0007  -0.0017  -0.0002  -0.0012  -0.0021  -0.0019  -0.0028  -0.0003  -0.0024  -0.0010  -0.0032  -0.0019  -0.0016  -0.0020  -0.0017   0.0046 -1.9676e-03  -0.0016  -0.0016 -1.9168e-03  2.6565e-03  -0.0025  -0.0018  -0.0019  -0.0020  -0.0025   1.0000   0.0019  -0.0024  -0.0022  -0.0022  -0.0017  -0.0021
SIM45L2  0.0339 -0.0017 -0.0026 -0.0049 -0.0050 -0.0040 -0.0029 -0.0040 -0.0040 -0.0026  -0.0031 -3.9961e-03  -0.0029 -2.5039e-03  -0.0017  -0.0035  -0.0032  -0.0028  -0.0012   0.0012   0.0149   0.0798   0.0037  -0.0032  -0.0048  -0.0040  -0.0041   0.0085   0.0838   0.1249   0.0180  -0.0024  -0.0030   0.0217  7.9966e-03  -0.0028  -0.0026  6.2012e-03  2.4750e-01  -0.0042  -0.0018  -0.0033  -0.0033   0.0191   0.0019   1.0000   0.0245  -0.0038  -0.0014  -0.0029  -0.0036
SIM46L2  0.0003 -0.0022 -0.0016 -0.0034 -0.0021 -0.0033 -0.0037 -0.0038 -0.0039 -0.0033   0.0015 -5.2020e-03  -0.0036  2.6748e-02  -0.0021  -0.0044   0.0514  -0.0033  -0.0015  -0.0035  -0.0029   0.0080  -0.0043  -0.0040  -0.0059  -0.0050  -0.0029   0.0125   0.0042  -0.0022   0.0347  -0.0035  -0.0037   0.0284  4.6527e-02  -0.0035  -0.0034 -1.4390e-03  3.3465e-02  -0.0053  -0.0039  -0.0041  -0.0043  -0.0042  -0.0024   0.0245   1.0000  -0.0048   0.0080  -0.0031   0.0060
SIM47L2  0.0280 -0.0018 -0.0028  0.0352  0.0269 -0.0044 -0.0032 -0.0044 -0.0044  0.0013   0.0178  6.0950e-04  -0.0032  2.9215e-02  -0.0019  -0.0038   0.0005  -0.0031  -0.0013  -0.0031   0.0978  -0.0035   0.0095  -0.0035   0.0068   0.0010  -0.0045  -0.0035  -0.0060  -0.0036  -0.0047  -0.0019  -0.0032  -0.0018 -3.6827e-03   0.0026  -0.0030  1.5850e-02 -2.9272e-03   0.2828  -0.0034  -0.0036  -0.0037  -0.0047  -0.0022  -0.0038  -0.0048   1.0000  -0.0041   0.0061  -0.0038
SIM48L2  0.0454 -0.0020  0.0007 -0.0054  0.0129  0.0024 -0.0031 -0.0043 -0.0042 -0.0029  -0.0014 -3.2620e-03  -0.0032 -4.7948e-03  -0.0018  -0.0037  -0.0043  -0.0025  -0.0012  -0.0029  -0.0048  -0.0042  -0.0037  -0.0034   0.0264  -0.0043  -0.0044  -0.0034  -0.0056   0.0088  -0.0047  -0.0036  -0.0032   0.0006 -2.3432e-03  -0.0029  -0.0029 -3.4960e-03 -2.8518e-03  -0.0028  -0.0031  -0.0035  -0.0036  -0.0045  -0.0022  -0.0014   0.0080  -0.0041   1.0000  -0.0021  -0.0038
SIM49L2  0.0239 -0.0014 -0.0021  0.1710 -0.0038 -0.0033 -0.0027 -0.0002 -0.0034 -0.0022  -0.0017 -6.2617e-04  -0.0020 -1.2010e-04   0.0046  -0.0029   0.0036  -0.0023  -0.0010  -0.0024  -0.0037  -0.0036  -0.0029  -0.0027  -0.0038  -0.0034  -0.0034  -0.0026  -0.0046   0.0171  -0.0034  -0.0028  -0.0028   0.0147 -2.7795e-03  -0.0023  -0.0022 -2.7078e-03 -2.2089e-03  -0.0035   0.0063  -0.0027  -0.0028  -0.0036  -0.0017  -0.0029  -0.0031   0.0061  -0.0021   1.0000  -0.0028
SIM50L2  0.0383 -0.0018 -0.0026  0.0369 -0.0036 -0.0041 -0.0030 -0.0043 -0.0024 -0.0027  -0.0032 -4.2346e-03  -0.0026  1.9033e-02   0.0008  -0.0036   0.0265  -0.0029  -0.0012  -0.0029  -0.0045   0.0012  -0.0036  -0.0032   0.0263   0.0004  -0.0050  -0.0009   0.1530  -0.0033   0.0271  -0.0034   0.0018  -0.0038 -3.4270e-03  -0.0013  -0.0016 -3.3386e-03 -2.5443e-03  -0.0043  -0.0032  -0.0034  -0.0023   0.0034  -0.0021  -0.0036   0.0060  -0.0038  -0.0038  -0.0028   1.0000

LD Score Matrix Condition Number
9.0081

Annotation Correlation Matrix
             SIM1        SIM2        SIM3        SIM4        SIM5        SIM6        SIM7        SIM8        SIM9       SIM10       SIM11       SIM12       SIM13       SIM14       SIM15       SIM16       SIM17       SIM18       SIM19       SIM20       SIM21       SIM22       SIM23       SIM24       SIM25       SIM26       SIM27       SIM28       SIM29       SIM30       SIM31       SIM32       SIM33       SIM34       SIM35       SIM36       SIM37       SIM38       SIM39       SIM40       SIM41       SIM42       SIM43       SIM44       SIM45       SIM46       SIM47       SIM48       SIM49       SIM50
SIM1   1.0000e+00 -1.9210e-05 -3.2335e-05 -2.7167e-05 -3.0374e-05 -2.2181e-05 -2.4800e-05 -2.7167e-05 -2.3527e-05 -2.0749e-05 -2.6010e-05 -2.0749e-05 -2.9344e-05 -1.9210e-05 -2.2181e-05 -2.9344e-05 -1.9210e-05 -1.5685e-05 -2.3527e-05 -3.1370e-05 -2.9344e-05 -2.8276e-05 -2.3527e-05 -2.7167e-05 -2.8276e-05 -2.7167e-05 -2.3527e-05 -3.5939e-05 -2.8276e-05 -2.8276e-05 -2.6010e-05 -2.4800e-05  1.3482e-01 -2.6010e-05 -2.2181e-05 -2.0749e-05 -2.4800e-05 -2.0749e-05 -2.6010e-05 -2.4800e-05 -2.4800e-05 -2.4800e-05 -2.9344e-05 -2.0749e-05 -2.3527e-05 -3.1370e-05 -2.3527e-05 -2.6010e-05 -2.3527e-05 -2.9344e-05
SIM2  -1.9210e-05  1.0000e+00 -3.5422e-05 -2.9760e-05 -3.3273e-05 -2.4299e-05 -2.7167e-05 -2.9760e-05 -2.5773e-05 -2.2729e-05 -2.8493e-05 -2.2729e-05 -3.2144e-05 -2.1043e-05 -2.4299e-05 -3.2144e-05 -2.1043e-05 -1.7182e-05 -2.5773e-05 -3.4364e-05 -3.2144e-05 -3.0975e-05 -2.5773e-05 -2.9760e-05 -3.0975e-05 -2.9760e-05 -2.5773e-05 -3.9369e-05 -3.0975e-05 -3.0975e-05 -2.8493e-05 -2.7167e-05 -2.8493e-05 -2.8493e-05 -2.4299e-05 -2.2729e-05 -2.7167e-05 -2.2729e-05 -2.8493e-05 -2.7167e-05 -2.7167e-05 -2.7167e-05 -3.2144e-05 -2.2729e-05 -2.5773e-05 -3.4364e-05 -2.5773e-05 -2.8493e-05 -2.5773e-05 -3.2144e-05
SIM3  -3.2335e-05 -3.5422e-05  1.0000e+00 -5.0094e-05 -5.6007e-05 -4.0902e-05 -4.5729e-05 -5.0094e-05 -4.3383e-05 -3.8260e-05 -4.7962e-05 -3.8260e-05 -5.4108e-05 -3.5422e-05 -4.0902e-05 -5.4108e-05 -3.5422e-05 -2.8922e-05 -4.3383e-05 -5.7844e-05 -5.4108e-05 -5.2140e-05 -4.3383e-05 -5.0094e-05 -5.2140e-05 -5.0094e-05 -4.3383e-05 -6.6270e-05 -5.2140e-05 -5.2140e-05 -4.7962e-05 -4.5729e-05 -4.7962e-05 -4.7962e-05 -4.0902e-05 -3.8260e-05 -4.5729e-05 -3.8260e-05 -4.7962e-05 -4.5729e-05 -4.5729e-05 -4.5729e-05 -5.4108e-05 -3.8260e-05 -4.3383e-05 -5.7844e-05 -4.3383e-05 -4.7962e-05 -4.3383e-05 -5.4108e-05
SIM4  -2.7167e-05 -2.9760e-05 -5.0094e-05  1.0000e+00 -4.7055e-05 -3.4364e-05 -3.8420e-05  8.3295e-02 -3.6448e-05 -3.2144e-05 -4.0295e-05 -3.2144e-05 -4.5460e-05 -2.9760e-05 -3.4364e-05 -4.5460e-05 -2.9760e-05 -2.4299e-05 -3.6448e-05 -4.8599e-05 -4.5460e-05 -4.3806e-05 -3.6448e-05 -4.2087e-05 -4.3806e-05 -4.2087e-05 -3.6448e-05 -5.5677e-05 -4.3806e-05 -4.3806e-05 -4.0295e-05 -3.8420e-05 -4.0295e-05 -4.0295e-05 -3.4364e-05 -3.2144e-05 -3.8420e-05 -3.2144e-05 -4.0295e-05 -3.8420e-05 -3.8420e-05 -3.8420e-05 -4.5460e-05 -3.2144e-05 -3.6448e-05 -4.8599e-05 -3.6448e-05 -4.0295e-05 -3.6448e-05 -4.5460e-05
SIM5  -3.0374e-05 -3.3273e-05 -5.6007e-05 -4.7055e-05  1.0000e+00 -3.8420e-05 -4.2955e-05 -4.7055e-05 -4.0751e-05 -3.5939e-05 -4.5052e-05 -3.5939e-05 -5.0826e-05 -3.3273e-05 -3.8420e-05 -5.0826e-05 -3.3273e-05 -2.7167e-05 -4.0751e-05 -5.4335e-05 -5.0826e-05 -4.8977e-05 -4.0751e-05 -4.7055e-05 -4.8977e-05 -4.7055e-05 -4.0751e-05 -6.2249e-05 -4.8977e-05 -4.8977e-05 -4.5052e-05 -4.2955e-05 -4.5052e-05 -4.5052e-05 -3.8420e-05 -3.5939e-05 -4.2955e-05 -3.5939e-05 -4.5052e-05 -4.2955e-05 -4.2955e-05 -4.2955e-05 -5.0826e-05 -3.5939e-05 -4.0751e-05 -5.4335e-05 -4.0751e-05 -4.5052e-05 -4.0751e-05 -5.0826e-05
SIM6  -2.2181e-05 -2.4299e-05 -4.0902e-05 -3.4364e-05 -3.8420e-05  1.0000e+00 -3.1370e-05 -3.4364e-05 -2.9760e-05 -2.6246e-05 -3.2901e-05 -2.6246e-05 -3.7117e-05 -2.4299e-05 -2.8058e-05 -3.7117e-05 -2.4299e-05 -1.9840e-05 -2.9760e-05 -3.9680e-05 -3.7117e-05 -3.5767e-05 -2.9760e-05 -3.4364e-05 -3.5767e-05 -3.4364e-05 -2.9760e-05 -4.5460e-05 -3.5767e-05 -3.5767e-05 -3.2901e-05 -3.1370e-05 -3.2901e-05 -3.2901e-05 -2.8058e-05 -2.6246e-05 -3.1370e-05 -2.6246e-05 -3.2901e-05 -3.1370e-05 -3.1370e-05 -3.1370e-05 -3.7117e-05 -2.6246e-05 -2.9760e-05 -3.9680e-05 -2.9760e-05 -3.2901e-05 -2.9760e-05 -3.7117e-05
SIM7  -2.4800e-05 -2.7167e-05 -4.5729e-05 -3.8420e-05 -4.2955e-05 -3.1370e-05  1.0000e+00 -3.8420e-05 -3.3273e-05 -2.9344e-05 -3.6784e-05 -2.9344e-05 -4.1499e-05 -2.7167e-05 -3.1370e-05 -4.1499e-05 -2.7167e-05 -2.2182e-05 -3.3273e-05 -4.4364e-05 -4.1499e-05 -3.9989e-05 -3.3273e-05 -3.8420e-05 -3.9989e-05 -3.8420e-05 -3.3273e-05 -5.0826e-05 -3.9989e-05 -3.9989e-05 -3.6784e-05 -3.5072e-05 -3.6784e-05 -3.6784e-05 -3.1370e-05 -2.9344e-05 -3.5072e-05 -2.9344e-05 -3.6784e-05 -3.5072e-05 -3.5072e-05 -3.5072e-05 -4.1499e-05 -2.9344e-05 -3.3273e-05 -4.4364e-05 -3.3273e-05 -3.6784e-05 -3.3273e-05 -4.1499e-05
SIM8  -2.7167e-05 -2.9760e-05 -5.0094e-05  8.3295e-02 -4.7055e-05 -3.4364e-05 -3.8420e-05  1.0000e+00 -3.6448e-05 -3.2144e-05 -4.0295e-05 -3.2144e-05 -4.5460e-05 -2.9760e-05 -3.4364e-05 -4.5460e-05 -2.9760e-05 -2.4299e-05 -3.6448e-05 -4.8599e-05 -4.5460e-05 -4.3806e-05 -3.6448e-05 -4.2087e-05 -4.3806e-05 -4.2087e-05 -3.6448e-05 -5.5677e-05 -4.3806e-05 -4.3806e-05 -4.0295e-05 -3.8420e-05 -4.0295e-05 -4.0295e-05 -3.4364e-05 -3.2144e-05 -3.8420e-05 -3.2144e-05 -4.0295e-05 -3.8420e-05 -3.8420e-05 -3.8420e-05 -4.5460e-05 -3.2144e-05 -3.6448e-05 -4.8599e-05 -3.6448e-05 -4.0295e-05 -3.6448e-05 -4.5460e-05
SIM9  -2.3527e-05 -2.5773e-05 -4.3383e-05 -3.6448e-05 -4.0751e-05 -2.9760e-05 -3.3273e-05 -3.6448e-05  1.0000e+00 -2.7838e-05 -3.4897e-05 -2.7838e-05 -3.9369e-05 -2.5773e-05 -2.9760e-05 -3.9369e-05 -2.5773e-05 -2.1043e-05 -3.1565e-05 -4.2087e-05 -3.9369e-05 -3.7937e-05 -3.1565e-05 -3.6448e-05 -3.7937e-05 -3.6448e-05 -3.1565e-05 -4.8218e-05 -3.7937e-05 -3.7937e-05 -3.4897e-05 -3.3273e-05 -3.4897e-05 -3.4897e-05 -2.9760e-05 -2.7838e-05 -3.3273e-05 -2.7838e-05 -3.4897e-05 -3.3273e-05 -3.3273e-05 -3.3273e-05 -3.9369e-05 -2.7838e-05 -3.1565e-05 -4.2087e-05 -3.1565e-05 -3.4897e-05 -3.1565e-05 -3.9369e-05
SIM10 -2.0749e-05 -2.2729e-05 -3.8260e-05 -3.2144e-05 -3.5939e-05 -2.6246e-05 -2.9344e-05 -3.2144e-05 -2.7838e-05  1.0000e+00 -3.0776e-05 -2.4550e-05 -3.4720e-05 -2.2729e-05 -2.6246e-05 -3.4720e-05 -2.2729e-05 -1.8558e-05 -2.7838e-05 -3.7117e-05 -3.4720e-05 -3.3457e-05 -2.7838e-05 -3.2144e-05 -3.3457e-05 -3.2144e-05 -2.7838e-05 -4.2524e-05 -3.3457e-05 -3.3457e-05 -3.0776e-05 -2.9344e-05 -3.0776e-05 -3.0776e-05 -2.6246e-05 -2.4550e-05 -2.9344e-05 -2.4550e-05 -3.0776e-05 -2.9344e-05 -2.9344e-05 -2.9344e-05 -3.4720e-05 -2.4550e-05 -2.7838e-05 -3.7117e-05 -2.7838e-05 -3.0776e-05 -2.7838e-05 -3.4720e-05
SIM11 -2.6010e-05 -2.8493e-05 -4.7962e-05 -4.0295e-05 -4.5052e-05 -3.2901e-05 -3.6784e-05 -4.0295e-05 -3.4897e-05 -3.0776e-05  1.0000e+00 -3.0776e-05 -4.3524e-05 -2.8493e-05  1.0657e-01 -4.3524e-05 -2.8493e-05 -2.3264e-05 -3.4897e-05 -4.6529e-05 -4.3524e-05 -4.1941e-05 -3.4897e-05 -4.0295e-05 -4.1941e-05 -4.0295e-05 -3.4897e-05 -5.3307e-05 -4.1941e-05 -4.1941e-05 -3.8580e-05 -3.6784e-05 -3.8580e-05 -3.8580e-05 -3.2901e-05 -3.0776e-05 -3.6784e-05 -3.0776e-05 -3.8580e-05 -3.6784e-05 -3.6784e-05 -3.6784e-05 -4.3524e-05 -3.0776e-05 -3.4897e-05 -4.6529e-05 -3.4897e-05 -3.8580e-05 -3.4897e-05 -4.3524e-05
SIM12 -2.0749e-05 -2.2729e-05 -3.8260e-05 -3.2144e-05 -3.5939e-05 -2.6246e-05 -2.9344e-05 -3.2144e-05 -2.7838e-05 -2.4550e-05 -3.0776e-05  1.0000e+00 -3.4720e-05 -2.2729e-05 -2.6246e-05 -3.4720e-05 -2.2729e-05 -1.8558e-05 -2.7838e-05 -3.7117e-05 -3.4720e-05 -3.3457e-05 -2.7838e-05 -3.2144e-05 -3.3457e-05 -3.2144e-05 -2.7838e-05 -4.2524e-05 -3.3457e-05 -3.3457e-05 -3.0776e-05 -2.9344e-05 -3.0776e-05 -3.0776e-05 -2.6246e-05 -2.4550e-05 -2.9344e-05 -2.4550e-05 -3.0776e-05 -2.9344e-05 -2.9344e-05 -2.9344e-05 -3.4720e-05 -2.4550e-05 -2.7838e-05 -3.7117e-05 -2.7838e-05 -3.0776e-05 -2.7838e-05 -3.4720e-05
SIM13 -2.9344e-05 -3.2144e-05 -5.4108e-05 -4.5460e-05 -5.0826e-05 -3.7117e-05 -4.1499e-05 -4.5460e-05 -3.9369e-05 -3.4720e-05 -4.3524e-05 -3.4720e-05  1.0000e+00 -3.2144e-05 -3.7117e-05 -4.9102e-05 -3.2144e-05 -2.6246e-05 -3.9369e-05 -5.2493e-05 -4.9102e-05 -4.7316e-05 -3.9369e-05 -4.5460e-05 -4.7316e-05 -4.5460e-05 -3.9369e-05 -6.0138e-05 -4.7316e-05 -4.7316e-05 -4.3524e-05 -4.1499e-05 -4.3524e-05 -4.3524e-05 -3.7117e-05 -3.4720e-05 -4.1499e-05 -3.4720e-05 -4.3524e-05 -4.1499e-05 -4.1499e-05 -4.1499e-05 -4.9102e-05 -3.4720e-05 -3.9369e-05 -5.2493e-05 -3.9369e-05 -4.3524e-05 -3.9369e-05 -4.9102e-05
SIM14 -1.9210e-05 -2.1043e-05 -3.5422e-05 -2.9760e-05 -3.3273e-05 -2.4299e-05 -2.7167e-05 -2.9760e-05 -2.5773e-05 -2.2729e-05 -2.8493e-05 -2.2729e-05 -3.2144e-05  1.0000e+00 -2.4299e-05 -3.2144e-05 -2.1043e-05 -1.7182e-05 -2.5773e-05 -3.4364e-05 -3.2144e-05 -3.0975e-05 -2.5773e-05 -2.9760e-05 -3.0975e-05 -2.9760e-05 -2.5773e-05 -3.9369e-05 -3.0975e-05 -3.0975e-05 -2.8493e-05 -2.7167e-05 -2.8493e-05 -2.8493e-05 -2.4299e-05 -2.2729e-05 -2.7167e-05 -2.2729e-05 -2.8493e-05 -2.7167e-05 -2.7167e-05 -2.7167e-05 -3.2144e-05 -2.2729e-05 -2.5773e-05 -3.4364e-05 -2.5773e-05 -2.8493e-05 -2.5773e-05 -3.2144e-05
SIM15 -2.2181e-05 -2.4299e-05 -4.0902e-05 -3.4364e-05 -3.8420e-05 -2.8058e-05 -3.1370e-05 -3.4364e-05 -2.9760e-05 -2.6246e-05  1.0657e-01 -2.6246e-05 -3.7117e-05 -2.4299e-05  1.0000e+00 -3.7117e-05 -2.4299e-05 -1.9840e-05 -2.9760e-05 -3.9680e-05 -3.7117e-05 -3.5767e-05 -2.9760e-05 -3.4364e-05 -3.5767e-05 -3.4364e-05 -2.9760e-05 -4.5460e-05  9.8026e-02 -3.5767e-05 -3.2901e-05 -3.1370e-05 -3.2901e-05 -3.2901e-05 -2.8058e-05 -2.6246e-05 -3.1370e-05 -2.6246e-05 -3.2901e-05 -3.1370e-05 -3.1370e-05 -3.1370e-05 -3.7117e-05 -2.6246e-05 -2.9760e-05 -3.9680e-05 -2.9760e-05 -3.2901e-05 -2.9760e-05 -3.7117e-05
