*********************************************************************
* LD Score Regression (LDSC)
* Version 1.0.1
* (C) 2014-2019 Brendan Bulik-Sullivan and Hilary Finucane
* Broad Institute of MIT and Harvard / MIT Department of Mathematics
* GNU General Public License v3
*********************************************************************
Call: 
./ldsc.py \
--out /data/sbcs/GuoLab/backup/liq17/CRC_TF_TWAS_zhishan2024/NC_revision_OceanCode/v2_NC_revision//84Tracks//ldscores_sim500//19 \
--bfile /data/sbcs/GuoLab/backup/liq17/ref/Alkesgroup/1000G_EUR_Phase3_plink_hg38/1000G.EUR.QC.19 \
--annot /data/sbcs/GuoLab/backup/liq17/CRC_TF_TWAS_zhishan2024/NC_revision_OceanCode/v2_NC_revision//84Tracks//annots_sim500//19.annot.txt \
--l2  \
--ld-wind-kb 100.0 

Beginning analysis at Mon Oct 27 00:13:00 2025
Read list of 231694 SNPs from /data/sbcs/GuoLab/backup/liq17/ref/Alkesgroup/1000G_EUR_Phase3_plink_hg38/1000G.EUR.QC.19.bim
Read 50 annotations for 231694 SNPs from /data/sbcs/GuoLab/backup/liq17/CRC_TF_TWAS_zhishan2024/NC_revision_OceanCode/v2_NC_revision//84Tracks//annots_sim500//19.annot.txt
Read list of 489 individuals from /data/sbcs/GuoLab/backup/liq17/ref/Alkesgroup/1000G_EUR_Phase3_plink_hg38/1000G.EUR.QC.19.fam
Reading genotypes from /data/sbcs/GuoLab/backup/liq17/ref/Alkesgroup/1000G_EUR_Phase3_plink_hg38/1000G.EUR.QC.19.bed
Estimating LD Score.
Writing LD Scores for 231694 SNPs to /data/sbcs/GuoLab/backup/liq17/CRC_TF_TWAS_zhishan2024/NC_revision_OceanCode/v2_NC_revision//84Tracks//ldscores_sim500//19.l2.ldscore.gz

Summary of LD Scores in /data/sbcs/GuoLab/backup/liq17/CRC_TF_TWAS_zhishan2024/NC_revision_OceanCode/v2_NC_revision//84Tracks//ldscores_sim500//19.l2.ldscore.gz
         MAF  SIM1L2  SIM2L2  SIM3L2  SIM4L2  SIM5L2  SIM6L2  SIM7L2  SIM8L2  SIM9L2  SIM10L2  SIM11L2  SIM12L2  SIM13L2  SIM14L2  SIM15L2  SIM16L2  SIM17L2  SIM18L2  SIM19L2  SIM20L2  SIM21L2  SIM22L2  SIM23L2  SIM24L2  SIM25L2  SIM26L2  SIM27L2  SIM28L2  SIM29L2  SIM30L2  SIM31L2  SIM32L2  SIM33L2  SIM34L2  SIM35L2  SIM36L2  SIM37L2  SIM38L2  SIM39L2  SIM40L2  SIM41L2  SIM42L2  SIM43L2  SIM44L2  SIM45L2  SIM46L2  SIM47L2  SIM48L2  SIM49L2  SIM50L2
mean  0.1471  0.0036  0.0056  0.0056  0.0057  0.0021  0.0037  0.0032  0.0044  0.0035   0.0056   0.0029   0.0045   0.0036   0.0030   0.0040   0.0029   0.0041   0.0030   0.0066   0.0023   0.0025   0.0028   0.0048   0.0019   0.0024   0.0023   0.0019   0.0016   0.0035   0.0039   0.0026   0.0012   0.0018   0.0034   0.0031   0.0059   0.0043   0.0023   0.0026   0.0042   0.0029   0.0048   0.0039   0.0031   0.0042   0.0039   0.0052   0.0021   0.0042   0.0055
std   0.1464  0.0452  0.0598  0.0566  0.0580  0.0295  0.0430  0.0419  0.0497  0.0416   0.0574   0.0404   0.0501   0.0466   0.0396   0.0457   0.0360   0.0455   0.0438   0.0620   0.0343   0.0420   0.0388   0.0500   0.0329   0.0324   0.0306   0.0320   0.0283   0.0441   0.0451   0.0375   0.0239   0.0326   0.0406   0.0417   0.0575   0.0505   0.0324   0.0355   0.0469   0.0386   0.0548   0.0445   0.0385   0.0469   0.0449   0.0522   0.0305   0.0506   0.0546
min   0.0051 -0.0041 -0.0041 -0.0040 -0.0041 -0.0021 -0.0036 -0.0041 -0.0040 -0.0039  -0.0041  -0.0038  -0.0041  -0.0021  -0.0041  -0.0021  -0.0039  -0.0053  -0.0041  -0.0041  -0.0038  -0.0038  -0.0041  -0.0021  -0.0021  -0.0040  -0.0041  -0.0021  -0.0021  -0.0021  -0.0021  -0.0041  -0.0051  -0.0021  -0.0041  -0.0040  -0.0040  -0.0021  -0.0041  -0.0040  -0.0041  -0.0041  -0.0039  -0.0021  -0.0035  -0.0041  -0.0021  -0.0041  -0.0021  -0.0021  -0.0056
25%   0.0194  0.0000  0.0000  0.0000  0.0000  0.0000  0.0000  0.0000  0.0000  0.0000   0.0000   0.0000   0.0000   0.0000   0.0000   0.0000   0.0000   0.0000   0.0000   0.0000   0.0000   0.0000   0.0000   0.0000   0.0000   0.0000   0.0000   0.0000   0.0000   0.0000   0.0000   0.0000   0.0000   0.0000   0.0000   0.0000   0.0000   0.0000   0.0000   0.0000   0.0000   0.0000   0.0000   0.0000   0.0000   0.0000   0.0000   0.0000   0.0000   0.0000   0.0000
50%   0.0910  0.0000  0.0000  0.0000  0.0000  0.0000  0.0000  0.0000  0.0000  0.0000   0.0000   0.0000   0.0000   0.0000   0.0000   0.0000   0.0000   0.0000   0.0000   0.0000   0.0000   0.0000   0.0000   0.0000   0.0000   0.0000   0.0000   0.0000   0.0000   0.0000   0.0000   0.0000   0.0000   0.0000   0.0000   0.0000   0.0000   0.0000   0.0000   0.0000   0.0000   0.0000   0.0000   0.0000   0.0000   0.0000   0.0000   0.0000   0.0000   0.0000   0.0000
75%   0.2505  0.0000  0.0000  0.0000  0.0000  0.0000  0.0000  0.0000  0.0000  0.0000   0.0000   0.0000   0.0000   0.0000   0.0000   0.0000   0.0000   0.0000   0.0000   0.0000   0.0000   0.0000   0.0000   0.0000   0.0000   0.0000   0.0000   0.0000   0.0000   0.0000   0.0000   0.0000   0.0000   0.0000   0.0000   0.0000   0.0000   0.0000   0.0000   0.0000   0.0000   0.0000   0.0000   0.0000   0.0000   0.0000   0.0000   0.0000   0.0000   0.0000   0.0000
max   0.5000  1.0000  1.0076  1.0204  1.0000  1.0000  1.0000  1.0000  1.0044  1.0000   1.1939   1.0000   1.0002   1.0000   1.0107   1.0000   1.0615   1.0316   1.8551   1.0000   1.0000   1.0000   1.0004   1.0000   1.0000   1.0932   1.0020   1.0000   1.0000   1.0000   1.0000   1.0014   1.0000   1.0000   1.0000   1.0025   1.0000   1.0000   1.0000   1.0000   1.0000   1.1774   1.0000   1.0000   1.0000   1.0061   1.0000   1.0545   1.0000   1.0000   1.1264

MAF/LD Score Correlation Matrix
            MAF  SIM1L2  SIM2L2  SIM3L2  SIM4L2  SIM5L2  SIM6L2  SIM7L2  SIM8L2  SIM9L2  SIM10L2  SIM11L2  SIM12L2  SIM13L2  SIM14L2  SIM15L2  SIM16L2  SIM17L2  SIM18L2  SIM19L2  SIM20L2     SIM21L2  SIM22L2  SIM23L2  SIM24L2  SIM25L2  SIM26L2  SIM27L2  SIM28L2  SIM29L2  SIM30L2  SIM31L2  SIM32L2  SIM33L2  SIM34L2  SIM35L2  SIM36L2  SIM37L2  SIM38L2  SIM39L2  SIM40L2  SIM41L2  SIM42L2  SIM43L2  SIM44L2  SIM45L2  SIM46L2  SIM47L2  SIM48L2     SIM49L2  SIM50L2
MAF      1.0000  0.0691  0.0202  0.0314  0.0361  0.0565  0.0182  0.0342  0.0231  0.0542   0.0339   0.0243   0.0068   0.0028   0.0294   0.0476   0.0329   0.0512   0.0332   0.0462   0.0255 -1.4945e-02   0.0305   0.0934   0.0211   0.0109   0.0440   0.0357   0.0354   0.0265   0.0528   0.0519   0.0072   0.0021   0.0163   0.0402   0.0722   0.0028   0.0414   0.0289   0.0853   0.0623   0.0412   0.0420   0.0475   0.0352   0.0473   0.0543   0.0105  3.8595e-02   0.0499
SIM1L2   0.0691  1.0000  0.1223 -0.0079  0.1332  0.1556 -0.0065  0.0156 -0.0070  0.0006   0.2182  -0.0027  -0.0071  -0.0062  -0.0061  -0.0070   0.0061  -0.0071   0.0270  -0.0085  -0.0049 -4.6730e-03  -0.0056   0.0890  -0.0039  -0.0005   0.0097  -0.0001  -0.0017  -0.0053  -0.0061  -0.0055   0.0016  -0.0046  -0.0063  -0.0058  -0.0080   0.0453   0.0361   0.2161  -0.0062  -0.0060  -0.0062  -0.0069  -0.0063  -0.0071   0.0349  -0.0061  -0.0020 -3.0334e-03  -0.0080
SIM2L2   0.0202  0.1223  1.0000 -0.0051  0.0226  0.0143  0.0060 -0.0042 -0.0082 -0.0070   0.0578  -0.0067  -0.0090  -0.0026  -0.0053  -0.0082  -0.0047  -0.0082  -0.0063   0.0163   0.0196 -3.9232e-03  -0.0060   0.0762  -0.0055  -0.0070   0.0081  -0.0054  -0.0038  -0.0071   0.0031   0.0005  -0.0006  -0.0029  -0.0065  -0.0069  -0.0060  -0.0080  -0.0062  -0.0056   0.0267  -0.0025  -0.0082  -0.0082  -0.0074  -0.0084   0.0434   0.0382  -0.0057 -6.8947e-03   0.0077
SIM3L2   0.0314 -0.0079 -0.0051  1.0000 -0.0041 -0.0071 -0.0086 -0.0073 -0.0087 -0.0083   0.0416  -0.0056  -0.0090  -0.0070  -0.0037   0.0108   0.0086  -0.0090  -0.0067   0.0049  -0.0054 -3.1619e-03  -0.0072  -0.0086  -0.0058  -0.0063   0.0380   0.0009  -0.0053  -0.0062  -0.0078  -0.0069  -0.0032  -0.0012  -0.0053  -0.0063   0.0043  -0.0075  -0.0054  -0.0072  -0.0056   0.0132   0.0343   0.0059  -0.0049   0.0156  -0.0002   0.2381   0.0006 -8.1420e-03   0.0317
SIM4L2   0.0361  0.1332  0.0226 -0.0041  1.0000  0.1114  0.0322 -0.0075 -0.0085  0.0040   0.1316   0.0080  -0.0086  -0.0077   0.0532  -0.0088  -0.0084  -0.0087   0.0111  -0.0043  -0.0061 -5.7876e-03   0.0123   0.0002  -0.0057  -0.0014  -0.0023  -0.0049  -0.0055   0.1560  -0.0070   0.0013  -0.0048  -0.0056   0.0385   0.0018   0.0334  -0.0084  -0.0049  -0.0073   0.0548  -0.0073   0.0032  -0.0052  -0.0045   0.0310   0.0346   0.0163   0.0440 -7.3465e-03  -0.0057
SIM5L2   0.0565  0.1556  0.0143 -0.0071  0.1114  1.0000  0.0570  0.0496 -0.0061 -0.0020   0.0686  -0.0011  -0.0064  -0.0021   0.0169  -0.0064  -0.0060  -0.0029   0.0115  -0.0041  -0.0047  3.9107e-02  -0.0030   0.0177  -0.0028   0.0002  -0.0046  -0.0042  -0.0040  -0.0057  -0.0062  -0.0009  -0.0035  -0.0040  -0.0028   0.0106  -0.0072  -0.0043  -0.0004  -0.0017   0.0447  -0.0026  -0.0033  -0.0062  -0.0057  -0.0064  -0.0050   0.0216  -0.0036 -5.9331e-03  -0.0041
SIM6L2   0.0182 -0.0065  0.0060 -0.0086  0.0322  0.0570  1.0000 -0.0066  0.0311  0.0130  -0.0072   0.0063   0.0076   0.0048  -0.0050  -0.0076  -0.0061   0.0644  -0.0058   0.0206  -0.0057 -4.6382e-03  -0.0038   0.0219  -0.0033   0.0013  -0.0065  -0.0050   0.0116   0.0813   0.0014  -0.0058  -0.0041  -0.0046  -0.0069   0.1163  -0.0088  -0.0071  -0.0059  -0.0052   0.0115  -0.0060   0.0097  -0.0075   0.0157  -0.0071  -0.0075   0.0108  -0.0056 -4.8083e-03   0.0150
SIM7L2   0.0342  0.0156 -0.0042 -0.0073 -0.0075  0.0496 -0.0066  1.0000  0.0049 -0.0062   0.0989  -0.0054  -0.0068  -0.0050  -0.0035  -0.0066  -0.0039  -0.0069  -0.0051  -0.0007  -0.0050 -4.3418e-03  -0.0055  -0.0008  -0.0044  -0.0039   0.0387   0.0657  -0.0043   0.0133   0.0283  -0.0054   0.0160  -0.0043  -0.0010  -0.0056   0.0040  -0.0065   0.0092  -0.0051  -0.0045  -0.0003   0.1583  -0.0055  -0.0058  -0.0069  -0.0061   0.0478  -0.0052 -6.4335e-03  -0.0076
SIM8L2   0.0231 -0.0070 -0.0082 -0.0087 -0.0085 -0.0061  0.0311  0.0049  1.0000  0.0003  -0.0065  -0.0055  -0.0033  -0.0066   0.1556   0.1626   0.0246  -0.0025  -0.0038  -0.0003  -0.0055 -4.3092e-03   0.0118   0.0627   0.0063  -0.0065  -0.0062  -0.0051  -0.0049   0.0182  -0.0072  -0.0062  -0.0043   0.0078  -0.0041  -0.0032  -0.0025   0.0075  -0.0061   0.0041   0.0172  -0.0065   0.0011   0.0008  -0.0069  -0.0079  -0.0076   0.1686  -0.0060 -1.3948e-03   0.0193
SIM9L2   0.0542  0.0006 -0.0070 -0.0083  0.0040 -0.0020  0.0130 -0.0062  0.0003  1.0000   0.0023  -0.0056  -0.0026  -0.0062   0.0151  -0.0073   0.0159   0.0087  -0.0041   0.0549  -0.0033  3.6234e-01   0.0303  -0.0060   0.0062  -0.0061  -0.0064   0.0006  -0.0016   0.0153   0.0364   0.1092  -0.0022  -0.0047  -0.0060   0.0025   0.0167  -0.0072  -0.0060  -0.0057  -0.0049   0.0456   0.0398  -0.0073   0.0378  -0.0070  -0.0053  -0.0048  -0.0064 -2.9760e-03   0.0784
SIM10L2  0.0339  0.2182  0.0578  0.0416  0.1316  0.0686 -0.0072  0.0989 -0.0065  0.0023   1.0000  -0.0043  -0.0081  -0.0050  -0.0041  -0.0086  -0.0082  -0.0088   0.0130  -0.0102  -0.0062  2.1572e-01  -0.0005   0.0566  -0.0031   0.0564  -0.0074  -0.0046  -0.0055  -0.0034  -0.0007  -0.0068   0.0066  -0.0055  -0.0010  -0.0067  -0.0043  -0.0060  -0.0060  -0.0056  -0.0083  -0.0073  -0.0077  -0.0082  -0.0063  -0.0087   0.0008  -0.0070  -0.0035 -7.5351e-03   0.0181
SIM11L2  0.0243 -0.0027 -0.0067 -0.0056  0.0080 -0.0011  0.0063 -0.0054 -0.0055 -0.0056  -0.0043   1.0000   0.0140   0.2394  -0.0012  -0.0029  -0.0024  -0.0041  -0.0048  -0.0077  -0.0036  1.7112e-02   0.0006  -0.0067  -0.0041   0.0055  -0.0055   0.0153  -0.0040   0.0016  -0.0063   0.0240  -0.0034  -0.0022  -0.0056   0.0033  -0.0058  -0.0061  -0.0045   0.0965  -0.0064   0.0006   0.2990  -0.0060   0.0268  -0.0062  -0.0006  -0.0047  -0.0015 -4.5115e-03   0.0012
SIM12L2  0.0068 -0.0071 -0.0090 -0.0090 -0.0086 -0.0064  0.0076 -0.0068 -0.0033 -0.0026  -0.0081   0.0140   1.0000   0.1217   0.0042   0.0023   0.0138   0.0110   0.0013   0.1376  -0.0058 -5.8548e-03  -0.0037  -0.0045  -0.0052  -0.0049  -0.0068   0.0095  -0.0051   0.0125   0.0409  -0.0026  -0.0037  -0.0046  -0.0049  -0.0066  -0.0092  -0.0077   0.0374  -0.0066   0.0207  -0.0034  -0.0058   0.0227   0.0348  -0.0071  -0.0056   0.0270  -0.0053  5.4847e-02   0.0431
SIM13L2  0.0028 -0.0062 -0.0026 -0.0070 -0.0077 -0.0021  0.0048 -0.0050 -0.0066 -0.0062  -0.0050   0.2394   0.1217   1.0000  -0.0049  -0.0041   0.0180  -0.0069  -0.0053  -0.0081   0.0150 -4.5748e-03  -0.0045  -0.0071  -0.0043   0.0044  -0.0055  -0.0045  -0.0033   0.0050  -0.0068  -0.0041   0.0309  -0.0040  -0.0061   0.0028  -0.0071  -0.0060  -0.0055  -0.0038  -0.0069  -0.0059   0.1650  -0.0068   0.0103  -0.0069  -0.0033  -0.0070  -0.0052 -4.2070e-03  -0.0063
SIM14L2  0.0294 -0.0061 -0.0053 -0.0037  0.0532  0.0169 -0.0050 -0.0035  0.1556  0.0151  -0.0041  -0.0012   0.0042  -0.0049   1.0000   0.1845   0.0106  -0.0063  -0.0052  -0.0062  -0.0052 -4.5218e-03  -0.0048   0.0187  -0.0045   0.1380   0.0146  -0.0045  -0.0042   0.0075  -0.0067   0.0208  -0.0037   0.1014   0.0498  -0.0041   0.0004  -0.0066  -0.0020  -0.0051   0.0250  -0.0059  -0.0004  -0.0020  -0.0042  -0.0057   0.0611  -0.0073  -0.0050  1.2777e-02  -0.0064
SIM15L2  0.0476 -0.0070 -0.0082  0.0108 -0.0088 -0.0064 -0.0076 -0.0066  0.1626 -0.0073  -0.0086  -0.0029   0.0023  -0.0041   0.1845   1.0000   0.0245  -0.0056   0.0061   0.1267   0.0773 -5.0112e-03  -0.0063   0.0202  -0.0044  -0.0063  -0.0064  -0.0025  -0.0049  -0.0069  -0.0076  -0.0062  -0.0026   0.0838  -0.0072  -0.0038  -0.0087  -0.0070  -0.0061  -0.0061   0.0026  -0.0064  -0.0064  -0.0049  -0.0069   0.1769  -0.0041  -0.0087  -0.0033  4.8631e-02   0.0022
SIM16L2  0.0329  0.0061 -0.0047  0.0086 -0.0084 -0.0060 -0.0061 -0.0039  0.0246  0.0159  -0.0082  -0.0024   0.0138   0.0180   0.0106   0.0245   1.0000  -0.0074  -0.0049   0.0142  -0.0034 -4.1749e-03  -0.0059  -0.0068  -0.0047  -0.0060  -0.0060   0.0001  -0.0046  -0.0042  -0.0060   0.0096  -0.0040  -0.0036  -0.0065  -0.0060  -0.0079   0.0042  -0.0057  -0.0054  -0.0072   0.1346  -0.0070  -0.0067  -0.0004   0.0282   0.0409   0.0199   0.0014 -6.7856e-03   0.0092
SIM17L2  0.0512 -0.0071 -0.0082 -0.0090 -0.0087 -0.0029  0.0644 -0.0069 -0.0025  0.0087  -0.0088  -0.0041   0.0110  -0.0069  -0.0063  -0.0056  -0.0074   1.0000   0.1979  -0.0091  -0.0032  2.3304e-03   0.0510  -0.0046   0.0069  -0.0020  -0.0069  -0.0027   0.0064   0.1881   0.0009   0.0399  -0.0044  -0.0025  -0.0075  -0.0065  -0.0092  -0.0002  -0.0051  -0.0048   0.0521   0.0797   0.0619   0.0025  -0.0066   0.0747  -0.0072   0.0002  -0.0061 -7.1634e-03   0.0820
SIM18L2  0.0332  0.0270 -0.0063 -0.0067  0.0111  0.0115 -0.0058 -0.0051 -0.0038 -0.0041   0.0130  -0.0048   0.0013  -0.0053  -0.0052   0.0061  -0.0049   0.1979   1.0000  -0.0066  -0.0045 -3.8784e-03  -0.0048  -0.0061  -0.0023  -0.0025  -0.0051   0.0046  -0.0032   0.1979  -0.0058  -0.0048  -0.0033  -0.0010  -0.0059  -0.0049  -0.0066  -0.0054  -0.0048  -0.0049   0.0829  -0.0044   0.0667   0.0058  -0.0054   0.0794  -0.0055  -0.0062   0.0101 -5.5959e-03  -0.0068
SIM19L2  0.0462 -0.0085  0.0163  0.0049 -0.0043 -0.0041  0.0206 -0.0007 -0.0003  0.0549  -0.0102  -0.0077   0.1376  -0.0081  -0.0062   0.1267   0.0142  -0.0091  -0.0066   1.0000  -0.0072 -6.3205e-03  -0.0077  -0.0078  -0.0063   0.0384  -0.0019  -0.0043  -0.0061   0.0313   0.0339  -0.0074  -0.0052  -0.0039  -0.0069  -0.0076   0.0037  -0.0085  -0.0077  -0.0072  -0.0031  -0.0081  -0.0065   0.0514  -0.0022   0.1305   0.0357  -0.0086   0.0019  2.8964e-01   0.0598
SIM20L2  0.0255 -0.0049  0.0196 -0.0054 -0.0061 -0.0047 -0.0057 -0.0050 -0.0055 -0.0033  -0.0062  -0.0036  -0.0058   0.0150  -0.0052   0.0773  -0.0034  -0.0032  -0.0045  -0.0072   1.0000 -3.8944e-03  -0.0044  -0.0047  -0.0040  -0.0049  -0.0046   0.0289  -0.0031  -0.0049  -0.0052   0.0120   0.0089  -0.0038  -0.0061  -0.0047  -0.0069  -0.0057  -0.0047   0.0329  -0.0059  -0.0017  -0.0057  -0.0054   0.0217   0.0059  -0.0038  -0.0066  -0.0045 -2.4442e-03  -0.0056
SIM21L2 -0.0149 -0.0047 -0.0039 -0.0032 -0.0058  0.0391 -0.0046 -0.0043 -0.0043  0.3623   0.2157   0.0171  -0.0059  -0.0046  -0.0045  -0.0050  -0.0042   0.0023  -0.0039  -0.0063  -0.0039  1.0000e+00  -0.0042  -0.0056  -0.0034  -0.0043  -0.0044  -0.0034  -0.0030  -0.0047  -0.0051  -0.0041  -0.0030  -0.0033   0.0114  -0.0039   0.0003  -0.0050  -0.0042  -0.0046  -0.0051  -0.0045  -0.0030  -0.0051  -0.0039  -0.0053   0.0035  -0.0039  -0.0049  6.2190e-05  -0.0060
SIM22L2  0.0305 -0.0056 -0.0060 -0.0072  0.0123 -0.0030 -0.0038 -0.0055  0.0118  0.0303  -0.0005   0.0006  -0.0037  -0.0045  -0.0048  -0.0063  -0.0059   0.0510  -0.0048  -0.0077  -0.0044 -4.1857e-03   1.0000  -0.0022  -0.0042  -0.0053  -0.0053   0.0053   0.0008   0.0120  -0.0054   0.0288  -0.0035  -0.0041  -0.0059  -0.0043   0.1036  -0.0042   0.0130  -0.0053  -0.0065   0.1120  -0.0059  -0.0063   0.1050   0.0003  -0.0061   0.0423   0.0063 -6.0501e-03   0.0768
SIM23L2  0.0934  0.0890  0.0762 -0.0086  0.0002  0.0177  0.0219 -0.0008  0.0627 -0.0060   0.0566  -0.0067  -0.0045  -0.0071   0.0187   0.0202  -0.0068  -0.0046  -0.0061  -0.0078  -0.0047 -5.6308e-03  -0.0022   1.0000  -0.0005  -0.0059  -0.0062  -0.0055   0.0017  -0.0077   0.0133   0.0363   0.0078  -0.0054  -0.0078  -0.0069  -0.0097   0.0152  -0.0063  -0.0060   0.0124  -0.0065  -0.0082  -0.0052   0.0051  -0.0085  -0.0081   0.0807  -0.0064 -5.6834e-03  -0.0054
SIM24L2  0.0211 -0.0039 -0.0055 -0.0058 -0.0057 -0.0028 -0.0033 -0.0044  0.0063  0.0062  -0.0031  -0.0041  -0.0052  -0.0043  -0.0045  -0.0044  -0.0047   0.0069  -0.0023  -0.0063  -0.0040 -3.4344e-03  -0.0042  -0.0005   1.0000  -0.0009  -0.0044  -0.0025   0.0018   0.0096  -0.0033  -0.0030   0.0002  -0.0033  -0.0050  -0.0035   0.0558  -0.0050  -0.0039   0.0086  -0.0040  -0.0037  -0.0051  -0.0049  -0.0038  -0.0053  -0.0030   0.0205  -0.0040 -4.8190e-03  -0.0054
SIM25L2  0.0109 -0.0005 -0.0070 -0.0063 -0.0014  0.0002  0.0013 -0.0039 -0.0065 -0.0061   0.0564   0.0055  -0.0049   0.0044   0.1380  -0.0063  -0.0060  -0.0020  -0.0025   0.0384  -0.0049 -4.3432e-03  -0.0053  -0.0059  -0.0009   1.0000  -0.0060   0.0187  -0.0037  -0.0060  -0.0035  -0.0052  -0.0037   0.0162   0.0636  -0.0024  -0.0076  -0.0062   0.0599  -0.0052  -0.0066  -0.0057   0.0054  -0.0065   0.0108  -0.0014   0.0609   0.0076  -0.0047 -6.1525e-03  -0.0075
SIM26L2  0.0440  0.0097  0.0081  0.0380 -0.0023 -0.0046 -0.0065  0.0387 -0.0062 -0.0064  -0.0074  -0.0055  -0.0068  -0.0055   0.0146  -0.0064  -0.0060  -0.0069  -0.0051  -0.0019  -0.0046 -4.4482e-03  -0.0053  -0.0062  -0.0044  -0.0060   1.0000  -0.0040  -0.0011   0.0324   0.0097  -0.0053  -0.0034  -0.0039   0.0748  -0.0020   0.0221   0.0037  -0.0032  -0.0051   0.0115  -0.0057  -0.0051   0.0061  -0.0028  -0.0056   0.0101   0.0044  -0.0043 -5.9972e-03   0.1472
SIM27L2  0.0357 -0.0001 -0.0054  0.0009 -0.0049 -0.0042 -0.0050  0.0657 -0.0051  0.0006  -0.0046   0.0153   0.0095  -0.0045  -0.0045  -0.0025   0.0001  -0.0027   0.0046  -0.0043   0.0289 -3.4032e-03   0.0053  -0.0055  -0.0025   0.0187  -0.0040   1.0000  -0.0033  -0.0017  -0.0010   0.0565   0.1267   0.2029  -0.0031  -0.0042   0.0005  -0.0049  -0.0042  -0.0042  -0.0052  -0.0044  -0.0044  -0.0049   0.2455   0.0259  -0.0023  -0.0058  -0.0040 -4.8313e-03   0.0062
SIM28L2  0.0354 -0.0017 -0.0038 -0.0053 -0.0055 -0.0040  0.0116 -0.0043 -0.0049 -0.0016  -0.0055  -0.0040  -0.0051  -0.0033  -0.0042  -0.0049  -0.0046   0.0064  -0.0032  -0.0061  -0.0031 -3.0153e-03   0.0008   0.0017   0.0018  -0.0037  -0.0011  -0.0033   1.0000  -0.0045  -0.0033  -0.0038   0.0008  -0.0032  -0.0049  -0.0041  -0.0057  -0.0047  -0.0044  -0.0041  -0.0050  -0.0007  -0.0049  -0.0049  -0.0044  -0.0036  -0.0047  -0.0054  -0.0038 -6.0533e-04  -0.0057
SIM29L2  0.0265 -0.0053 -0.0071 -0.0062  0.1560 -0.0057  0.0813  0.0133  0.0182  0.0153  -0.0034   0.0016   0.0125   0.0050   0.0075  -0.0069  -0.0042   0.1881   0.1979   0.0313  -0.0049 -4.6903e-03   0.0120  -0.0077   0.0096  -0.0060   0.0324  -0.0017  -0.0045   1.0000  -0.0070  -0.0042   0.0105  -0.0013   0.0230   0.0060   0.0725  -0.0068  -0.0016  -0.0057   0.0066  -0.0060   0.0735   0.0101   0.0183   0.1259  -0.0047   0.0117   0.0581 -4.0576e-03   0.0165
SIM30L2  0.0528 -0.0061  0.0031 -0.0078 -0.0070 -0.0062  0.0014  0.0283 -0.0072  0.0364  -0.0007  -0.0063   0.0409  -0.0068  -0.0067  -0.0076  -0.0060   0.0009  -0.0058   0.0339  -0.0052 -5.1276e-03  -0.0054   0.0133  -0.0033  -0.0035   0.0097  -0.0010  -0.0033  -0.0070   1.0000   0.0027  -0.0043  -0.0049   0.0104  -0.0058  -0.0062  -0.0075  -0.0049  -0.0063  -0.0078  -0.0061  -0.0073  -0.0018   0.0688  -0.0076  -0.0073  -0.0077  -0.0052 -6.6890e-03  -0.0085
SIM31L2  0.0519 -0.0055  0.0005 -0.0069  0.0013 -0.0009 -0.0058 -0.0054 -0.0062  0.1092  -0.0068   0.0240  -0.0026  -0.0041   0.0208  -0.0062   0.0096   0.0399  -0.0048  -0.0074   0.0120 -4.1394e-03   0.0288   0.0363  -0.0030  -0.0052  -0.0053   0.0565  -0.0038  -0.0042   0.0027   1.0000   0.0023  -0.0040  -0.0059  -0.0033   0.0168   0.0052  -0.0049  -0.0027  -0.0063  -0.0045  -0.0062  -0.0061   0.0021  -0.0058  -0.0007  -0.0030  -0.0047 -5.8709e-03   0.0516
SIM32L2  0.0072  0.0016 -0.0006 -0.0032 -0.0048 -0.0035 -0.0041  0.0160 -0.0043 -0.0022   0.0066  -0.0034  -0.0037   0.0309  -0.0037  -0.0026  -0.0040  -0.0044  -0.0033  -0.0052   0.0089 -3.0058e-03  -0.0035   0.0078   0.0002  -0.0037  -0.0034   0.1267   0.0008   0.0105  -0.0043   0.0023   1.0000  -0.0026  -0.0014  -0.0036  -0.0018  -0.0042   0.0201  -0.0036   0.0020  -0.0037  -0.0031  -0.0043  -0.0035   0.0607  -0.0005  -0.0049   0.0004 -4.0310e-03   0.0052
SIM33L2  0.0021 -0.0046 -0.0029 -0.0012 -0.0056 -0.0040 -0.0046 -0.0043  0.0078 -0.0047  -0.0055  -0.0022  -0.0046  -0.0040   0.1014   0.0838  -0.0036  -0.0025  -0.0010  -0.0039  -0.0038 -3.3153e-03  -0.0041  -0.0054  -0.0033   0.0162  -0.0039   0.2029  -0.0032  -0.0013  -0.0049  -0.0040  -0.0026   1.0000  -0.0050  -0.0041  -0.0058  -0.0044   0.0064  -0.0042  -0.0050  -0.0045  -0.0030  -0.0049  -0.0045  -0.0036   0.0636  -0.0056  -0.0034 -4.1192e-03   0.0035
SIM34L2  0.0163 -0.0063 -0.0065 -0.0053  0.0385 -0.0028 -0.0069 -0.0010 -0.0041 -0.0060  -0.0010  -0.0056  -0.0049  -0.0061   0.0498  -0.0072  -0.0065  -0.0075  -0.0059  -0.0069  -0.0061  1.1417e-02  -0.0059  -0.0078  -0.0050   0.0636   0.0748  -0.0031  -0.0049   0.0230   0.0104  -0.0059  -0.0014  -0.0050   1.0000  -0.0061   0.1840  -0.0067   0.1163  -0.0060   0.0046  -0.0058  -0.0010   0.0072  -0.0066  -0.0075   0.1221  -0.0053  -0.0057 -6.2881e-03  -0.0024
SIM35L2  0.0402 -0.0058 -0.0069 -0.0063  0.0018  0.0106  0.1163 -0.0056 -0.0032  0.0025  -0.0067   0.0033  -0.0066   0.0028  -0.0041  -0.0038  -0.0060  -0.0065  -0.0049  -0.0076  -0.0047 -3.9027e-03  -0.0043  -0.0069  -0.0035  -0.0024  -0.0020  -0.0042  -0.0041   0.0060  -0.0058  -0.0033  -0.0036  -0.0041  -0.0061   1.0000  -0.0072  -0.0062  -0.0052  -0.0054   0.0061   0.0035   0.0009   0.2864  -0.0058   0.0072  -0.0064  -0.0054  -0.0023  3.9706e-03  -0.0075
SIM36L2  0.0722 -0.0080 -0.0060  0.0043  0.0334 -0.0072 -0.0088  0.0040 -0.0025  0.0167  -0.0043  -0.0058  -0.0092  -0.0071   0.0004  -0.0087  -0.0079  -0.0092  -0.0066   0.0037  -0.0069  2.8280e-04   0.1036  -0.0097   0.0558  -0.0076   0.0221   0.0005  -0.0057   0.0725  -0.0062   0.0168  -0.0018  -0.0058   0.1840  -0.0072   1.0000  -0.0087  -0.0050  -0.0074   0.0036   0.0023  -0.0089   0.0692  -0.0026  -0.0089   0.0794  -0.0099  -0.0070 -8.5341e-03  -0.0046
SIM37L2  0.0028  0.0453 -0.0080 -0.0075 -0.0084 -0.0043 -0.0071 -0.0065  0.0075 -0.0072  -0.0060  -0.0061  -0.0077  -0.0060  -0.0066  -0.0070   0.0042  -0.0002  -0.0054  -0.0085  -0.0057 -5.0168e-03  -0.0042   0.0152  -0.0050  -0.0062   0.0037  -0.0049  -0.0047  -0.0068  -0.0075   0.0052  -0.0042  -0.0044  -0.0067  -0.0062  -0.0087   1.0000  -0.0053  -0.0060  -0.0076  -0.0067  -0.0068  -0.0072  -0.0028  -0.0073  -0.0021  -0.0085  -0.0054 -6.7965e-03  -0.0087
SIM38L2  0.0414  0.0361 -0.0062 -0.0054 -0.0049 -0.0004 -0.0059  0.0092 -0.0061 -0.0060  -0.0060  -0.0045   0.0374  -0.0055  -0.0020  -0.0061  -0.0057  -0.0051  -0.0048  -0.0077  -0.0047 -4.2458e-03   0.0130  -0.0063  -0.0039   0.0599  -0.0032  -0.0042  -0.0044  -0.0016  -0.0049  -0.0049   0.0201   0.0064   0.1163  -0.0052  -0.0050  -0.0053   1.0000  -0.0051   0.0602   0.0014  -0.0061   0.0047  -0.0056  -0.0060   0.0029   0.0414  -0.0049 -5.8589e-03  -0.0014
SIM39L2  0.0289  0.2161 -0.0056 -0.0072 -0.0073 -0.0017 -0.0052 -0.0051  0.0041 -0.0057  -0.0056   0.0965  -0.0066  -0.0038  -0.0051  -0.0061  -0.0054  -0.0048  -0.0049  -0.0072   0.0329 -4.5861e-03  -0.0053  -0.0060   0.0086  -0.0052  -0.0051  -0.0042  -0.0041  -0.0057  -0.0063  -0.0027  -0.0036  -0.0042  -0.0060  -0.0054  -0.0074  -0.0060  -0.0051   1.0000  -0.0054  -0.0056  -0.0056  -0.0063  -0.0058  -0.0068  -0.0062  -0.0068  -0.0046 -5.3006e-03  -0.0071
SIM40L2  0.0853 -0.0062  0.0267 -0.0056  0.0548  0.0447  0.0115 -0.0045  0.0172 -0.0049  -0.0083  -0.0064   0.0207  -0.0069   0.0250   0.0026  -0.0072   0.0521   0.0829  -0.0031  -0.0059 -5.0752e-03  -0.0065   0.0124  -0.0040  -0.0066   0.0115  -0.0052  -0.0050   0.0066  -0.0078  -0.0063   0.0020  -0.0050   0.0046   0.0061   0.0036  -0.0076   0.0602  -0.0054   1.0000  -0.0055  -0.0078  -0.0053  -0.0071  -0.0074   0.0030   0.0349  -0.0060 -7.4749e-03  -0.0089
SIM41L2  0.0623 -0.0060 -0.0025  0.0132 -0.0073 -0.0026 -0.0060 -0.0003 -0.0065  0.0456  -0.0073   0.0006  -0.0034  -0.0059  -0.0059  -0.0064   0.1346   0.0797  -0.0044  -0.0081  -0.0017 -4.4593e-03   0.1120  -0.0065  -0.0037  -0.0057  -0.0057  -0.0044  -0.0007  -0.0060  -0.0061  -0.0045  -0.0037  -0.0045  -0.0058   0.0035   0.0023  -0.0067   0.0014  -0.0056  -0.0055   1.0000  -0.0010  -0.0065  -0.0060  -0.0068  -0.0062   0.0276  -0.0050 -3.3581e-03   0.1994
SIM42L2  0.0412 -0.0062 -0.0082  0.0343  0.0032 -0.0033  0.0097  0.1583  0.0011  0.0398  -0.0077   0.2990  -0.0058   0.1650  -0.0004  -0.0064  -0.0070   0.0619   0.0667  -0.0065  -0.0057 -3.0268e-03  -0.0059  -0.0082  -0.0051   0.0054  -0.0051  -0.0044  -0.0049   0.0735  -0.0073  -0.0062  -0.0031  -0.0030  -0.0010   0.0009  -0.0089  -0.0068  -0.0061  -0.0056  -0.0078  -0.0010   1.0000  -0.0029  -0.0029   0.0172  -0.0056   0.0284  -0.0059 -4.2377e-03  -0.0023
SIM43L2  0.0420 -0.0069 -0.0082  0.0059 -0.0052 -0.0062 -0.0075 -0.0055  0.0008 -0.0073  -0.0082  -0.0060   0.0227  -0.0068  -0.0020  -0.0049  -0.0067   0.0025   0.0058   0.0514  -0.0054 -5.1129e-03  -0.0063  -0.0052  -0.0049  -0.0065   0.0061  -0.0049  -0.0049   0.0101  -0.0018  -0.0061  -0.0043  -0.0049   0.0072   0.2864   0.0692  -0.0072   0.0047  -0.0063  -0.0053  -0.0065  -0.0029   1.0000  -0.0018  -0.0036  -0.0063  -0.0081   0.0059  8.2608e-02  -0.0017
SIM44L2  0.0475 -0.0063 -0.0074 -0.0049 -0.0045 -0.0057  0.0157 -0.0058 -0.0069  0.0378  -0.0063   0.0268   0.0348   0.0103  -0.0042  -0.0069  -0.0004  -0.0066  -0.0054  -0.0022   0.0217 -3.9253e-03   0.1050   0.0051  -0.0038   0.0108  -0.0028   0.2455  -0.0044   0.0183   0.0688   0.0021  -0.0035  -0.0045  -0.0066  -0.0058  -0.0026  -0.0028  -0.0056  -0.0058  -0.0071  -0.0060  -0.0029  -0.0018   1.0000   0.0102  -0.0057  -0.0064  -0.0051 -5.0252e-03  -0.0079
SIM45L2  0.0352 -0.0071 -0.0084  0.0156  0.0310 -0.0064 -0.0071 -0.0069 -0.0079 -0.0070  -0.0087  -0.0062  -0.0071  -0.0069  -0.0057   0.1769   0.0282   0.0747   0.0794   0.1305   0.0059 -5.2919e-03   0.0003  -0.0085  -0.0053  -0.0014  -0.0056   0.0259  -0.0036   0.1259  -0.0076  -0.0058   0.0607  -0.0036  -0.0075   0.0072  -0.0089  -0.0073  -0.0060  -0.0068  -0.0074  -0.0068   0.0172  -0.0036   0.0102   1.0000  -0.0016  -0.0023   0.0141 -7.5127e-03  -0.0084
SIM46L2  0.0473  0.0349  0.0434 -0.0002  0.0346 -0.0050 -0.0075 -0.0061 -0.0076 -0.0053   0.0008  -0.0006  -0.0056  -0.0033   0.0611  -0.0041   0.0409  -0.0072  -0.0055   0.0357  -0.0038  3.5399e-03  -0.0061  -0.0081  -0.0030   0.0609   0.0101  -0.0023  -0.0047  -0.0047  -0.0073  -0.0007  -0.0005   0.0636   0.1221  -0.0064   0.0794  -0.0021   0.0029  -0.0062   0.0030  -0.0062  -0.0056  -0.0063  -0.0057  -0.0016   1.0000   0.0189  -0.0038  5.2361e-03   0.1020
SIM47L2  0.0543 -0.0061  0.0382  0.2381  0.0163  0.0216  0.0108  0.0478  0.1686 -0.0048  -0.0070  -0.0047   0.0270  -0.0070  -0.0073  -0.0087   0.0199   0.0002  -0.0062  -0.0086  -0.0066 -3.9354e-03   0.0423   0.0807   0.0205   0.0076   0.0044  -0.0058  -0.0054   0.0117  -0.0077  -0.0030  -0.0049  -0.0056  -0.0053  -0.0054  -0.0099  -0.0085   0.0414  -0.0068   0.0349   0.0276   0.0284  -0.0081  -0.0064  -0.0023   0.0189   1.0000   0.0023 -8.1628e-03   0.0252
SIM48L2  0.0105 -0.0020 -0.0057  0.0006  0.0440 -0.0036 -0.0056 -0.0052 -0.0060 -0.0064  -0.0035  -0.0015  -0.0053  -0.0052  -0.0050  -0.0033   0.0014  -0.0061   0.0101   0.0019  -0.0045 -4.9484e-03   0.0063  -0.0064  -0.0040  -0.0047  -0.0043  -0.0040  -0.0038   0.0581  -0.0052  -0.0047   0.0004  -0.0034  -0.0057  -0.0023  -0.0070  -0.0054  -0.0049  -0.0046  -0.0060  -0.0050  -0.0059   0.0059  -0.0051   0.0141  -0.0038   0.0023   1.0000  3.6623e-03  -0.0042
SIM49L2  0.0386 -0.0030 -0.0069 -0.0081 -0.0073 -0.0059 -0.0048 -0.0064 -0.0014 -0.0030  -0.0075  -0.0045   0.0548  -0.0042   0.0128   0.0486  -0.0068  -0.0072  -0.0056   0.2896  -0.0024  6.2190e-05  -0.0061  -0.0057  -0.0048  -0.0062  -0.0060  -0.0048  -0.0006  -0.0041  -0.0067  -0.0059  -0.0040  -0.0041  -0.0063   0.0040  -0.0085  -0.0068  -0.0059  -0.0053  -0.0075  -0.0034  -0.0042   0.0826  -0.0050  -0.0075   0.0052  -0.0082   0.0037  1.0000e+00   0.0021
SIM50L2  0.0499 -0.0080  0.0077  0.0317 -0.0057 -0.0041  0.0150 -0.0076  0.0193  0.0784   0.0181   0.0012   0.0431  -0.0063  -0.0064   0.0022   0.0092   0.0820  -0.0068   0.0598  -0.0056 -5.9587e-03   0.0768  -0.0054  -0.0054  -0.0075   0.1472   0.0062  -0.0057   0.0165  -0.0085   0.0516   0.0052   0.0035  -0.0024  -0.0075  -0.0046  -0.0087  -0.0014  -0.0071  -0.0089   0.1994  -0.0023  -0.0017  -0.0079  -0.0084   0.1020   0.0252  -0.0042  2.1241e-03   1.0000

LD Score Matrix Condition Number
3.0306

Annotation Correlation Matrix
             SIM1        SIM2        SIM3        SIM4        SIM5        SIM6        SIM7        SIM8        SIM9       SIM10       SIM11       SIM12       SIM13       SIM14       SIM15       SIM16       SIM17       SIM18       SIM19       SIM20       SIM21       SIM22       SIM23       SIM24       SIM25       SIM26       SIM27       SIM28       SIM29       SIM30       SIM31       SIM32       SIM33       SIM34       SIM35       SIM36       SIM37       SIM38       SIM39       SIM40       SIM41       SIM42       SIM43       SIM44       SIM45       SIM46       SIM47       SIM48       SIM49       SIM50
SIM1   1.0000e+00  5.8857e-02 -8.2803e-05 -8.0983e-05 -5.9808e-05 -7.7214e-05 -6.4601e-05 -7.7214e-05 -6.9061e-05 -8.2803e-05 -7.1187e-05 -6.9061e-05 -6.2251e-05 -6.6868e-05 -6.9061e-05 -7.7214e-05 -7.5258e-05 -6.6868e-05 -7.5258e-05 -7.3251e-05 -5.7262e-05 -7.1187e-05 -7.9121e-05 -5.9808e-05 -6.6868e-05 -6.2251e-05 -5.9808e-05 -5.4597e-05 -6.4601e-05 -7.1187e-05 -6.4601e-05 -5.7262e-05 -5.7262e-05 -7.1187e-05 -6.2251e-05 -8.0983e-05 -7.1187e-05 -6.9061e-05 -7.3251e-05 -6.2251e-05 -7.1187e-05 -6.9061e-05 -6.4601e-05 -6.6868e-05 -7.5258e-05 -7.1187e-05 -8.0983e-05 -6.9061e-05 -6.6868e-05 -8.2803e-05
SIM2   5.8857e-02  1.0000e+00 -8.7826e-05 -8.5895e-05 -6.3437e-05 -8.1898e-05 -6.8520e-05 -8.1898e-05 -7.3251e-05 -8.7826e-05 -7.5506e-05 -7.3251e-05 -6.6027e-05 -7.0925e-05 -7.3251e-05 -8.1898e-05 -7.9824e-05 -7.0925e-05 -7.9824e-05 -7.7695e-05 -6.0736e-05 -7.5506e-05 -8.3920e-05 -6.3437e-05 -7.0925e-05 -6.6027e-05 -6.3437e-05 -5.7909e-05 -6.8520e-05 -7.5506e-05 -6.8520e-05 -6.0736e-05 -6.0736e-05 -7.5506e-05 -6.6027e-05 -8.5895e-05 -7.5506e-05 -7.3251e-05 -7.7695e-05 -6.6027e-05 -7.5506e-05 -7.3251e-05 -6.8520e-05 -7.0925e-05 -7.9824e-05 -7.5506e-05 -8.5895e-05 -7.3251e-05 -7.0925e-05 -8.7826e-05
SIM3  -8.2803e-05 -8.7826e-05  1.0000e+00 -9.7096e-05 -7.1709e-05 -9.2577e-05 -7.7455e-05 -9.2577e-05 -8.2803e-05 -9.9279e-05 -8.5351e-05 -8.2803e-05 -7.4637e-05 -8.0173e-05 -8.2803e-05 -9.2577e-05 -9.0233e-05 -8.0173e-05 -9.0233e-05 -8.7826e-05 -6.8656e-05 -8.5351e-05 -9.4864e-05 -7.1709e-05 -8.0173e-05 -7.4637e-05 -7.1709e-05 -6.5461e-05 -7.7455e-05 -8.5351e-05 -7.7455e-05 -6.8656e-05 -6.8656e-05 -8.5351e-05 -7.4637e-05 -9.7096e-05 -8.5351e-05 -8.2803e-05 -8.7826e-05 -7.4637e-05 -8.5351e-05 -8.2803e-05 -7.7455e-05 -8.0173e-05 -9.0233e-05 -8.5351e-05 -9.7096e-05 -8.2803e-05 -8.0173e-05 -9.9279e-05
SIM4  -8.0983e-05 -8.5895e-05 -9.7096e-05  1.0000e+00 -7.0132e-05 -9.0542e-05 -7.5752e-05 -9.0542e-05 -8.0983e-05  4.4363e-02 -8.3475e-05 -8.0983e-05 -7.2996e-05  5.4974e-02 -8.0983e-05 -9.0542e-05 -8.8249e-05 -7.8411e-05 -8.8249e-05 -8.5895e-05 -6.7147e-05 -8.3475e-05 -9.2778e-05 -7.0132e-05 -7.8411e-05 -7.2996e-05 -7.0132e-05 -6.4022e-05 -7.5752e-05 -8.3475e-05 -7.5752e-05 -6.7147e-05 -6.7147e-05 -8.3475e-05 -7.2996e-05 -9.4962e-05 -8.3475e-05 -8.0983e-05 -8.5895e-05 -7.2996e-05 -8.3475e-05 -8.0983e-05 -7.5752e-05 -7.8411e-05 -8.8249e-05 -8.3475e-05 -9.4962e-05 -8.0983e-05 -7.8411e-05 -9.7096e-05
SIM5  -5.9808e-05 -6.3437e-05 -7.1709e-05 -7.0132e-05  1.0000e+00 -6.6868e-05 -5.5945e-05 -6.6868e-05 -5.9808e-05 -7.1709e-05 -6.1649e-05 -5.9808e-05 -5.3910e-05 -5.7909e-05 -5.9808e-05 -6.6868e-05 -6.5175e-05 -5.7909e-05 -6.5175e-05 -6.3437e-05 -4.9590e-05 -6.1649e-05 -6.8520e-05 -5.1795e-05 -5.7909e-05 -5.3910e-05 -5.1795e-05 -4.7282e-05 -5.5945e-05 -6.1649e-05 -5.5945e-05 -4.9590e-05 -4.9590e-05 -6.1649e-05 -5.3910e-05 -7.0132e-05 -6.1649e-05 -5.9808e-05 -6.3437e-05 -5.3910e-05 -6.1649e-05 -5.9808e-05 -5.5945e-05 -5.7909e-05 -6.5175e-05 -6.1649e-05 -7.0132e-05 -5.9808e-05 -5.7909e-05 -7.1709e-05
SIM6  -7.7214e-05 -8.1898e-05 -9.2577e-05 -9.0542e-05 -6.6868e-05  1.0000e+00 -7.2226e-05 -8.6328e-05 -7.7214e-05 -9.2577e-05 -7.9590e-05 -7.7214e-05 -6.9599e-05 -7.4762e-05 -7.7214e-05 -8.6328e-05 -8.4142e-05 -7.4762e-05 -8.4142e-05 -8.1898e-05 -6.4021e-05 -7.9590e-05 -8.8460e-05 -6.6868e-05 -7.4762e-05 -6.9599e-05 -6.6868e-05 -6.1042e-05 -7.2226e-05 -7.9590e-05 -7.2226e-05 -6.4021e-05 -6.4021e-05 -7.9590e-05 -6.9599e-05 -9.0542e-05 -7.9590e-05 -7.7214e-05 -8.1898e-05 -6.9599e-05 -7.9590e-05 -7.7214e-05 -7.2226e-05 -7.4762e-05 -8.4142e-05 -7.9590e-05 -9.0542e-05 -7.7214e-05 -7.4762e-05 -9.2577e-05
SIM7  -6.4601e-05 -6.8520e-05 -7.7455e-05 -7.5752e-05 -5.5945e-05 -7.2226e-05  1.0000e+00 -7.2226e-05 -6.4601e-05 -7.7455e-05 -6.6589e-05 -6.4601e-05 -5.8230e-05 -6.2549e-05 -6.4601e-05 -7.2226e-05 -7.0397e-05 -6.2549e-05 -7.0397e-05 -6.8520e-05 -5.3564e-05 -6.6589e-05 -7.4010e-05 -5.5945e-05 -6.2549e-05 -5.8230e-05 -5.5945e-05 -5.1071e-05 -6.0428e-05 -6.6589e-05 -6.0428e-05 -5.3564e-05 -5.3564e-05 -6.6589e-05 -5.8230e-05 -7.5752e-05 -6.6589e-05 -6.4601e-05 -6.8520e-05 -5.8230e-05 -6.6589e-05 -6.4601e-05 -6.0428e-05 -6.2549e-05 -7.0397e-05 -6.6589e-05 -7.5752e-05 -6.4601e-05 -6.2549e-05 -7.7455e-05
SIM8  -7.7214e-05 -8.1898e-05 -9.2577e-05 -9.0542e-05 -6.6868e-05 -8.6328e-05 -7.2226e-05  1.0000e+00 -7.7214e-05 -9.2577e-05 -7.9590e-05 -7.7214e-05 -6.9599e-05 -7.4762e-05  5.5829e-02 -8.6328e-05 -8.4142e-05 -7.4762e-05 -8.4142e-05 -8.1898e-05 -6.4021e-05 -7.9590e-05 -8.8460e-05 -6.6868e-05 -7.4762e-05 -6.9599e-05 -6.6868e-05 -6.1042e-05 -7.2226e-05 -7.9590e-05 -7.2226e-05 -6.4021e-05 -6.4021e-05 -7.9590e-05 -6.9599e-05 -9.0542e-05 -7.9590e-05 -7.7214e-05 -8.1898e-05 -6.9599e-05 -7.9590e-05 -7.7214e-05 -7.2226e-05 -7.4762e-05 -8.4142e-05 -7.9590e-05  4.7587e-02 -7.7214e-05 -7.4762e-05 -9.2577e-05
SIM9  -6.9061e-05 -7.3251e-05 -8.2803e-05 -8.0983e-05 -5.9808e-05 -7.7214e-05 -6.4601e-05 -7.7214e-05  1.0000e+00 -8.2803e-05 -7.1187e-05 -6.9061e-05 -6.2251e-05 -6.6868e-05 -6.9061e-05 -7.7214e-05  5.7283e-02 -6.6868e-05 -7.5258e-05 -7.3251e-05 -5.7262e-05 -7.1187e-05 -7.9121e-05 -5.9808e-05 -6.6868e-05 -6.2251e-05 -5.9808e-05 -5.4597e-05 -6.4601e-05 -7.1187e-05 -6.4601e-05 -5.7262e-05 -5.7262e-05 -7.1187e-05 -6.2251e-05 -8.0983e-05 -7.1187e-05 -6.9061e-05 -7.3251e-05 -6.2251e-05 -7.1187e-05 -6.9061e-05 -6.4601e-05 -6.6868e-05 -7.5258e-05 -7.1187e-05 -8.0983e-05 -6.9061e-05 -6.6868e-05 -8.2803e-05
SIM10 -8.2803e-05 -8.7826e-05 -9.9279e-05  4.4363e-02 -7.1709e-05 -9.2577e-05 -7.7455e-05 -9.2577e-05 -8.2803e-05  1.0000e+00 -8.5351e-05 -8.2803e-05 -7.4637e-05 -8.0173e-05 -8.2803e-05 -9.2577e-05 -9.0233e-05 -8.0173e-05 -9.0233e-05 -8.7826e-05  6.2805e-02 -8.5351e-05 -9.4864e-05 -7.1709e-05 -8.0173e-05 -7.4637e-05 -7.1709e-05 -6.5461e-05 -7.7455e-05 -8.5351e-05 -7.7455e-05 -6.8656e-05 -6.8656e-05 -8.5351e-05 -7.4637e-05 -9.7096e-05 -8.5351e-05 -8.2803e-05 -8.7826e-05 -7.4637e-05 -8.5351e-05 -8.2803e-05 -7.7455e-05 -8.0173e-05 -9.0233e-05 -8.5351e-05 -9.7096e-05 -8.2803e-05 -8.0173e-05 -9.9279e-05
SIM11 -7.1187e-05 -7.5506e-05 -8.5351e-05 -8.3475e-05 -6.1649e-05 -7.9590e-05 -6.6589e-05 -7.9590e-05 -7.1187e-05 -8.5351e-05  1.0000e+00 -7.1187e-05 -6.4167e-05 -6.8926e-05 -7.1187e-05 -7.9590e-05 -7.7575e-05 -6.8926e-05 -7.7575e-05 -7.5506e-05 -5.9024e-05 -7.3378e-05 -8.1556e-05 -6.1649e-05 -6.8926e-05 -6.4167e-05 -6.1649e-05 -5.6278e-05 -6.6589e-05 -7.3378e-05 -6.6589e-05 -5.9024e-05 -5.9024e-05 -7.3378e-05 -6.4167e-05 -8.3475e-05 -7.3378e-05 -7.1187e-05 -7.5506e-05 -6.4167e-05 -7.3378e-05 -7.1187e-05 -6.6589e-05 -6.8926e-05 -7.7575e-05 -7.3378e-05 -8.3475e-05 -7.1187e-05 -6.8926e-05 -8.5351e-05
SIM12 -6.9061e-05 -7.3251e-05 -8.2803e-05 -8.0983e-05 -5.9808e-05 -7.7214e-05 -6.4601e-05 -7.7214e-05 -6.9061e-05 -8.2803e-05 -7.1187e-05  1.0000e+00 -6.2251e-05 -6.6868e-05 -6.9061e-05 -7.7214e-05 -7.5258e-05 -6.6868e-05 -7.5258e-05 -7.3251e-05 -5.7262e-05 -7.1187e-05 -7.9121e-05 -5.9808e-05 -6.6868e-05 -6.2251e-05 -5.9808e-05 -5.4597e-05 -6.4601e-05 -7.1187e-05 -6.4601e-05 -5.7262e-05 -5.7262e-05 -7.1187e-05 -6.2251e-05 -8.0983e-05 -7.1187e-05 -6.9061e-05 -7.3251e-05 -6.2251e-05 -7.1187e-05 -6.9061e-05 -6.4601e-05 -6.6868e-05 -7.5258e-05 -7.1187e-05 -8.0983e-05 -6.9061e-05 -6.6868e-05 -8.2803e-05
SIM13 -6.2251e-05 -6.6027e-05 -7.4637e-05 -7.2996e-05 -5.3910e-05 -6.9599e-05 -5.8230e-05 -6.9599e-05 -6.2251e-05 -7.4637e-05 -6.4167e-05 -6.2251e-05  1.0000e+00 -6.0274e-05 -6.2251e-05 -6.9599e-05 -6.7837e-05 -6.0274e-05 -6.7837e-05 -6.6027e-05 -5.1615e-05 -6.4167e-05 -7.1318e-05 -5.3910e-05 -6.0274e-05 -5.6112e-05 -5.3910e-05 -4.9213e-05 -5.8230e-05 -6.4167e-05 -5.8230e-05 -5.1615e-05 -5.1615e-05 -6.4167e-05 -5.6112e-05 -7.2996e-05 -6.4167e-05 -6.2251e-05 -6.6027e-05 -5.6112e-05 -6.4167e-05  6.9280e-02 -5.8230e-05 -6.0274e-05 -6.7837e-05 -6.4167e-05 -7.2996e-05 -6.2251e-05 -6.0274e-05 -7.4637e-05
SIM14 -6.6868e-05 -7.0925e-05 -8.0173e-05  5.4974e-02 -5.7909e-05 -7.4762e-05 -6.2549e-05 -7.4762e-05 -6.6868e-05 -8.0173e-05 -6.8926e-05 -6.6868e-05 -6.0274e-05  1.0000e+00 -6.6868e-05 -7.4762e-05 -7.2868e-05 -6.4745e-05 -7.2868e-05 -7.0925e-05 -5.5444e-05 -6.8926e-05 -7.6608e-05 -5.7909e-05 -6.4745e-05 -6.0274e-05 -5.7909e-05 -5.2863e-05 -6.2549e-05 -6.8926e-05 -6.2549e-05 -5.5444e-05 -5.5444e-05 -6.8926e-05 -6.0274e-05 -7.8411e-05 -6.8926e-05 -6.6868e-05 -7.0925e-05 -6.0274e-05 -6.8926e-05 -6.6868e-05 -6.2549e-05 -6.4745e-05 -7.2868e-05 -6.8926e-05 -7.8411e-05 -6.6868e-05 -6.4745e-05 -8.0173e-05
SIM15 -6.9061e-05 -7.3251e-05 -8.2803e-05 -8.0983e-05 -5.9808e-05 -7.7214e-05 -6.4601e-05  5.5829e-02 -6.9061e-05 -8.2803e-05 -7.1187e-05 -6.9061e-05 -6.2251e-05 -6.6868e-05  1.0000e+00 -7.7214e-05 -7.5258e-05 -6.6868e-05 -7.5258e-05 -7.3251e-05 -5.7262e-05 -7.1187e-05 -7.9121e-05 -5.9808e-05 -6.6868e-05 -6.2251e-05 -5.9808e-05 -5.4597e-05 -6.4601e-05 -7.1187e-05 -6.4601e-05 -5.7262e-05 -5.7262e-05 -7.1187e-05 -6.2251e-05 -8.0983e-05 -7.1187e-05 -6.9061e-05 -7.3251e-05 -6.2251e-05 -7.1187e-05 -6.9061e-05 -6.4601e-05 -6.6868e-05 -7.5258e-05 -7.1187e-05 -8.0983e-05 -6.9061e-05 -6.6868e-05 -8.2803e-05
SIM16 -7.7214e-05 -8.1898e-05 -9.2577e-05 -9.0542e-05 -6.6868e-05 -8.6328e-05 -7.2226e-05 -8.6328e-05 -7.7214e-05 -9.2577e-05 -7.9590e-05 -7.7214e-05 -6.9599e-05 -7.4762e-05 -7.7214e-05  1.0000e+00 -8.4142e-05 -7.4762e-05 -8.4142e-05 -8.1898e-05 -6.4021e-05 -7.9590e-05 -8.8460e-05 -6.6868e-05 -7.4762e-05 -6.9599e-05 -6.6868e-05 -6.1042e-05 -7.2226e-05 -7.9590e-05 -7.2226e-05 -6.4021e-05 -6.4021e-05 -7.9590e-05 -6.9599e-05 -9.0542e-05 -7.9590e-05 -7.7214e-05 -8.1898e-05 -6.9599e-05 -7.9590e-05 -7.7214e-05 -7.2226e-05  5.7665e-02 -8.4142e-05 -7.9590e-05 -9.0542e-05 -7.7214e-05 -7.4762e-05 -9.2577e-05
