*********************************************************************
* LD Score Regression (LDSC)
* Version 1.0.1
* (C) 2014-2019 Brendan Bulik-Sullivan and Hilary Finucane
* Broad Institute of MIT and Harvard / MIT Department of Mathematics
* GNU General Public License v3
*********************************************************************
Call: 
./ldsc.py \
--out /data/sbcs/GuoLab/backup/liq17/CRC_TF_TWAS_zhishan2024/NC_revision_OceanCode/v2_NC_revision//84Tracks//ldscores_sim500//20 \
--bfile /data/sbcs/GuoLab/backup/liq17/ref/Alkesgroup/1000G_EUR_Phase3_plink_hg38/1000G.EUR.QC.20 \
--annot /data/sbcs/GuoLab/backup/liq17/CRC_TF_TWAS_zhishan2024/NC_revision_OceanCode/v2_NC_revision//84Tracks//annots_sim500//20.annot.txt \
--l2  \
--ld-wind-kb 100.0 

Beginning analysis at Mon Oct 27 00:18:09 2025
Read list of 221582 SNPs from /data/sbcs/GuoLab/backup/liq17/ref/Alkesgroup/1000G_EUR_Phase3_plink_hg38/1000G.EUR.QC.20.bim
Read 50 annotations for 221582 SNPs from /data/sbcs/GuoLab/backup/liq17/CRC_TF_TWAS_zhishan2024/NC_revision_OceanCode/v2_NC_revision//84Tracks//annots_sim500//20.annot.txt
Read list of 489 individuals from /data/sbcs/GuoLab/backup/liq17/ref/Alkesgroup/1000G_EUR_Phase3_plink_hg38/1000G.EUR.QC.20.fam
Reading genotypes from /data/sbcs/GuoLab/backup/liq17/ref/Alkesgroup/1000G_EUR_Phase3_plink_hg38/1000G.EUR.QC.20.bed
Estimating LD Score.
Writing LD Scores for 221582 SNPs to /data/sbcs/GuoLab/backup/liq17/CRC_TF_TWAS_zhishan2024/NC_revision_OceanCode/v2_NC_revision//84Tracks//ldscores_sim500//20.l2.ldscore.gz

Summary of LD Scores in /data/sbcs/GuoLab/backup/liq17/CRC_TF_TWAS_zhishan2024/NC_revision_OceanCode/v2_NC_revision//84Tracks//ldscores_sim500//20.l2.ldscore.gz
         MAF  SIM1L2  SIM2L2  SIM3L2  SIM4L2  SIM5L2  SIM6L2  SIM7L2  SIM8L2  SIM9L2  SIM10L2  SIM11L2  SIM12L2  SIM13L2  SIM14L2  SIM15L2  SIM16L2  SIM17L2  SIM18L2  SIM19L2  SIM20L2  SIM21L2  SIM22L2  SIM23L2  SIM24L2  SIM25L2  SIM26L2  SIM27L2  SIM28L2  SIM29L2  SIM30L2  SIM31L2  SIM32L2  SIM33L2  SIM34L2  SIM35L2  SIM36L2  SIM37L2  SIM38L2  SIM39L2  SIM40L2  SIM41L2  SIM42L2  SIM43L2  SIM44L2  SIM45L2  SIM46L2  SIM47L2  SIM48L2  SIM49L2  SIM50L2
mean  0.1482  0.0020  0.0048  0.0037  0.0026  0.0035  0.0022  0.0015  0.0033  0.0027   0.0050   0.0046   0.0036   0.0040   0.0042   0.0024   0.0032   0.0041   0.0042   0.0068   0.0042   0.0033   0.0018   0.0021   0.0020   0.0016   0.0040   0.0045   0.0054   0.0054   0.0041   0.0038   0.0019   0.0044   0.0021   0.0051   0.0024   0.0023   0.0020   0.0034   0.0016   0.0028   0.0028   0.0025   0.0023   0.0032   0.0013   0.0065   0.0043   0.0039   0.0037
std   0.1493  0.0313  0.0534  0.0467  0.0362  0.0463  0.0352  0.0251  0.0459  0.0434   0.0569   0.0517   0.0430   0.0488   0.0466   0.0368   0.0442   0.0495   0.0499   0.0620   0.0488   0.0445   0.0289   0.0334   0.0343   0.0280   0.0493   0.0505   0.0555   0.0611   0.0472   0.0525   0.0307   0.0488   0.0337   0.0534   0.0338   0.0366   0.0360   0.0455   0.0290   0.0388   0.0380   0.0366   0.0356   0.0459   0.0267   0.0656   0.0480   0.0480   0.0444
min   0.0051 -0.0021 -0.0041 -0.0021 -0.0021 -0.0021 -0.0021 -0.0021 -0.0041 -0.0039  -0.0036  -0.0038  -0.0041  -0.0021  -0.0021  -0.0040  -0.0041  -0.0040  -0.0021  -0.0041  -0.0021  -0.0041  -0.0040  -0.0045  -0.0021  -0.0032  -0.0021  -0.0051  -0.0040  -0.0021  -0.0040  -0.0039  -0.0021  -0.0021  -0.0038  -0.0058  -0.0021  -0.0021  -0.0021  -0.0021  -0.0021  -0.0041  -0.0021  -0.0041  -0.0040  -0.0041  -0.0041  -0.0041  -0.0036  -0.0021  -0.0021
25%   0.0184  0.0000  0.0000  0.0000  0.0000  0.0000  0.0000  0.0000  0.0000  0.0000   0.0000   0.0000   0.0000   0.0000   0.0000   0.0000   0.0000   0.0000   0.0000   0.0000   0.0000   0.0000   0.0000   0.0000   0.0000   0.0000   0.0000   0.0000   0.0000   0.0000   0.0000   0.0000   0.0000   0.0000   0.0000   0.0000   0.0000   0.0000   0.0000   0.0000   0.0000   0.0000   0.0000   0.0000   0.0000   0.0000   0.0000   0.0000   0.0000   0.0000   0.0000
50%   0.0869  0.0000  0.0000  0.0000  0.0000  0.0000  0.0000  0.0000  0.0000  0.0000   0.0000   0.0000   0.0000   0.0000   0.0000   0.0000   0.0000   0.0000   0.0000   0.0000   0.0000   0.0000   0.0000   0.0000   0.0000   0.0000   0.0000   0.0000   0.0000   0.0000   0.0000   0.0000   0.0000   0.0000   0.0000   0.0000   0.0000   0.0000   0.0000   0.0000   0.0000   0.0000   0.0000   0.0000   0.0000   0.0000   0.0000   0.0000   0.0000   0.0000   0.0000
75%   0.2536  0.0000  0.0000  0.0000  0.0000  0.0000  0.0000  0.0000  0.0000  0.0000   0.0000   0.0000   0.0000   0.0000   0.0000   0.0000   0.0000   0.0000   0.0000   0.0000   0.0000   0.0000   0.0000   0.0000   0.0000   0.0000   0.0000   0.0000   0.0000   0.0000   0.0000   0.0000   0.0000   0.0000   0.0000   0.0000   0.0000   0.0000   0.0000   0.0000   0.0000   0.0000   0.0000   0.0000   0.0000   0.0000   0.0000   0.0000   0.0000   0.0000   0.0000
max   0.5000  1.0000  1.0000  1.0000  1.0000  1.0000  1.0000  1.0000  1.0000  1.0000   1.0000   1.0000   1.0000   1.0000   1.0000   1.0000   1.0000   1.0000   1.0000   1.0369   1.0000   1.0000   1.0000   1.0088   1.0000   1.0000   1.0000   1.0176   1.0000   1.0000   1.0035   1.0000   1.0000   1.0000   1.0000   1.0064   1.0000   1.0000   1.0000   1.0000   1.0000   1.0149   1.0000   1.0000   1.0140   1.7046   1.0121   1.3950   1.0000   1.0000   1.0000

MAF/LD Score Correlation Matrix
            MAF  SIM1L2  SIM2L2  SIM3L2  SIM4L2  SIM5L2  SIM6L2  SIM7L2  SIM8L2  SIM9L2  SIM10L2     SIM11L2  SIM12L2  SIM13L2  SIM14L2  SIM15L2  SIM16L2     SIM17L2  SIM18L2  SIM19L2  SIM20L2  SIM21L2  SIM22L2  SIM23L2  SIM24L2  SIM25L2  SIM26L2  SIM27L2     SIM28L2  SIM29L2  SIM30L2  SIM31L2  SIM32L2  SIM33L2     SIM34L2  SIM35L2  SIM36L2  SIM37L2  SIM38L2  SIM39L2  SIM40L2  SIM41L2  SIM42L2  SIM43L2  SIM44L2  SIM45L2  SIM46L2  SIM47L2  SIM48L2  SIM49L2  SIM50L2
MAF      1.0000  0.0349  0.0572  0.0525  0.0409  0.0555  0.0126  0.0331  0.0209 -0.0208   0.0249  3.7348e-02   0.0317   0.0430   0.0476   0.0083   0.0236  4.5244e-02   0.0558   0.0589   0.0819   0.0236   0.0189   0.0084   0.0100   0.0207   0.0174   0.0919  3.6970e-02   0.0318  -0.0021  -0.0127   0.0283   0.0106  3.7285e-02   0.0883   0.0187   0.0396   0.0393   0.0129   0.0332   0.0161   0.0208   0.0108   0.0419  -0.0138   0.0426   0.0455   0.0396   0.0382   0.0512
SIM1L2   0.0349  1.0000 -0.0053 -0.0050 -0.0040 -0.0043 -0.0041 -0.0038 -0.0046 -0.0030  -0.0056 -1.4288e-04  -0.0054  -0.0051  -0.0057  -0.0041   0.0138 -5.3049e-03   0.0066  -0.0070   0.0042   0.0130  -0.0029  -0.0041  -0.0036  -0.0031  -0.0052  -0.0057 -5.2356e-03  -0.0050  -0.0055  -0.0046  -0.0038  -0.0057 -3.9744e-03  -0.0059  -0.0045  -0.0040  -0.0036  -0.0047  -0.0034  -0.0046   0.0493  -0.0044  -0.0041  -0.0044  -0.0023  -0.0060   0.1200   0.0042  -0.0053
SIM2L2   0.0572 -0.0053  1.0000 -0.0071 -0.0036 -0.0068 -0.0053 -0.0053 -0.0066 -0.0057   0.0008  1.4384e-01  -0.0058   0.0506  -0.0008  -0.0042  -0.0065 -7.5579e-03  -0.0076  -0.0039  -0.0078   0.0049   0.0816  -0.0020  -0.0015  -0.0052  -0.0074  -0.0081  9.7735e-03  -0.0005  -0.0078  -0.0066  -0.0054   0.0137 -5.6624e-03  -0.0053  -0.0064  -0.0057  -0.0050  -0.0067  -0.0049   0.2606  -0.0068  -0.0054  -0.0059  -0.0062  -0.0034  -0.0082   0.0092   0.1751  -0.0017
SIM3L2   0.0525 -0.0050 -0.0071  1.0000  0.0068 -0.0059  0.0230 -0.0040 -0.0057 -0.0048   0.1019  1.5067e-02  -0.0055  -0.0065  -0.0018   0.0086  -0.0057 -6.1859e-03  -0.0066  -0.0081  -0.0067  -0.0059  -0.0049   0.0326  -0.0002  -0.0036   0.0165  -0.0056 -6.8789e-03  -0.0067  -0.0051   0.0049  -0.0045  -0.0068 -4.9127e-03  -0.0071  -0.0056  -0.0004  -0.0047  -0.0060  -0.0006  -0.0056  -0.0057  -0.0056  -0.0051  -0.0037  -0.0037  -0.0037  -0.0009  -0.0064  -0.0065
SIM4L2   0.0409 -0.0040 -0.0036  0.0068  1.0000 -0.0011 -0.0046 -0.0047 -0.0053  0.0016  -0.0064  7.4562e-03  -0.0062  -0.0060   0.0126  -0.0048   0.2145 -6.1020e-03  -0.0059  -0.0057  -0.0049  -0.0055  -0.0045  -0.0046  -0.0007  -0.0042  -0.0060   0.0306  8.0977e-03  -0.0060  -0.0048  -0.0049  -0.0044   0.0018 -4.6297e-03  -0.0057  -0.0050   0.0708  -0.0040   0.0039  -0.0039  -0.0050  -0.0056  -0.0029  -0.0045  -0.0050   0.0108   0.0003  -0.0063   0.0106   0.0164
SIM5L2   0.0555 -0.0043 -0.0068 -0.0059 -0.0011  1.0000 -0.0048  0.0303  0.1057  0.0149  -0.0066 -5.2785e-04  -0.0048  -0.0062  -0.0068  -0.0028  -0.0021 -4.8237e-03   0.0024   0.0054   0.0080  -0.0057  -0.0046  -0.0045  -0.0040  -0.0043  -0.0060  -0.0067 -7.1207e-03   0.0221  -0.0005  -0.0055  -0.0046   0.0931  2.3849e-02   0.0259  -0.0055  -0.0040  -0.0038  -0.0055  -0.0040  -0.0052  -0.0054  -0.0052  -0.0042  -0.0012  -0.0036  -0.0036  -0.0060  -0.0061  -0.0062
SIM6L2   0.0126 -0.0041 -0.0053  0.0230 -0.0046 -0.0048  1.0000 -0.0036 -0.0046 -0.0037  -0.0047 -3.7111e-03  -0.0051  -0.0056  -0.0054  -0.0042  -0.0047 -5.3287e-03  -0.0054   0.0278  -0.0055  -0.0048   0.0033  -0.0041  -0.0037  -0.0035  -0.0048   0.0051  3.8000e-02  -0.0030  -0.0048  -0.0046  -0.0038  -0.0049 -4.1551e-03   0.0396  -0.0049   0.0003  -0.0036  -0.0052  -0.0018  -0.0046  -0.0046  -0.0044  -0.0039   0.0546  -0.0030  -0.0058  -0.0041  -0.0029  -0.0053
SIM7L2   0.0331 -0.0038 -0.0053 -0.0040 -0.0047  0.0303 -0.0036  1.0000 -0.0012 -0.0036  -0.0052  4.1419e-03   0.0097  -0.0047  -0.0053  -0.0038  -0.0047 -4.0521e-04  -0.0015  -0.0048   0.0331  -0.0042   0.0183  -0.0038  -0.0034   0.0780  -0.0016  -0.0053 -5.0295e-03  -0.0054   0.0304  -0.0043  -0.0035   0.0469  1.0880e-01  -0.0056  -0.0016  -0.0005  -0.0030  -0.0044  -0.0024  -0.0038  -0.0044  -0.0038  -0.0039  -0.0041   0.0175   0.0008  -0.0053  -0.0048   0.0181
SIM8L2   0.0209 -0.0046 -0.0066 -0.0057 -0.0053  0.1057 -0.0046 -0.0012  1.0000 -0.0045  -0.0063 -2.6670e-03   0.0046  -0.0060   0.0529  -0.0047  -0.0052 -6.0585e-03  -0.0054  -0.0076  -0.0063  -0.0055  -0.0041   0.0013  -0.0039  -0.0042  -0.0059  -0.0061 -6.7058e-03  -0.0065  -0.0038  -0.0026  -0.0044  -0.0046 -2.3245e-03  -0.0069  -0.0053  -0.0029  -0.0041  -0.0009  -0.0039  -0.0052  -0.0054  -0.0050  -0.0041   0.0210  -0.0034  -0.0072  -0.0065  -0.0059  -0.0059
SIM9L2  -0.0208 -0.0030 -0.0057 -0.0048  0.0016  0.0149 -0.0037 -0.0036 -0.0045  1.0000  -0.0051 -5.1804e-03  -0.0051  -0.0049  -0.0049  -0.0040  -0.0041 -5.1389e-03  -0.0051  -0.0070   0.0731  -0.0046  -0.0039  -0.0010  -0.0035  -0.0035  -0.0027  -0.0055 -5.9923e-03  -0.0055  -0.0045  -0.0045  -0.0037  -0.0055 -3.8413e-03  -0.0059  -0.0044  -0.0039  -0.0034   0.0109  -0.0033   0.0038  -0.0044   0.0085  -0.0018  -0.0002  -0.0029  -0.0063  -0.0056  -0.0050  -0.0051
SIM10L2  0.0249 -0.0056  0.0008  0.1019 -0.0064 -0.0066 -0.0047 -0.0052 -0.0063 -0.0051   1.0000 -7.6606e-03  -0.0074   0.0101   0.0034   0.0679  -0.0063 -7.2945e-03  -0.0074  -0.0073  -0.0075  -0.0048  -0.0054  -0.0056  -0.0050  -0.0044   0.0057  -0.0078 -5.5068e-03  -0.0054  -0.0075   0.3394  -0.0045  -0.0078 -5.4651e-03  -0.0083   0.0113  -0.0055  -0.0031  -0.0064   0.0170  -0.0063  -0.0065  -0.0061  -0.0057  -0.0060  -0.0041  -0.0084   0.0077  -0.0071  -0.0072
SIM11L2  0.0373 -0.0001  0.1438  0.0151  0.0075 -0.0005 -0.0037  0.0041 -0.0027 -0.0052  -0.0077  1.0000e+00  -0.0072  -0.0073  -0.0079  -0.0056  -0.0062 -7.0045e-03  -0.0058  -0.0097  -0.0072  -0.0067   0.0164  -0.0057  -0.0051  -0.0051   0.1714  -0.0075  4.6615e-02  -0.0077  -0.0076  -0.0011   0.0041   0.0184  7.9805e-05  -0.0060  -0.0061  -0.0056  -0.0050   0.0148  -0.0046   0.2059  -0.0044  -0.0011  -0.0058   0.0170  -0.0030  -0.0088  -0.0079   0.2897   0.0636
SIM12L2  0.0317 -0.0054 -0.0058 -0.0055 -0.0062 -0.0048 -0.0051  0.0097  0.0046 -0.0051  -0.0074 -7.1554e-03   1.0000  -0.0069   0.0019   0.1546   0.0114  1.1418e-02  -0.0058   0.0131   0.0053  -0.0061  -0.0041  -0.0053  -0.0041  -0.0046  -0.0066  -0.0068 -6.5082e-03   0.0213   0.0323   0.0126  -0.0051   0.0815  1.5127e-02   0.0790  -0.0061  -0.0052  -0.0047  -0.0061  -0.0045  -0.0018  -0.0062  -0.0040  -0.0055   0.1078   0.0436  -0.0053  -0.0046  -0.0048   0.0865
SIM13L2  0.0430 -0.0051  0.0506 -0.0065 -0.0060 -0.0062 -0.0056 -0.0047 -0.0060 -0.0049   0.0101 -7.3103e-03  -0.0069   1.0000   0.2899  -0.0013   0.0097  6.9271e-02  -0.0068  -0.0081   0.0090  -0.0042  -0.0051   0.0053  -0.0014  -0.0047  -0.0063  -0.0060  4.6120e-02  -0.0010   0.0525  -0.0060  -0.0048  -0.0073  1.4407e-01   0.0375   0.1500  -0.0046  -0.0046   0.0889   0.3248   0.0063   0.1160  -0.0053   0.1016  -0.0026  -0.0039  -0.0076   0.0138  -0.0065  -0.0028
SIM14L2  0.0476 -0.0057 -0.0008 -0.0018  0.0126 -0.0068 -0.0054 -0.0053  0.0529 -0.0049   0.0034 -7.9362e-03   0.0019   0.2899   1.0000  -0.0059   0.0073 -7.5506e-03  -0.0073  -0.0097  -0.0078   0.0040  -0.0056  -0.0047  -0.0037  -0.0053  -0.0064  -0.0064 -8.6011e-03  -0.0053   0.0578  -0.0066  -0.0055  -0.0080  1.2341e-01  -0.0084   0.1248  -0.0037  -0.0051  -0.0067   0.3403   0.0025   0.1214  -0.0028  -0.0043   0.0079  -0.0043  -0.0062   0.1030  -0.0069  -0.0066
SIM15L2  0.0083 -0.0041 -0.0042  0.0086 -0.0048 -0.0028 -0.0042 -0.0038 -0.0047 -0.0040   0.0679 -5.6181e-03   0.1546  -0.0013  -0.0059   1.0000  -0.0047 -5.4358e-03  -0.0043   0.0224   0.0042  -0.0035  -0.0041  -0.0042  -0.0037  -0.0038  -0.0047  -0.0058 -6.2583e-03   0.0277  -0.0054   0.0064   0.0026   0.0126  3.8787e-02   0.0395  -0.0050   0.0044  -0.0036  -0.0048  -0.0035  -0.0047  -0.0048  -0.0012   0.0337  -0.0045  -0.0031  -0.0061   0.0014  -0.0053  -0.0022
SIM16L2  0.0236  0.0138 -0.0065 -0.0057  0.2145 -0.0021 -0.0047 -0.0047 -0.0052 -0.0041  -0.0063 -6.1524e-03   0.0114   0.0097   0.0073  -0.0047   1.0000 -6.0290e-03  -0.0028  -0.0080  -0.0062  -0.0052  -0.0043  -0.0046  -0.0044  -0.0042  -0.0058  -0.0037 -7.0442e-03  -0.0061  -0.0002  -0.0053  -0.0044  -0.0009 -4.0839e-03  -0.0069  -0.0047   0.0155   0.0391   0.0058  -0.0042  -0.0035   0.0003  -0.0050   0.0192   0.0144   0.0245   0.0100  -0.0036  -0.0056  -0.0057
SIM17L2  0.0452 -0.0053 -0.0076 -0.0062 -0.0061 -0.0048 -0.0053 -0.0004 -0.0061 -0.0051  -0.0073 -7.0045e-03   0.0114   0.0693  -0.0076  -0.0054  -0.0060  1.0000e+00   0.2426   0.0022   0.2461   0.1184   0.0002   0.0048  -0.0048  -0.0051   0.0096  -0.0075  9.2364e-05  -0.0074   0.0452  -0.0061   0.0279   0.1189 -5.0615e-03   0.0047  -0.0059  -0.0052  -0.0047  -0.0059  -0.0031  -0.0061  -0.0007  -0.0039  -0.0054  -0.0018  -0.0024   0.0759  -0.0075  -0.0068   0.0265
SIM18L2  0.0558  0.0066 -0.0076 -0.0066 -0.0059  0.0024 -0.0054 -0.0015 -0.0054 -0.0051  -0.0074 -5.8099e-03  -0.0058  -0.0068  -0.0073  -0.0043  -0.0028  2.4256e-01   1.0000   0.0049   0.3335   0.1251  -0.0031  -0.0054   0.0595  -0.0048  -0.0069  -0.0075 -6.7032e-03   0.0030   0.0047   0.0123  -0.0012  -0.0066  6.0947e-02   0.0096  -0.0051  -0.0038  -0.0044   0.0034  -0.0041  -0.0056   0.0308  -0.0038  -0.0054  -0.0063  -0.0039  -0.0011  -0.0076  -0.0069  -0.0070
SIM19L2  0.0589 -0.0070 -0.0039 -0.0081 -0.0057  0.0054  0.0278 -0.0048 -0.0076 -0.0070  -0.0073 -9.6668e-03   0.0131  -0.0081  -0.0097   0.0224  -0.0080  2.1631e-03   0.0049   1.0000   0.0623  -0.0064  -0.0069  -0.0070   0.0016  -0.0060   0.0281   0.2104  2.3432e-03   0.1987  -0.0067  -0.0014  -0.0057  -0.0053  1.3316e-01   0.2229   0.0628  -0.0014  -0.0055   0.0109  -0.0042  -0.0072  -0.0078   0.0132   0.1142  -0.0055  -0.0051   0.0423  -0.0089   0.0370  -0.0074
SIM20L2  0.0819  0.0042 -0.0078 -0.0067 -0.0049  0.0080 -0.0055  0.0331 -0.0063  0.0731  -0.0075 -7.1784e-03   0.0053   0.0090  -0.0078   0.0042  -0.0062  2.4607e-01   0.3335   0.0623   1.0000   0.1302   0.0012  -0.0055   0.0498  -0.0045  -0.0067  -0.0039 -5.9158e-03   0.0217   0.0041   0.0006  -0.0047  -0.0027  1.7058e-01   0.1527  -0.0064  -0.0054  -0.0048  -0.0033  -0.0046   0.0120  -0.0064  -0.0056  -0.0056  -0.0043   0.0022  -0.0078  -0.0077   0.0002  -0.0005
SIM21L2  0.0236  0.0130  0.0049 -0.0059 -0.0055 -0.0057 -0.0048 -0.0042 -0.0055 -0.0046  -0.0048 -6.7005e-03  -0.0061  -0.0042   0.0040  -0.0035  -0.0052  1.1840e-01   0.1251  -0.0064   0.1302   1.0000  -0.0041  -0.0047  -0.0042  -0.0036   0.2588   0.0083 -6.7653e-03   0.0441  -0.0064  -0.0055  -0.0045  -0.0067 -4.7094e-03  -0.0072  -0.0032  -0.0047   0.0034  -0.0052  -0.0040  -0.0054   0.0135   0.0066  -0.0049  -0.0052   0.0421   0.1942  -0.0038  -0.0061  -0.0062
SIM22L2  0.0189 -0.0029  0.0816 -0.0049 -0.0045 -0.0046  0.0033  0.0183 -0.0041 -0.0039  -0.0054  1.6371e-02  -0.0041  -0.0051  -0.0056  -0.0041  -0.0043  1.7833e-04  -0.0031  -0.0069   0.0012  -0.0041   1.0000  -0.0040  -0.0036  -0.0027  -0.0040   0.0004 -4.5573e-03   0.0080  -0.0048  -0.0045  -0.0033  -0.0034 -3.4386e-03  -0.0058   0.0013  -0.0019  -0.0033  -0.0047  -0.0033  -0.0034  -0.0022  -0.0038  -0.0014  -0.0043   0.0102  -0.0062   0.0063  -0.0051   0.0018
SIM23L2  0.0084 -0.0041 -0.0020  0.0326 -0.0046 -0.0045 -0.0041 -0.0038  0.0013 -0.0010  -0.0056 -5.7133e-03  -0.0053   0.0053  -0.0047  -0.0042  -0.0046  4.7855e-03  -0.0054  -0.0070  -0.0055  -0.0047  -0.0040   1.0000   0.0258  -0.0037  -0.0002  -0.0057 -2.9861e-03  -0.0055  -0.0055  -0.0047  -0.0037   0.0571  1.3133e-02  -0.0060  -0.0046   0.1230  -0.0036  -0.0047  -0.0034  -0.0046  -0.0043  -0.0044   0.0033  -0.0039  -0.0030  -0.0064  -0.0058  -0.0052  -0.0036
SIM24L2  0.0100 -0.0036 -0.0015 -0.0002 -0.0007 -0.0040 -0.0037 -0.0034 -0.0039 -0.0035  -0.0050 -5.1142e-03  -0.0041  -0.0014  -0.0037  -0.0037  -0.0044 -4.7846e-03   0.0595   0.0016   0.0498  -0.0042  -0.0036   0.0258   1.0000  -0.0033  -0.0047  -0.0032  2.6150e-02  -0.0050  -0.0050  -0.0042  -0.0035  -0.0015 -3.5850e-03   0.0005   0.0066  -0.0037  -0.0030  -0.0042  -0.0031  -0.0040  -0.0043  -0.0009  -0.0037  -0.0039  -0.0027  -0.0055  -0.0042  -0.0029  -0.0031
SIM25L2  0.0207 -0.0031 -0.0052 -0.0036 -0.0042 -0.0043 -0.0035  0.0780 -0.0042 -0.0035  -0.0044 -5.1456e-03  -0.0046  -0.0047  -0.0053  -0.0038  -0.0042 -5.0906e-03  -0.0048  -0.0060  -0.0045  -0.0036  -0.0027  -0.0037  -0.0033   1.0000   0.0121  -0.0039 -5.6039e-03   0.0196  -0.0015  -0.0042  -0.0035  -0.0051 -3.5941e-03  -0.0048  -0.0041  -0.0037  -0.0032  -0.0024  -0.0031  -0.0041  -0.0043  -0.0040   0.0020  -0.0040  -0.0027  -0.0053  -0.0052  -0.0031  -0.0043
SIM26L2  0.0174 -0.0052 -0.0074  0.0165 -0.0060 -0.0060 -0.0048 -0.0016 -0.0059 -0.0027   0.0057  1.7140e-01  -0.0066  -0.0063  -0.0064  -0.0047  -0.0058  9.5893e-03  -0.0069   0.0281  -0.0067   0.2588  -0.0040  -0.0002  -0.0047   0.0121   1.0000  -0.0072 -7.7607e-03  -0.0004  -0.0066  -0.0045  -0.0048   0.0016 -4.1477e-03  -0.0078  -0.0032  -0.0049  -0.0046  -0.0055  -0.0044  -0.0058  -0.0060  -0.0053  -0.0050   0.0190  -0.0032   0.2482  -0.0043  -0.0065  -0.0020
SIM27L2  0.0919 -0.0057 -0.0081 -0.0056  0.0306 -0.0067  0.0051 -0.0053 -0.0061 -0.0055  -0.0078 -7.5174e-03  -0.0068  -0.0060  -0.0064  -0.0058  -0.0037 -7.4588e-03  -0.0075   0.2104  -0.0039   0.0083   0.0004  -0.0057  -0.0032  -0.0039  -0.0072   1.0000 -8.7149e-03   0.0042  -0.0039  -0.0065  -0.0055   0.0058 -5.5881e-03  -0.0072   0.0093   0.0040  -0.0050   0.0050  -0.0048   0.0076  -0.0063  -0.0062  -0.0049  -0.0057  -0.0042  -0.0059   0.0055  -0.0013   0.1032
SIM28L2  0.0370 -0.0052  0.0098 -0.0069  0.0081 -0.0071  0.0380 -0.0050 -0.0067 -0.0060  -0.0055  4.6615e-02  -0.0065   0.0461  -0.0086  -0.0063  -0.0070  9.2364e-05  -0.0067   0.0023  -0.0059  -0.0068  -0.0046  -0.0030   0.0261  -0.0056  -0.0078  -0.0087  1.0000e+00  -0.0051  -0.0017  -0.0020  -0.0027  -0.0055 -5.5505e-03   0.0945  -0.0054  -0.0061  -0.0049  -0.0072  -0.0032  -0.0036  -0.0072  -0.0066  -0.0049  -0.0049  -0.0044  -0.0091  -0.0042   0.0273   0.1209
SIM29L2  0.0318 -0.0050 -0.0005 -0.0067 -0.0060  0.0221 -0.0030 -0.0054 -0.0065 -0.0055  -0.0054 -7.7467e-03   0.0213  -0.0010  -0.0053   0.0277  -0.0061 -7.4186e-03   0.0030   0.1987   0.0217   0.0441   0.0080  -0.0055  -0.0050   0.0196  -0.0004   0.0042 -5.1460e-03   1.0000  -0.0077  -0.0017  -0.0054  -0.0074  8.4164e-02   0.2681   0.0001   0.0129  -0.0020  -0.0053  -0.0048  -0.0059  -0.0047  -0.0034  -0.0058  -0.0012  -0.0042  -0.0015   0.0032  -0.0065  -0.0064
SIM30L2 -0.0021 -0.0055 -0.0078 -0.0051 -0.0048 -0.0005 -0.0048  0.0304 -0.0038 -0.0045  -0.0075 -7.6016e-03   0.0323   0.0525   0.0578  -0.0054  -0.0002  4.5240e-02   0.0047  -0.0067   0.0041  -0.0064  -0.0048  -0.0055  -0.0050  -0.0015  -0.0066  -0.0039 -1.7403e-03  -0.0077   1.0000   0.0250  -0.0049  -0.0022  4.2801e-03  -0.0059  -0.0051   0.0930  -0.0049   0.0267  -0.0015  -0.0053  -0.0055  -0.0011  -0.0054  -0.0058   0.0192  -0.0089   0.0575  -0.0070  -0.0008
SIM31L2 -0.0127 -0.0046 -0.0066  0.0049 -0.0049 -0.0055 -0.0046 -0.0043 -0.0026 -0.0045   0.3394 -1.1065e-03   0.0126  -0.0060  -0.0066   0.0064  -0.0053 -6.0965e-03   0.0123  -0.0014   0.0006  -0.0055  -0.0045  -0.0047  -0.0042  -0.0042  -0.0045  -0.0065 -1.9836e-03  -0.0017   0.0250   1.0000  -0.0046  -0.0066  4.7205e-03   0.0046  -0.0009  -0.0005  -0.0041   0.0151  -0.0039  -0.0053  -0.0054  -0.0045  -0.0048   0.0025  -0.0035  -0.0074  -0.0065  -0.0059  -0.0060
SIM32L2  0.0283 -0.0038 -0.0054 -0.0045 -0.0044 -0.0046 -0.0038 -0.0035 -0.0044 -0.0037  -0.0045  4.1263e-03  -0.0051  -0.0048  -0.0055   0.0026  -0.0044  2.7875e-02  -0.0012  -0.0057  -0.0047  -0.0045  -0.0033  -0.0037  -0.0035  -0.0035  -0.0048  -0.0055 -2.7171e-03  -0.0054  -0.0049  -0.0046   1.0000  -0.0001 -2.3831e-03   0.0700   0.0128  -0.0038  -0.0034  -0.0023  -0.0030  -0.0043   0.0013  -0.0040  -0.0039   0.0393  -0.0028   0.0124  -0.0054  -0.0049  -0.0049
SIM33L2  0.0106 -0.0057  0.0137 -0.0068  0.0018  0.0931 -0.0049  0.0469 -0.0046 -0.0055  -0.0078  1.8371e-02   0.0815  -0.0073  -0.0080   0.0126  -0.0009  1.1894e-01  -0.0066  -0.0053  -0.0027  -0.0067  -0.0034   0.0571  -0.0015  -0.0051   0.0016   0.0058 -5.5369e-03  -0.0074  -0.0022  -0.0066  -0.0001   1.0000  2.2007e-02   0.0043  -0.0048  -0.0056  -0.0050  -0.0037  -0.0037   0.0254  -0.0057  -0.0034  -0.0041  -0.0020   0.0596  -0.0070  -0.0076   0.0097   0.1508
SIM34L2  0.0373 -0.0040 -0.0057 -0.0049 -0.0046  0.0238 -0.0042  0.1088 -0.0023 -0.0038  -0.0055  7.9805e-05   0.0151   0.1441   0.1234   0.0388  -0.0041 -5.0615e-03   0.0609   0.1332   0.1706  -0.0047  -0.0034   0.0131  -0.0036  -0.0036  -0.0041  -0.0056 -5.5505e-03   0.0842   0.0043   0.0047  -0.0024   0.0220  1.0000e+00   0.1628   0.2071   0.0117  -0.0035  -0.0015  -0.0034  -0.0045  -0.0046  -0.0041  -0.0040  -0.0034  -0.0029  -0.0062  -0.0056  -0.0051  -0.0049
SIM35L2  0.0883 -0.0059 -0.0053 -0.0071 -0.0057  0.0259  0.0396 -0.0056 -0.0069 -0.0059  -0.0083 -6.0013e-03   0.0790   0.0375  -0.0084   0.0395  -0.0069  4.6763e-03   0.0096   0.2229   0.1527  -0.0072  -0.0058  -0.0060   0.0005  -0.0048  -0.0078  -0.0072  9.4475e-02   0.2681  -0.0059   0.0046   0.0700   0.0043  1.6284e-01   1.0000  -0.0077  -0.0060  -0.0053  -0.0022  -0.0051   0.0048  -0.0071  -0.0063  -0.0053  -0.0041  -0.0045  -0.0095  -0.0086  -0.0078  -0.0079
SIM36L2  0.0187 -0.0045 -0.0064 -0.0056 -0.0050 -0.0055 -0.0049 -0.0016 -0.0053 -0.0044   0.0113 -6.1208e-03  -0.0061   0.1500   0.1248  -0.0050  -0.0047 -5.9345e-03  -0.0051   0.0628  -0.0064  -0.0032   0.0013  -0.0046   0.0066  -0.0041  -0.0032   0.0093 -5.3715e-03   0.0001  -0.0051  -0.0009   0.0128  -0.0048  2.0708e-01  -0.0077   1.0000   0.0153  -0.0040  -0.0049   0.0488  -0.0043  -0.0002   0.0712  -0.0046  -0.0044  -0.0034  -0.0037   0.2009   0.0059  -0.0056
SIM37L2  0.0396 -0.0040 -0.0057 -0.0004  0.0708 -0.0040  0.0003 -0.0005 -0.0029 -0.0039  -0.0055 -5.5849e-03  -0.0052  -0.0046  -0.0037   0.0044   0.0155 -5.2396e-03  -0.0038  -0.0014  -0.0054  -0.0047  -0.0019   0.1230  -0.0037  -0.0037  -0.0049   0.0040 -6.1231e-03   0.0129   0.0930  -0.0005  -0.0038  -0.0056  1.1721e-02  -0.0060   0.0153   1.0000  -0.0035  -0.0039  -0.0034  -0.0045  -0.0037  -0.0044  -0.0041  -0.0043   0.4253   0.2472  -0.0038  -0.0051  -0.0052
SIM38L2  0.0393 -0.0036 -0.0050 -0.0047 -0.0040 -0.0038 -0.0036 -0.0030 -0.0041 -0.0034  -0.0031 -4.9788e-03  -0.0047  -0.0046  -0.0051  -0.0036   0.0391 -4.7118e-03  -0.0044  -0.0055  -0.0048   0.0034  -0.0033  -0.0036  -0.0030  -0.0032  -0.0046  -0.0050 -4.8889e-03  -0.0020  -0.0049  -0.0041  -0.0034  -0.0050 -3.4998e-03  -0.0053  -0.0040  -0.0035   1.0000  -0.0041  -0.0029  -0.0040  -0.0042   0.0001  -0.0036  -0.0039  -0.0026   0.0036  -0.0050  -0.0026  -0.0046
SIM39L2  0.0129 -0.0047 -0.0067 -0.0060  0.0039 -0.0055 -0.0052 -0.0044 -0.0009  0.0109  -0.0064  1.4778e-02  -0.0061   0.0889  -0.0067  -0.0048   0.0058 -5.8629e-03   0.0034   0.0109  -0.0033  -0.0052  -0.0047  -0.0047  -0.0042  -0.0024  -0.0055   0.0050 -7.1840e-03  -0.0053   0.0267   0.0151  -0.0023  -0.0037 -1.4518e-03  -0.0022  -0.0049  -0.0039  -0.0041   1.0000  -0.0040  -0.0053  -0.0055   0.0070  -0.0048  -0.0050  -0.0035  -0.0068  -0.0066  -0.0055  -0.0045
SIM40L2  0.0332 -0.0034 -0.0049 -0.0006 -0.0039 -0.0040 -0.0018 -0.0024 -0.0039 -0.0033   0.0170 -4.5886e-03  -0.0045   0.3248   0.3403  -0.0035  -0.0042 -3.1226e-03  -0.0041  -0.0042  -0.0046  -0.0040  -0.0033  -0.0034  -0.0031  -0.0031  -0.0044  -0.0048 -3.2442e-03  -0.0048  -0.0015  -0.0039  -0.0030  -0.0037 -3.3584e-03  -0.0051   0.0488  -0.0034  -0.0029  -0.0040   1.0000  -0.0039   0.2044  -0.0031  -0.0035  -0.0037  -0.0025  -0.0054   0.0126  -0.0044  -0.0045
SIM41L2  0.0161 -0.0046  0.2606 -0.0056 -0.0050 -0.0052 -0.0046 -0.0038 -0.0052  0.0038  -0.0063  2.0585e-01  -0.0018   0.0063   0.0025  -0.0047  -0.0035 -6.1215e-03  -0.0056  -0.0072   0.0120  -0.0054  -0.0034  -0.0046  -0.0040  -0.0041  -0.0058   0.0076 -3.6333e-03  -0.0059  -0.0053  -0.0053  -0.0043   0.0254 -4.4916e-03   0.0048  -0.0043  -0.0045  -0.0040  -0.0053  -0.0039   1.0000  -0.0053  -0.0047  -0.0047  -0.0048  -0.0034  -0.0044  -0.0064   0.2270   0.0038
SIM42L2  0.0208  0.0493 -0.0068 -0.0057 -0.0056 -0.0054 -0.0046 -0.0044 -0.0054 -0.0044  -0.0065 -4.3630e-03  -0.0062   0.1160   0.1214  -0.0048   0.0003 -7.2584e-04   0.0308  -0.0078  -0.0064   0.0135  -0.0022  -0.0043  -0.0043  -0.0043  -0.0060  -0.0063 -7.1778e-03  -0.0047  -0.0055  -0.0054   0.0013  -0.0057 -4.6477e-03  -0.0071  -0.0002  -0.0037  -0.0042  -0.0055   0.2044  -0.0053   1.0000  -0.0052  -0.0049  -0.0051  -0.0035   0.0098  -0.0065  -0.0061  -0.0058
SIM43L2  0.0108 -0.0044 -0.0054 -0.0056 -0.0029 -0.0052 -0.0044 -0.0038 -0.0050  0.0085  -0.0061 -1.0867e-03  -0.0040  -0.0053  -0.0028  -0.0012  -0.0050 -3.9437e-03  -0.0038   0.0132  -0.0056   0.0066  -0.0038  -0.0044  -0.0009  -0.0040  -0.0053  -0.0062 -6.6479e-03  -0.0034  -0.0011  -0.0045  -0.0040  -0.0034 -4.1127e-03  -0.0063   0.0712  -0.0044   0.0001   0.0070  -0.0031  -0.0047  -0.0052   1.0000   0.0517  -0.0044  -0.0033  -0.0046  -0.0062  -0.0048  -0.0048
SIM44L2  0.0419 -0.0041 -0.0059 -0.0051 -0.0045 -0.0042 -0.0039 -0.0039 -0.0041 -0.0018  -0.0057 -5.8028e-03  -0.0055   0.1016  -0.0043   0.0337   0.0192 -5.4440e-03  -0.0054   0.1142  -0.0056  -0.0049  -0.0014   0.0033  -0.0037   0.0020  -0.0050  -0.0049 -4.9088e-03  -0.0058  -0.0054  -0.0048  -0.0039  -0.0041 -4.0065e-03  -0.0053  -0.0046  -0.0041  -0.0036  -0.0048  -0.0035  -0.0047  -0.0049   0.0517   1.0000  -0.0010  -0.0031  -0.0046  -0.0058  -0.0053  -0.0054
SIM45L2 -0.0138 -0.0044 -0.0062 -0.0037 -0.0050 -0.0012  0.0546 -0.0041  0.0210 -0.0002  -0.0060  1.6986e-02   0.1078  -0.0026   0.0079  -0.0045   0.0144 -1.7574e-03  -0.0063  -0.0055  -0.0043  -0.0052  -0.0043  -0.0039  -0.0039  -0.0040   0.0190  -0.0057 -4.9474e-03  -0.0012  -0.0058   0.0025   0.0393  -0.0020 -3.3970e-03  -0.0041  -0.0044  -0.0043  -0.0039  -0.0050  -0.0037  -0.0048  -0.0051  -0.0044  -0.0010   1.0000  -0.0033  -0.0069  -0.0061  -0.0056  -0.0051
SIM46L2  0.0426 -0.0023 -0.0034 -0.0037  0.0108 -0.0036 -0.0030  0.0175 -0.0034 -0.0029  -0.0041 -2.9627e-03   0.0436  -0.0039  -0.0043  -0.0031   0.0245 -2.4351e-03  -0.0039  -0.0051   0.0022   0.0421   0.0102  -0.0030  -0.0027  -0.0027  -0.0032  -0.0042 -4.4352e-03  -0.0042   0.0192  -0.0035  -0.0028   0.0596 -2.9315e-03  -0.0045  -0.0034   0.4253  -0.0026  -0.0035  -0.0025  -0.0034  -0.0035  -0.0033  -0.0031  -0.0033   1.0000   0.3414  -0.0032  -0.0039   0.0758
SIM47L2  0.0455 -0.0060 -0.0082 -0.0037  0.0003 -0.0036 -0.0058  0.0008 -0.0072 -0.0063  -0.0084 -8.7934e-03  -0.0053  -0.0076  -0.0062  -0.0061   0.0100  7.5931e-02  -0.0011   0.0423  -0.0078   0.1942  -0.0062  -0.0064  -0.0055  -0.0053   0.2482  -0.0059 -9.1409e-03  -0.0015  -0.0089  -0.0074   0.0124  -0.0070 -6.2269e-03  -0.0095  -0.0037   0.2472   0.0036  -0.0068  -0.0054  -0.0044   0.0098  -0.0046  -0.0046  -0.0069   0.3414   1.0000  -0.0089  -0.0081   0.0937
SIM48L2  0.0396  0.1200  0.0092 -0.0009 -0.0063 -0.0060 -0.0041 -0.0053 -0.0065 -0.0056   0.0077 -7.9348e-03  -0.0046   0.0138   0.1030   0.0014  -0.0036 -7.4813e-03  -0.0076  -0.0089  -0.0077  -0.0038   0.0063  -0.0058  -0.0042  -0.0052  -0.0043   0.0055 -4.2336e-03   0.0032   0.0575  -0.0065  -0.0054  -0.0076 -5.5901e-03  -0.0086   0.2009  -0.0038  -0.0050  -0.0066   0.0126  -0.0064  -0.0065  -0.0062  -0.0058  -0.0061  -0.0032  -0.0089   1.0000  -0.0046  -0.0072
SIM49L2  0.0382  0.0042  0.1751 -0.0064  0.0106 -0.0061 -0.0029 -0.0048 -0.0059 -0.0050  -0.0071  2.8970e-01  -0.0048  -0.0065  -0.0069  -0.0053  -0.0056 -6.8367e-03  -0.0069   0.0370   0.0002  -0.0061  -0.0051  -0.0052  -0.0029  -0.0031  -0.0065  -0.0013  2.7278e-02  -0.0065  -0.0070  -0.0059  -0.0049   0.0097 -5.0979e-03  -0.0078   0.0059  -0.0051  -0.0026  -0.0055  -0.0044   0.2270  -0.0061  -0.0048  -0.0053  -0.0056  -0.0039  -0.0081  -0.0046   1.0000   0.0056
SIM50L2  0.0512 -0.0053 -0.0017 -0.0065  0.0164 -0.0062 -0.0053  0.0181 -0.0059 -0.0051  -0.0072  6.3576e-02   0.0865  -0.0028  -0.0066  -0.0022  -0.0057  2.6534e-02  -0.0070  -0.0074  -0.0005  -0.0062   0.0018  -0.0036  -0.0031  -0.0043  -0.0020   0.1032  1.2089e-01  -0.0064  -0.0008  -0.0060  -0.0049   0.1508 -4.8968e-03  -0.0079  -0.0056  -0.0052  -0.0046  -0.0045  -0.0045   0.0038  -0.0058  -0.0048  -0.0054  -0.0051   0.0758   0.0937  -0.0072   0.0056   1.0000

LD Score Matrix Condition Number
3.487

Annotation Correlation Matrix
             SIM1        SIM2        SIM3        SIM4        SIM5        SIM6        SIM7        SIM8        SIM9       SIM10       SIM11       SIM12       SIM13       SIM14       SIM15       SIM16       SIM17       SIM18       SIM19       SIM20       SIM21       SIM22       SIM23       SIM24       SIM25       SIM26       SIM27       SIM28       SIM29       SIM30       SIM31       SIM32       SIM33       SIM34       SIM35       SIM36       SIM37       SIM38       SIM39       SIM40       SIM41       SIM42       SIM43       SIM44       SIM45       SIM46       SIM47       SIM48       SIM49       SIM50
SIM1   1.0000e+00 -6.1718e-05 -6.1718e-05 -5.9875e-05 -5.1853e-05 -5.3971e-05 -4.2338e-05 -5.1853e-05 -5.3971e-05 -5.1853e-05 -5.9875e-05 -6.1718e-05 -5.3971e-05 -5.9875e-05 -4.9645e-05 -5.6008e-05 -5.3971e-05 -5.9875e-05 -7.6328e-05 -4.9645e-05 -5.3971e-05 -5.7974e-05 -5.6008e-05 -4.9645e-05 -5.1853e-05 -5.6008e-05 -5.6008e-05 -6.8597e-05 -5.7974e-05 -7.7782e-05 -5.6008e-05 -5.1853e-05 -6.1718e-05 -5.1853e-05 -5.9875e-05 -4.9645e-05 -4.7335e-05 -4.7335e-05 -5.9875e-05 -3.9603e-05 -5.3971e-05 -5.1853e-05 -5.9875e-05 -4.7335e-05 -5.6008e-05 -3.6665e-05 -7.0211e-05 -6.3508e-05 -5.1853e-05 -5.9875e-05
SIM2  -6.1718e-05  1.0000e+00 -7.6727e-05 -7.4436e-05 -6.4463e-05 -6.7095e-05 -5.2633e-05 -6.4463e-05 -6.7095e-05 -6.4463e-05 -7.4436e-05 -7.6727e-05 -6.7095e-05 -7.4436e-05 -6.1718e-05 -6.9628e-05 -6.7095e-05 -7.4436e-05 -9.4890e-05 -6.1718e-05 -6.7095e-05 -7.2072e-05 -6.9628e-05 -6.1718e-05 -6.4463e-05 -6.9628e-05 -6.9628e-05 -8.5278e-05 -7.2072e-05 -9.6697e-05 -6.9628e-05 -6.4463e-05 -7.6727e-05 -6.4463e-05 -7.4436e-05 -6.1718e-05 -5.8846e-05 -5.8846e-05 -7.4436e-05 -4.9234e-05 -6.7095e-05 -6.4463e-05 -7.4436e-05 -5.8846e-05 -6.9628e-05 -4.5581e-05 -8.7285e-05 -7.8952e-05 -6.4463e-05 -7.4436e-05
SIM3  -6.1718e-05 -7.6727e-05  1.0000e+00 -7.4436e-05 -6.4463e-05 -6.7095e-05 -5.2633e-05 -6.4463e-05 -6.7095e-05 -6.4463e-05 -7.4436e-05 -7.6727e-05 -6.7095e-05 -7.4436e-05 -6.1718e-05 -6.9628e-05 -6.7095e-05 -7.4436e-05 -9.4890e-05 -6.1718e-05 -6.7095e-05 -7.2072e-05 -6.9628e-05 -6.1718e-05 -6.4463e-05 -6.9628e-05 -6.9628e-05 -8.5278e-05 -7.2072e-05 -9.6697e-05 -6.9628e-05 -6.4463e-05 -7.6727e-05 -6.4463e-05 -7.4436e-05 -6.1718e-05 -5.8846e-05 -5.8846e-05 -7.4436e-05 -4.9234e-05 -6.7095e-05 -6.4463e-05 -7.4436e-05 -5.8846e-05 -6.9628e-05 -4.5581e-05 -8.7285e-05 -7.8952e-05 -6.4463e-05 -7.4436e-05
SIM4  -5.9875e-05 -7.4436e-05 -7.4436e-05  1.0000e+00 -6.2538e-05 -6.5092e-05 -5.1062e-05 -6.2538e-05 -6.5092e-05 -6.2538e-05 -7.2213e-05 -7.4436e-05 -6.5092e-05 -7.2213e-05 -5.9875e-05 -6.7549e-05 -6.5092e-05 -7.2213e-05 -9.2056e-05 -5.9875e-05 -6.5092e-05 -6.9920e-05 -6.7549e-05 -5.9875e-05 -6.2538e-05 -6.7549e-05 -6.7549e-05 -8.2732e-05 -6.9920e-05 -9.3810e-05 -6.7549e-05 -6.2538e-05 -7.4436e-05 -6.2538e-05 -7.2213e-05 -5.9875e-05 -5.7089e-05 -5.7089e-05 -7.2213e-05 -4.7764e-05 -6.5092e-05 -6.2538e-05 -7.2213e-05 -5.7089e-05 -6.7549e-05 -4.4220e-05 -8.4679e-05 -7.6594e-05 -6.2538e-05 -7.2213e-05
SIM5  -5.1853e-05 -6.4463e-05 -6.4463e-05 -6.2538e-05  1.0000e+00 -5.6371e-05 -4.4220e-05 -5.4159e-05 -5.6371e-05 -5.4159e-05 -6.2538e-05 -6.4463e-05 -5.6371e-05 -6.2538e-05 -5.1853e-05 -5.8499e-05 -5.6371e-05  7.2111e-02 -7.9722e-05 -5.1853e-05 -5.6371e-05 -6.0552e-05 -5.8499e-05 -5.1853e-05 -5.4159e-05 -5.8499e-05 -5.8499e-05 -7.1647e-05 -6.0552e-05 -8.1241e-05 -5.8499e-05 -5.4159e-05 -6.4463e-05 -5.4159e-05 -6.2538e-05 -5.1853e-05 -4.9440e-05 -4.9440e-05 -6.2538e-05 -4.1364e-05 -5.6371e-05 -5.4159e-05 -6.2538e-05 -4.9440e-05 -5.8499e-05 -3.8296e-05 -7.3333e-05 -6.6332e-05 -5.4159e-05 -6.2538e-05
SIM6  -5.3971e-05 -6.7095e-05 -6.7095e-05 -6.5092e-05 -5.6371e-05  1.0000e+00 -4.6026e-05 -5.6371e-05 -5.8672e-05 -5.6371e-05 -6.5092e-05 -6.7095e-05 -5.8672e-05 -6.5092e-05 -5.3971e-05 -6.0887e-05 -5.8672e-05 -6.5092e-05  5.4315e-02 -5.3971e-05 -5.8672e-05 -6.3025e-05 -6.0887e-05 -5.3971e-05 -5.6371e-05 -6.0887e-05 -6.0887e-05 -7.4573e-05 -6.3025e-05 -8.4559e-05 -6.0887e-05 -5.6371e-05 -6.7095e-05 -5.6371e-05 -6.5092e-05 -5.3971e-05 -5.1459e-05 -5.1459e-05 -6.5092e-05 -4.3053e-05 -5.8672e-05 -5.6371e-05 -6.5092e-05 -5.1459e-05  7.4069e-02 -3.9859e-05 -7.6328e-05 -6.9040e-05 -5.6371e-05 -6.5092e-05
SIM7  -4.2338e-05 -5.2633e-05 -5.2633e-05 -5.1062e-05 -4.4220e-05 -4.6026e-05  1.0000e+00 -4.4220e-05 -4.6026e-05 -4.4220e-05 -5.1062e-05 -5.2633e-05 -4.6026e-05 -5.1062e-05 -4.2338e-05 -4.7763e-05 -4.6026e-05 -5.1062e-05 -6.5092e-05 -4.2338e-05 -4.6026e-05 -4.9440e-05 -4.7763e-05 -4.2338e-05 -4.4220e-05 -4.7763e-05 -4.7763e-05 -5.8499e-05 -4.9440e-05 -6.6333e-05 -4.7763e-05 -4.4220e-05 -5.2633e-05 -4.4220e-05 -5.1062e-05 -4.2338e-05 -4.0367e-05 -4.0367e-05 -5.1062e-05 -3.3773e-05 -4.6026e-05 -4.4220e-05 -5.1062e-05 -4.0367e-05 -4.7763e-05 -3.1268e-05 -5.9876e-05 -5.4159e-05 -4.4220e-05 -5.1062e-05
SIM8  -5.1853e-05 -6.4463e-05 -6.4463e-05 -6.2538e-05 -5.4159e-05 -5.6371e-05 -4.4220e-05  1.0000e+00 -5.6371e-05 -5.4159e-05 -6.2538e-05 -6.4463e-05 -5.6371e-05 -6.2538e-05 -5.1853e-05 -5.8499e-05 -5.6371e-05 -6.2538e-05 -7.9722e-05 -5.1853e-05 -5.6371e-05 -6.0552e-05 -5.8499e-05 -5.1853e-05 -5.4159e-05 -5.8499e-05 -5.8499e-05 -7.1647e-05 -6.0552e-05 -8.1241e-05 -5.8499e-05 -5.4159e-05 -6.4463e-05 -5.4159e-05 -6.2538e-05 -5.1853e-05 -4.9440e-05 -4.9440e-05 -6.2538e-05 -4.1364e-05 -5.6371e-05 -5.4159e-05 -6.2538e-05 -4.9440e-05 -5.8499e-05 -3.8296e-05 -7.3333e-05 -6.6332e-05 -5.4159e-05 -6.2538e-05
SIM9  -5.3971e-05 -6.7095e-05 -6.7095e-05 -6.5092e-05 -5.6371e-05 -5.8672e-05 -4.6026e-05 -5.6371e-05  1.0000e+00 -5.6371e-05 -6.5092e-05 -6.7095e-05 -5.8672e-05 -6.5092e-05 -5.3971e-05 -6.0887e-05 -5.8672e-05 -6.5092e-05 -8.2978e-05  8.3575e-02 -5.8672e-05 -6.3025e-05 -6.0887e-05 -5.3971e-05 -5.6371e-05 -6.0887e-05 -6.0887e-05 -7.4573e-05 -6.3025e-05 -8.4559e-05 -6.0887e-05 -5.6371e-05 -6.7095e-05 -5.6371e-05 -6.5092e-05 -5.3971e-05 -5.1459e-05 -5.1459e-05 -6.5092e-05 -4.3053e-05  7.6869e-02 -5.6371e-05 -6.5092e-05 -5.1459e-05 -6.0887e-05 -3.9859e-05 -7.6328e-05 -6.9040e-05 -5.6371e-05 -6.5092e-05
SIM10 -5.1853e-05 -6.4463e-05 -6.4463e-05 -6.2538e-05 -5.4159e-05 -5.6371e-05 -4.4220e-05 -5.4159e-05 -5.6371e-05  1.0000e+00 -6.2538e-05 -6.4463e-05 -5.6371e-05 -6.2538e-05 -5.1853e-05 -5.8499e-05 -5.6371e-05 -6.2538e-05 -7.9722e-05 -5.1853e-05 -5.6371e-05 -6.0552e-05 -5.8499e-05 -5.1853e-05 -5.4159e-05 -5.8499e-05 -5.8499e-05 -7.1647e-05 -6.0552e-05 -8.1241e-05 -5.8499e-05 -5.4159e-05 -6.4463e-05 -5.4159e-05 -6.2538e-05 -5.1853e-05 -4.9440e-05 -4.9440e-05 -6.2538e-05 -4.1364e-05 -5.6371e-05 -5.4159e-05 -6.2538e-05 -4.9440e-05 -5.8499e-05 -3.8296e-05 -7.3333e-05 -6.6332e-05 -5.4159e-05 -6.2538e-05
SIM11 -5.9875e-05 -7.4436e-05 -7.4436e-05 -7.2213e-05 -6.2538e-05 -6.5092e-05 -5.1062e-05 -6.2538e-05 -6.5092e-05 -6.2538e-05  1.0000e+00 -7.4436e-05 -6.5092e-05 -7.2213e-05 -5.9875e-05 -6.7549e-05 -6.5092e-05 -7.2213e-05 -9.2056e-05 -5.9875e-05 -6.5092e-05 -6.9920e-05 -6.7549e-05 -5.9875e-05 -6.2538e-05 -6.7549e-05 -6.7549e-05 -8.2732e-05 -6.9920e-05 -9.3810e-05 -6.7549e-05 -6.2538e-05 -7.4436e-05 -6.2538e-05 -7.2213e-05 -5.9875e-05 -5.7089e-05 -5.7089e-05 -7.2213e-05 -4.7764e-05 -6.5092e-05 -6.2538e-05 -7.2213e-05 -5.7089e-05 -6.7549e-05 -4.4220e-05 -8.4679e-05 -7.6594e-05 -6.2538e-05 -7.2213e-05
SIM12 -6.1718e-05 -7.6727e-05 -7.6727e-05 -7.4436e-05 -6.4463e-05 -6.7095e-05 -5.2633e-05 -6.4463e-05 -6.7095e-05 -6.4463e-05 -7.4436e-05  1.0000e+00 -6.7095e-05 -7.4436e-05 -6.1718e-05 -6.9628e-05 -6.7095e-05 -7.4436e-05 -9.4890e-05 -6.1718e-05 -6.7095e-05 -7.2072e-05 -6.9628e-05 -6.1718e-05 -6.4463e-05 -6.9628e-05 -6.9628e-05 -8.5278e-05 -7.2072e-05 -9.6697e-05 -6.9628e-05 -6.4463e-05 -7.6727e-05 -6.4463e-05  6.0564e-02 -6.1718e-05 -5.8846e-05 -5.8846e-05 -7.4436e-05 -4.9234e-05 -6.7095e-05 -6.4463e-05 -7.4436e-05 -5.8846e-05 -6.9628e-05 -4.5581e-05 -8.7285e-05 -7.8952e-05 -6.4463e-05 -7.4436e-05
SIM13 -5.3971e-05 -6.7095e-05 -6.7095e-05 -6.5092e-05 -5.6371e-05 -5.8672e-05 -4.6026e-05 -5.6371e-05 -5.8672e-05 -5.6371e-05 -6.5092e-05 -6.7095e-05  1.0000e+00 -6.5092e-05 -5.3971e-05 -6.0887e-05 -5.8672e-05 -6.5092e-05 -8.2978e-05 -5.3971e-05 -5.8672e-05 -6.3025e-05 -6.0887e-05 -5.3971e-05 -5.6371e-05 -6.0887e-05 -6.0887e-05 -7.4573e-05 -6.3025e-05 -8.4559e-05 -6.0887e-05 -5.6371e-05 -6.7095e-05 -5.6371e-05 -6.5092e-05 -5.3971e-05 -5.1459e-05 -5.1459e-05  6.9277e-02 -4.3053e-05 -5.8672e-05 -5.6371e-05 -6.5092e-05 -5.1459e-05 -6.0887e-05 -3.9859e-05 -7.6328e-05 -6.9040e-05 -5.6371e-05 -6.5092e-05
SIM14 -5.9875e-05 -7.4436e-05 -7.4436e-05 -7.2213e-05 -6.2538e-05 -6.5092e-05 -5.1062e-05 -6.2538e-05 -6.5092e-05 -6.2538e-05 -7.2213e-05 -7.4436e-05 -6.5092e-05  1.0000e+00 -5.9875e-05 -6.7549e-05 -6.5092e-05 -7.2213e-05 -9.2056e-05 -5.9875e-05 -6.5092e-05 -6.9920e-05 -6.7549e-05 -5.9875e-05 -6.2538e-05 -6.7549e-05 -6.7549e-05 -8.2732e-05 -6.9920e-05 -9.3810e-05 -6.7549e-05 -6.2538e-05 -7.4436e-05 -6.2538e-05 -7.2213e-05 -5.9875e-05 -5.7089e-05 -5.7089e-05 -7.2213e-05 -4.7764e-05 -6.5092e-05 -6.2538e-05 -7.2213e-05 -5.7089e-05 -6.7549e-05 -4.4220e-05 -8.4679e-05  1.1778e-01 -6.2538e-05 -7.2213e-05
SIM15 -4.9645e-05 -6.1718e-05 -6.1718e-05 -5.9875e-05 -5.1853e-05 -5.3971e-05 -4.2338e-05 -5.1853e-05 -5.3971e-05 -5.1853e-05 -5.9875e-05 -6.1718e-05 -5.3971e-05 -5.9875e-05  1.0000e+00 -5.6008e-05 -5.3971e-05 -5.9875e-05 -7.6328e-05 -4.9645e-05 -5.3971e-05 -5.7974e-05 -5.6008e-05 -4.9645e-05 -5.1853e-05 -5.6008e-05 -5.6008e-05 -6.8597e-05 -5.7974e-05 -7.7782e-05 -5.6008e-05 -5.1853e-05 -6.1718e-05 -5.1853e-05 -5.9875e-05 -4.9645e-05 -4.7335e-05 -4.7335e-05 -5.9875e-05 -3.9603e-05 -5.3971e-05 -5.1853e-05 -5.9875e-05 -4.7335e-05 -5.6008e-05 -3.6665e-05 -7.0211e-05 -6.3508e-05 -5.1853e-05 -5.9875e-05
