*********************************************************************
* LD Score Regression (LDSC)
* Version 1.0.1
* (C) 2014-2019 Brendan Bulik-Sullivan and Hilary Finucane
* Broad Institute of MIT and Harvard / MIT Department of Mathematics
* GNU General Public License v3
*********************************************************************
Call: 
./ldsc.py \
--out /data/sbcs/GuoLab/backup/liq17/CRC_TF_TWAS_zhishan2024/NC_revision_OceanCode/v2_NC_revision//84Tracks//ldscores_sim500//21 \
--bfile /data/sbcs/GuoLab/backup/liq17/ref/Alkesgroup/1000G_EUR_Phase3_plink_hg38/1000G.EUR.QC.21 \
--annot /data/sbcs/GuoLab/backup/liq17/CRC_TF_TWAS_zhishan2024/NC_revision_OceanCode/v2_NC_revision//84Tracks//annots_sim500//21.annot.txt \
--l2  \
--ld-wind-kb 100.0 

Beginning analysis at Mon Oct 27 00:21:53 2025
Read list of 138654 SNPs from /data/sbcs/GuoLab/backup/liq17/ref/Alkesgroup/1000G_EUR_Phase3_plink_hg38/1000G.EUR.QC.21.bim
Read 50 annotations for 138654 SNPs from /data/sbcs/GuoLab/backup/liq17/CRC_TF_TWAS_zhishan2024/NC_revision_OceanCode/v2_NC_revision//84Tracks//annots_sim500//21.annot.txt
Read list of 489 individuals from /data/sbcs/GuoLab/backup/liq17/ref/Alkesgroup/1000G_EUR_Phase3_plink_hg38/1000G.EUR.QC.21.fam
Reading genotypes from /data/sbcs/GuoLab/backup/liq17/ref/Alkesgroup/1000G_EUR_Phase3_plink_hg38/1000G.EUR.QC.21.bed
Estimating LD Score.
Writing LD Scores for 138654 SNPs to /data/sbcs/GuoLab/backup/liq17/CRC_TF_TWAS_zhishan2024/NC_revision_OceanCode/v2_NC_revision//84Tracks//ldscores_sim500//21.l2.ldscore.gz

Summary of LD Scores in /data/sbcs/GuoLab/backup/liq17/CRC_TF_TWAS_zhishan2024/NC_revision_OceanCode/v2_NC_revision//84Tracks//ldscores_sim500//21.l2.ldscore.gz
         MAF  SIM1L2  SIM2L2  SIM3L2  SIM4L2  SIM5L2  SIM6L2  SIM7L2  SIM8L2  SIM9L2  SIM10L2  SIM11L2  SIM12L2  SIM13L2  SIM14L2  SIM15L2  SIM16L2  SIM17L2  SIM18L2  SIM19L2  SIM20L2  SIM21L2  SIM22L2  SIM23L2  SIM24L2  SIM25L2  SIM26L2  SIM27L2  SIM28L2  SIM29L2  SIM30L2  SIM31L2  SIM32L2  SIM33L2  SIM34L2  SIM35L2  SIM36L2  SIM37L2  SIM38L2  SIM39L2  SIM40L2  SIM41L2  SIM42L2  SIM43L2  SIM44L2  SIM45L2  SIM46L2  SIM47L2  SIM48L2  SIM49L2  SIM50L2
mean  0.1537  0.0031  0.0030  0.0011  0.0018  0.0035  0.0027  0.0005  0.0021  0.0040   0.0029   0.0007   0.0021   0.0018   0.0012   0.0011   0.0037   0.0033   0.0011   0.0040   0.0011   0.0006   0.0030   0.0014   0.0013   0.0019   0.0002   0.0014   0.0038   0.0019   0.0022   0.0035   0.0013   0.0029   0.0029   0.0014   0.0041   0.0009   0.0011   0.0011   0.0019   0.0027   0.0014   0.0018   0.0016   0.0002   0.0019   0.0035   0.0054   0.0024   0.0003
std   0.1511  0.0420  0.0410  0.0228  0.0295  0.0385  0.0352  0.0149  0.0367  0.0493   0.0370   0.0178   0.0363   0.0292   0.0205   0.0242   0.0459   0.0407   0.0205   0.0465   0.0301   0.0173   0.0435   0.0226   0.0215   0.0288   0.0091   0.0298   0.0458   0.0329   0.0348   0.0425   0.0249   0.0450   0.0448   0.0288   0.0472   0.0201   0.0222   0.0174   0.0320   0.0377   0.0270   0.0321   0.0304   0.0085   0.0291   0.0469   0.0540   0.0384   0.0115
min   0.0051 -0.0036 -0.0021 -0.0021 -0.0021 -0.0036 -0.0021 -0.0021 -0.0021 -0.0021  -0.0021  -0.0041  -0.0041  -0.0021  -0.0023  -0.0021  -0.0041  -0.0021  -0.0021  -0.0021  -0.0040  -0.0021  -0.0021  -0.0021  -0.0041  -0.0021  -0.0021  -0.0021  -0.0032  -0.0021  -0.0041  -0.0021  -0.0021  -0.0021  -0.0039  -0.0021  -0.0021  -0.0021  -0.0061  -0.0021  -0.0021  -0.0039  -0.0021  -0.0021  -0.0040  -0.0021  -0.0041  -0.0021  -0.0040  -0.0021  -0.0021
25%   0.0204  0.0000  0.0000  0.0000  0.0000  0.0000  0.0000  0.0000  0.0000  0.0000   0.0000   0.0000   0.0000   0.0000   0.0000   0.0000   0.0000   0.0000   0.0000   0.0000   0.0000   0.0000   0.0000   0.0000   0.0000   0.0000   0.0000   0.0000   0.0000   0.0000   0.0000   0.0000   0.0000   0.0000   0.0000   0.0000   0.0000   0.0000   0.0000   0.0000   0.0000   0.0000   0.0000   0.0000   0.0000   0.0000   0.0000   0.0000   0.0000   0.0000   0.0000
50%   0.0941  0.0000  0.0000  0.0000  0.0000  0.0000  0.0000  0.0000  0.0000  0.0000   0.0000   0.0000   0.0000   0.0000   0.0000   0.0000   0.0000   0.0000   0.0000   0.0000   0.0000   0.0000   0.0000   0.0000   0.0000   0.0000   0.0000   0.0000   0.0000   0.0000   0.0000   0.0000   0.0000   0.0000   0.0000   0.0000   0.0000   0.0000   0.0000   0.0000   0.0000   0.0000   0.0000   0.0000   0.0000   0.0000   0.0000   0.0000   0.0000   0.0000   0.0000
75%   0.2679  0.0000  0.0000  0.0000  0.0000  0.0000  0.0000  0.0000  0.0000  0.0000   0.0000   0.0000   0.0000   0.0000   0.0000   0.0000   0.0000   0.0000   0.0000   0.0000   0.0000   0.0000   0.0000   0.0000   0.0000   0.0000   0.0000   0.0000   0.0000   0.0000   0.0000   0.0000   0.0000   0.0000   0.0000   0.0000   0.0000   0.0000   0.0000   0.0000   0.0000   0.0000   0.0000   0.0000   0.0000   0.0000   0.0000   0.0000   0.0000   0.0000   0.0000
max   0.5000  1.0000  1.0000  1.0000  1.0000  1.0000  1.0000  1.0000  1.0000  1.0000   1.0000   1.0000   1.0000   1.0000   1.0000   1.0000   1.0014   1.0000   1.0000   1.0000   1.0000   1.0000   1.0000   1.0000   1.0000   1.0000   1.0000   1.0000   1.0339   1.0000   1.0047   1.0000   1.0000   1.0000   1.0000   1.0000   1.0000   1.0000   1.0454   1.0000   1.0000   1.0000   1.0000   1.0000   1.0000   1.0000   1.0212   1.0000   1.0000   1.0000   1.0000

MAF/LD Score Correlation Matrix
            MAF      SIM1L2  SIM2L2  SIM3L2      SIM4L2  SIM5L2  SIM6L2  SIM7L2  SIM8L2  SIM9L2  SIM10L2  SIM11L2  SIM12L2  SIM13L2  SIM14L2  SIM15L2  SIM16L2  SIM17L2  SIM18L2  SIM19L2  SIM20L2  SIM21L2  SIM22L2     SIM23L2  SIM24L2  SIM25L2     SIM26L2  SIM27L2  SIM28L2  SIM29L2  SIM30L2     SIM31L2  SIM32L2  SIM33L2  SIM34L2  SIM35L2  SIM36L2  SIM37L2  SIM38L2  SIM39L2  SIM40L2  SIM41L2  SIM42L2     SIM43L2  SIM44L2  SIM45L2  SIM46L2  SIM47L2  SIM48L2  SIM49L2  SIM50L2
MAF      1.0000  5.1822e-03  0.0444  0.0089  6.6587e-02  0.1041  0.0143  0.0006  0.0861  0.0369   0.0364   0.0041   0.0162   0.0464   0.0559  -0.0027   0.0819   0.0830   0.0314   0.0691  -0.0300  -0.0151   0.0749 -5.1628e-04   0.0361   0.0460 -1.3072e-02   0.0127   0.0107   0.0801  -0.0086  2.9943e-02   0.0292   0.0277  -0.0135   0.0055   0.0386  -0.0012  -0.0058   0.0402   0.0190   0.0538   0.0173  4.0965e-02   0.0086   0.0121   0.0423   0.0402   0.0653   0.0118   0.0008
SIM1L2   0.0052  1.0000e+00 -0.0054 -0.0037  2.8902e-03  0.0272 -0.0058 -0.0025 -0.0042  0.0482  -0.0061  -0.0030  -0.0043  -0.0046  -0.0046  -0.0033   0.1286   0.0322  -0.0034   0.0316  -0.0028  -0.0026  -0.0051 -4.6622e-03   0.0162   0.0008 -1.9920e-03  -0.0034  -0.0063  -0.0042   0.0046 -1.3512e-05  -0.0038  -0.0048   0.0913   0.0116   0.0012  -0.0033  -0.0037  -0.0045  -0.0038  -0.0053  -0.0039 -1.9675e-03  -0.0042  -0.0017  -0.0013   0.0485  -0.0042  -0.0046  -0.0028
SIM2L2   0.0444 -5.4023e-03  1.0000 -0.0035 -4.4230e-03 -0.0066  0.0297 -0.0024 -0.0040 -0.0059  -0.0055  -0.0029  -0.0041  -0.0044  -0.0042  -0.0032  -0.0058  -0.0059  -0.0039  -0.0063  -0.0027  -0.0025  -0.0049 -4.5123e-03  -0.0044  -0.0047 -1.9168e-03  -0.0033  -0.0058  -0.0042  -0.0046 -5.9145e-03  -0.0036  -0.0047  -0.0047  -0.0036   0.0021  -0.0032  -0.0035  -0.0044  -0.0044  -0.0051  -0.0038 -4.0296e-03  -0.0038  -0.0017  -0.0046  -0.0053   0.0631  -0.0045  -0.0020
SIM3L2   0.0089 -3.6668e-03 -0.0035  1.0000 -3.0819e-03 -0.0040  0.0057 -0.0018 -0.0031 -0.0035   0.0028   0.0119  -0.0021  -0.0030  -0.0017  -0.0022  -0.0040  -0.0016  -0.0017  -0.0042   0.0473  -0.0017  -0.0025  2.0500e-02   0.0061  -0.0032  1.1543e-03  -0.0022  -0.0042  -0.0028   0.0705 -2.9919e-03   0.0065  -0.0032  -0.0032  -0.0025   0.0401  -0.0022  -0.0024  -0.0030  -0.0030  -0.0034   0.0040 -2.7158e-03  -0.0026  -0.0009  -0.0031  -0.0032  -0.0033  -0.0024  -0.0014
SIM4L2   0.0666  2.8902e-03 -0.0044 -0.0031  1.0000e+00 -0.0056 -0.0048 -0.0020 -0.0034 -0.0050  -0.0049  -0.0031   0.0298  -0.0038  -0.0035   0.0020   0.0095  -0.0050  -0.0034  -0.0008  -0.0023  -0.0021  -0.0042 -7.9080e-05   0.0057  -0.0040 -1.6310e-03  -0.0028  -0.0053  -0.0036  -0.0039 -2.6044e-03   0.0003  -0.0040  -0.0032  -0.0016  -0.0028   0.0134  -0.0030   0.1444  -0.0037  -0.0043  -0.0032 -3.4287e-03  -0.0031  -0.0014  -0.0039  -0.0045   0.1749  -0.0038  -0.0017
SIM5L2   0.1041  2.7208e-02 -0.0066 -0.0040 -5.5834e-03  1.0000 -0.0070 -0.0030 -0.0041 -0.0074  -0.0072   0.0129  -0.0047  -0.0056  -0.0053  -0.0027   0.1514   0.4138  -0.0047   0.3582  -0.0033  -0.0031  -0.0062 -5.1014e-03  -0.0057  -0.0060 -2.4196e-03   0.0200  -0.0074   0.0054   0.0048 -7.4661e-03   0.0394  -0.0025  -0.0059  -0.0044  -0.0079  -0.0040  -0.0027  -0.0049  -0.0055  -0.0064  -0.0047  8.2126e-03   0.0279  -0.0021  -0.0058   0.3768  -0.0008  -0.0056   0.0430
SIM6L2   0.0143 -5.8407e-03  0.0297  0.0057 -4.7725e-03 -0.0070  1.0000 -0.0026 -0.0044 -0.0060  -0.0062   0.0024  -0.0043   0.0977  -0.0045  -0.0041  -0.0060  -0.0064  -0.0049  -0.0062  -0.0029  -0.0027   0.0303  6.3848e-03  -0.0038  -0.0051 -2.0723e-03  -0.0008   0.0276  -0.0045   0.0325  1.6513e-02   0.0063  -0.0050   0.0031  -0.0039   0.0108  -0.0034   0.0245  -0.0006  -0.0047  -0.0047  -0.0041 -4.3566e-03  -0.0040   0.0093  -0.0033  -0.0058  -0.0078   0.0023  -0.0022
SIM7L2   0.0006 -2.4629e-03 -0.0024 -0.0018 -2.0165e-03 -0.0030 -0.0026  1.0000 -0.0018 -0.0027  -0.0021  -0.0013  -0.0019  -0.0020  -0.0019  -0.0014  -0.0026  -0.0027  -0.0018  -0.0029  -0.0013  -0.0011  -0.0023 -2.1181e-03  -0.0022  -0.0022 -8.7385e-04  -0.0015  -0.0026  -0.0019  -0.0022 -2.6964e-03  -0.0017  -0.0021  -0.0021  -0.0016  -0.0030  -0.0015  -0.0016  -0.0020  -0.0020  -0.0023  -0.0017 -1.8371e-03  -0.0017   0.0025  -0.0021  -0.0024  -0.0033  -0.0020  -0.0009
SIM8L2   0.0861 -4.1967e-03 -0.0040 -0.0031 -3.4360e-03 -0.0041 -0.0044 -0.0018  1.0000 -0.0046  -0.0045  -0.0022  -0.0032  -0.0034   0.0123  -0.0025  -0.0045  -0.0045  -0.0030  -0.0049  -0.0021  -0.0019  -0.0038 -3.5053e-03  -0.0035  -0.0037 -1.4890e-03  -0.0026  -0.0043   0.5491  -0.0036 -4.5946e-03  -0.0028   0.3440  -0.0036  -0.0028  -0.0049  -0.0025   0.0151  -0.0034  -0.0034  -0.0039  -0.0029 -3.1303e-03  -0.0030  -0.0013  -0.0036  -0.0041   0.2220  -0.0035  -0.0015
SIM9L2   0.0369  4.8227e-02 -0.0059 -0.0035 -4.9957e-03 -0.0074 -0.0060 -0.0027 -0.0046  1.0000  -0.0051  -0.0033  -0.0050  -0.0050  -0.0033  -0.0036  -0.0066  -0.0035  -0.0046   0.0142  -0.0030  -0.0028   0.0140  2.2043e-03   0.0019   0.0029 -2.1649e-03  -0.0025  -0.0054  -0.0029  -0.0052 -6.2356e-03  -0.0041  -0.0053   0.1330   0.0004  -0.0026  -0.0014  -0.0040  -0.0046  -0.0050  -0.0057   0.0025 -4.5524e-03  -0.0043   0.0022  -0.0048  -0.0060  -0.0080  -0.0050  -0.0023
SIM10L2  0.0364 -6.0525e-03 -0.0055  0.0028 -4.8862e-03 -0.0072 -0.0062 -0.0021 -0.0045 -0.0051   1.0000  -0.0032  -0.0046  -0.0049   0.0070  -0.0034  -0.0064  -0.0065  -0.0043  -0.0069  -0.0022  -0.0027  -0.0055 -1.6121e-03  -0.0030  -0.0052  4.2308e-02  -0.0035  -0.0065  -0.0046  -0.0040 -6.6288e-03  -0.0040  -0.0051   0.0025  -0.0047   0.0355  -0.0035  -0.0039  -0.0048  -0.0048  -0.0058   0.0226  1.2201e-01  -0.0042  -0.0018  -0.0051  -0.0058  -0.0080  -0.0049  -0.0022
SIM11L2  0.0041 -2.9827e-03 -0.0029  0.0119 -3.0926e-03  0.0129  0.0024 -0.0013 -0.0022 -0.0033  -0.0032   1.0000  -0.0024  -0.0025  -0.0023  -0.0018  -0.0022  -0.0035  -0.0022  -0.0034  -0.0015  -0.0014   0.0095  1.3589e-02  -0.0024  -0.0026 -1.0583e-03   0.0121  -0.0038  -0.0023  -0.0025  4.6642e-03   0.0126  -0.0026  -0.0026  -0.0020   0.0067  -0.0018  -0.0012  -0.0027  -0.0024  -0.0028  -0.0021 -2.2248e-03  -0.0013  -0.0009  -0.0026  -0.0029  -0.0046  -0.0025  -0.0011
SIM12L2  0.0162 -4.3112e-03 -0.0041 -0.0021  2.9757e-02 -0.0047 -0.0043 -0.0019 -0.0032 -0.0050  -0.0046  -0.0024   1.0000  -0.0035  -0.0006  -0.0025  -0.0017  -0.0047  -0.0019  -0.0039  -0.0021  -0.0020  -0.0039 -2.0750e-03  -0.0021   0.0117 -1.5300e-03  -0.0011  -0.0045  -0.0033  -0.0032  2.1264e-01  -0.0021  -0.0014   0.0243   0.0666  -0.0048  -0.0025  -0.0028  -0.0032  -0.0045   0.0100  -0.0028 -2.8850e-03  -0.0013  -0.0013  -0.0037   0.0595   0.0034  -0.0018  -0.0016
SIM13L2  0.0464 -4.6009e-03 -0.0044 -0.0030 -3.7669e-03 -0.0056  0.0977 -0.0020 -0.0034 -0.0050  -0.0049  -0.0025  -0.0035   1.0000  -0.0035  -0.0032  -0.0048  -0.0050  -0.0041   0.0328  -0.0023  -0.0021   0.0068 -3.8429e-03  -0.0038  -0.0040 -1.6324e-03  -0.0021  -0.0041  -0.0036  -0.0039  2.6300e-02   0.0024  -0.0040  -0.0040  -0.0031  -0.0025  -0.0027   0.0012   0.0013  -0.0037  -0.0043  -0.0032 -3.4318e-03  -0.0032  -0.0014  -0.0039  -0.0045  -0.0061   0.3797  -0.0017
SIM14L2  0.0559 -4.5762e-03 -0.0042 -0.0017 -3.5420e-03 -0.0053 -0.0045 -0.0019  0.0123 -0.0033   0.0070  -0.0023  -0.0006  -0.0035   1.0000  -0.0025  -0.0047  -0.0047  -0.0032  -0.0050  -0.0021  -0.0020  -0.0040 -3.6135e-03  -0.0036  -0.0038 -1.5350e-03   0.2264  -0.0042  -0.0033  -0.0037 -4.7364e-03  -0.0029  -0.0037  -0.0046  -0.0029  -0.0050  -0.0026  -0.0028  -0.0035  -0.0035  -0.0041  -0.0030 -3.2058e-03  -0.0030  -0.0013   0.0022  -0.0025  -0.0058  -0.0036  -0.0016
SIM15L2 -0.0027 -3.2987e-03 -0.0032 -0.0022  1.9584e-03 -0.0027 -0.0041 -0.0014 -0.0025 -0.0036  -0.0034  -0.0018  -0.0025  -0.0032  -0.0025   1.0000  -0.0028  -0.0036  -0.0036  -0.0038  -0.0016  -0.0015  -0.0030  1.0777e-01   0.0019  -0.0029 -1.1704e-03  -0.0019  -0.0036  -0.0026   0.0223 -3.6111e-03  -0.0022  -0.0028  -0.0029  -0.0022  -0.0030  -0.0019  -0.0031  -0.0037  -0.0027  -0.0031  -0.0023 -2.4605e-03  -0.0023  -0.0010  -0.0028   0.0200   0.0288  -0.0027  -0.0030
SIM16L2  0.0819  1.2856e-01 -0.0058 -0.0040  9.5248e-03  0.1514 -0.0060 -0.0026 -0.0045 -0.0066  -0.0064  -0.0022  -0.0017  -0.0048  -0.0047  -0.0028   1.0000  -0.0065   0.0174   0.0159  -0.0030  -0.0028  -0.0055 -5.0417e-03  -0.0050   0.0776 -2.1417e-03   0.0242  -0.0060  -0.0025  -0.0051  3.0858e-03  -0.0041  -0.0052  -0.0051   0.0048   0.0013  -0.0036  -0.0031   0.0031  -0.0049  -0.0057  -0.0042 -4.5024e-03   0.1045  -0.0019  -0.0052  -0.0060  -0.0054  -0.0049   0.1356
SIM17L2  0.0830  3.2161e-02 -0.0059 -0.0016 -4.9793e-03  0.4138 -0.0064 -0.0027 -0.0045 -0.0035  -0.0065  -0.0035  -0.0047  -0.0050  -0.0047  -0.0036  -0.0065   1.0000  -0.0044   0.3392  -0.0030  -0.0028  -0.0056 -5.0797e-03   0.0017  -0.0053 -2.1578e-03  -0.0036  -0.0063  -0.0031   0.0049 -6.6583e-03  -0.0041  -0.0021  -0.0052  -0.0010  -0.0071  -0.0036  -0.0040  -0.0049  -0.0049  -0.0057  -0.0042 -3.1270e-04  -0.0043   0.0010  -0.0052   0.3565  -0.0042  -0.0050  -0.0022
SIM18L2  0.0314 -3.4271e-03 -0.0039 -0.0017 -3.3557e-03 -0.0047 -0.0049 -0.0018 -0.0030 -0.0046  -0.0043  -0.0022  -0.0019  -0.0041  -0.0032  -0.0036   0.0174  -0.0044   1.0000  -0.0048  -0.0031  -0.0019  -0.0037 -3.3968e-03  -0.0034   0.0070 -1.4542e-03  -0.0025  -0.0040  -0.0032   0.0044 -4.4872e-03  -0.0027  -0.0035  -0.0036  -0.0027  -0.0046  -0.0024  -0.0027   0.0608  -0.0033  -0.0039  -0.0028 -3.0572e-03   0.0043  -0.0013  -0.0035  -0.0024   0.0152  -0.0012  -0.0014
SIM19L2  0.0691  3.1575e-02 -0.0063 -0.0042 -8.1097e-04  0.3582 -0.0062 -0.0029 -0.0049  0.0142  -0.0069  -0.0034  -0.0039   0.0328  -0.0050  -0.0038   0.0159   0.3392  -0.0048   1.0000  -0.0032  -0.0029  -0.0060 -5.5970e-03  -0.0003  -0.0057 -2.3124e-03  -0.0040  -0.0072  -0.0037   0.0032  1.3253e-02  -0.0040  -0.0029  -0.0039   0.0114   0.0087   0.0135  -0.0043  -0.0053  -0.0053  -0.0061  -0.0045 -1.1523e-03  -0.0044  -0.0020  -0.0037   0.3109  -0.0020   0.0236  -0.0024
SIM20L2 -0.0300 -2.7551e-03 -0.0027  0.0473 -2.2557e-03 -0.0033 -0.0029 -0.0013 -0.0021 -0.0030  -0.0022  -0.0015  -0.0021  -0.0023  -0.0021  -0.0016  -0.0030  -0.0030  -0.0031  -0.0032   1.0000  -0.0013  -0.0025 -1.7348e-03  -0.0024  -0.0024 -9.7751e-04  -0.0017  -0.0022  -0.0021  -0.0025 -3.0163e-03  -0.0019  -0.0024  -0.0024  -0.0018  -0.0003  -0.0016  -0.0018  -0.0022  -0.0022  -0.0026  -0.0011 -2.0550e-03  -0.0027  -0.0008  -0.0024  -0.0019  -0.0037  -0.0015  -0.0010
SIM21L2 -0.0151 -2.5687e-03 -0.0025 -0.0017 -2.1031e-03 -0.0031 -0.0027 -0.0011 -0.0019 -0.0028  -0.0027  -0.0014  -0.0020  -0.0021  -0.0020  -0.0015  -0.0028  -0.0028  -0.0019  -0.0029  -0.0013   1.0000  -0.0023 -2.1455e-03  -0.0021  -0.0022 -9.1140e-04  -0.0016  -0.0028  -0.0020  -0.0022 -1.9109e-03  -0.0017  -0.0015  -0.0028  -0.0017  -0.0030  -0.0015  -0.0024  -0.0021  -0.0021  -0.0024  -0.0018 -1.9160e-03  -0.0018  -0.0008   0.3451  -0.0019  -0.0034  -0.0021  -0.0009
SIM22L2  0.0749 -5.1343e-03 -0.0049 -0.0025 -4.2141e-03 -0.0062  0.0303 -0.0023 -0.0038  0.0140  -0.0055   0.0095  -0.0039   0.0068  -0.0040  -0.0030  -0.0055  -0.0056  -0.0037  -0.0060  -0.0025  -0.0023   1.0000  5.0334e-03  -0.0043   0.1967 -1.8217e-03  -0.0031  -0.0054  -0.0040  -0.0044  9.8226e-02  -0.0012  -0.0044  -0.0044  -0.0034  -0.0040  -0.0030  -0.0033  -0.0041  -0.0042  -0.0048   0.1195 -3.8297e-03  -0.0036  -0.0016  -0.0044  -0.0051  -0.0069   0.0041  -0.0019
SIM23L2 -0.0005 -4.6622e-03 -0.0045  0.0205 -7.9080e-05 -0.0051  0.0064 -0.0021 -0.0035  0.0022  -0.0016   0.0136  -0.0021  -0.0038  -0.0036   0.1078  -0.0050  -0.0051  -0.0034  -0.0056  -0.0017  -0.0021   0.0050  1.0000e+00  -0.0019   0.0116 -1.6639e-03  -0.0029  -0.0025  -0.0036   0.0192 -4.5157e-03   0.0762  -0.0040  -0.0040  -0.0031   0.0260  -0.0028  -0.0031  -0.0038  -0.0038  -0.0044   0.0146 -3.4987e-03  -0.0030  -0.0014  -0.0040   0.0079   0.1018  -0.0037  -0.0032
SIM24L2  0.0361  1.6240e-02 -0.0044  0.0061  5.6588e-03 -0.0057 -0.0038 -0.0022 -0.0035  0.0019  -0.0030  -0.0024  -0.0021  -0.0038  -0.0036   0.0019  -0.0050   0.0017  -0.0034  -0.0003  -0.0024  -0.0021  -0.0043 -1.9004e-03   1.0000  -0.0041 -1.6544e-03  -0.0029   0.0022  -0.0036  -0.0019 -4.9720e-03  -0.0032  -0.0041  -0.0040  -0.0031   0.0023  -0.0028  -0.0030  -0.0038  -0.0038  -0.0044  -0.0032 -3.4781e-03  -0.0034   0.0193  -0.0040   0.0169  -0.0032  -0.0039  -0.0017
SIM25L2  0.0460  7.8170e-04 -0.0047 -0.0032 -4.0261e-03 -0.0060 -0.0051 -0.0022 -0.0037  0.0029  -0.0052  -0.0026   0.0117  -0.0040  -0.0038  -0.0029   0.0776  -0.0053   0.0070  -0.0057  -0.0024  -0.0022   0.1967  1.1634e-02  -0.0041   1.0000 -1.7447e-03  -0.0030  -0.0049  -0.0038  -0.0042 -5.3836e-03  -0.0033  -0.0042  -0.0037  -0.0033  -0.0057  -0.0029  -0.0032   0.0078  -0.0040  -0.0046   0.0797 -3.6679e-03  -0.0035  -0.0015  -0.0042  -0.0048  -0.0028  -0.0040  -0.0018
SIM26L2 -0.0131 -1.9920e-03 -0.0019  0.0012 -1.6310e-03 -0.0024 -0.0021 -0.0009 -0.0015 -0.0022   0.0423  -0.0011  -0.0015  -0.0016  -0.0015  -0.0012  -0.0021  -0.0022  -0.0015  -0.0023  -0.0010  -0.0009  -0.0018 -1.6639e-03  -0.0017  -0.0017  1.0000e+00  -0.0012  -0.0022  -0.0015  -0.0017 -2.1809e-03  -0.0013  -0.0017  -0.0017  -0.0013  -0.0023  -0.0012  -0.0013  -0.0016  -0.0016  -0.0019  -0.0014  1.3054e-05  -0.0014  -0.0006  -0.0017  -0.0020  -0.0027  -0.0016  -0.0007
SIM27L2  0.0127 -3.4319e-03 -0.0033 -0.0022 -2.8098e-03  0.0200 -0.0008 -0.0015 -0.0026 -0.0025  -0.0035   0.0121  -0.0011  -0.0021   0.2264  -0.0019   0.0242  -0.0036  -0.0025  -0.0040  -0.0017  -0.0016  -0.0031 -2.8665e-03  -0.0029  -0.0030 -1.2177e-03   1.0000  -0.0037  -0.0027  -0.0029 -3.7573e-03  -0.0023  -0.0030  -0.0028  -0.0023  -0.0033  -0.0020  -0.0020  -0.0029  -0.0028  -0.0032  -0.0024 -2.5599e-03  -0.0024  -0.0011   0.0071  -0.0034  -0.0046  -0.0028  -0.0013
SIM28L2  0.0107 -6.2511e-03 -0.0058 -0.0042 -5.3165e-03 -0.0074  0.0276 -0.0026 -0.0043 -0.0054  -0.0065  -0.0038  -0.0045  -0.0041  -0.0042  -0.0036  -0.0060  -0.0063  -0.0040  -0.0072  -0.0022  -0.0028  -0.0054 -2.4653e-03   0.0022  -0.0049 -2.1853e-03  -0.0037   1.0000  -0.0048  -0.0018  4.9184e-03  -0.0042  -0.0053   0.0131  -0.0041  -0.0046  -0.0036   0.0862  -0.0017  -0.0050   0.1225  -0.0040 -4.6330e-03  -0.0045   0.0190  -0.0037  -0.0059  -0.0085   0.1125  -0.0023
SIM29L2  0.0801 -4.2404e-03 -0.0042 -0.0028 -3.5551e-03  0.0054 -0.0045 -0.0019  0.5491 -0.0029  -0.0046  -0.0023  -0.0033  -0.0036  -0.0033  -0.0026  -0.0025  -0.0031  -0.0032  -0.0037  -0.0021  -0.0020  -0.0040 -3.6269e-03  -0.0036  -0.0038 -1.5407e-03  -0.0027  -0.0048   1.0000  -0.0037 -4.7539e-03  -0.0029   0.4376  -0.0035  -0.0029  -0.0051   0.0063   0.0030  -0.0035  -0.0035  -0.0041  -0.0030 -1.9486e-04  -0.0031  -0.0013  -0.0037  -0.0033   0.3052  -0.0036  -0.0010
SIM30L2 -0.0086  4.6302e-03 -0.0046  0.0705 -3.9082e-03  0.0048  0.0325 -0.0022 -0.0036 -0.0052  -0.0040  -0.0025  -0.0032  -0.0039  -0.0037   0.0223  -0.0051   0.0049   0.0044   0.0032  -0.0025  -0.0022  -0.0044  1.9155e-02  -0.0019  -0.0042 -1.6937e-03  -0.0029  -0.0018  -0.0037   1.0000 -5.2260e-03  -0.0032  -0.0041  -0.0041  -0.0032  -0.0040  -0.0028  -0.0031  -0.0039  -0.0039  -0.0043  -0.0033 -3.4099e-03   0.0064  -0.0014  -0.0041   0.0083  -0.0064  -0.0037  -0.0018
SIM31L2  0.0299 -1.3512e-05 -0.0059 -0.0030 -2.6044e-03 -0.0075  0.0165 -0.0027 -0.0046 -0.0062  -0.0066   0.0047   0.2126   0.0263  -0.0047  -0.0036   0.0031  -0.0067  -0.0045   0.0133  -0.0030  -0.0019   0.0982 -4.5157e-03  -0.0050  -0.0054 -2.1809e-03  -0.0038   0.0049  -0.0048  -0.0052  1.0000e+00  -0.0036   0.3425  -0.0053   0.1210  -0.0066  -0.0036  -0.0040  -0.0050  -0.0050   0.0061  -0.0043 -4.3016e-03  -0.0043  -0.0019  -0.0030   0.3273  -0.0082   0.0184  -0.0023
SIM32L2  0.0292 -3.7854e-03 -0.0036  0.0065  3.1246e-04  0.0394  0.0063 -0.0017 -0.0028 -0.0041  -0.0040   0.0126  -0.0021   0.0024  -0.0029  -0.0022  -0.0041  -0.0041  -0.0027  -0.0040  -0.0019  -0.0017  -0.0012  7.6151e-02  -0.0032  -0.0033 -1.3431e-03  -0.0023  -0.0042  -0.0029  -0.0032 -3.5834e-03   1.0000  -0.0033  -0.0033  -0.0025   0.0241  -0.0022  -0.0012  -0.0031  -0.0032  -0.0036  -0.0026  3.7622e-01  -0.0025  -0.0012  -0.0032  -0.0037  -0.0048   0.0010  -0.0015
SIM33L2  0.0277 -4.8203e-03 -0.0047 -0.0032 -3.9646e-03 -0.0025 -0.0050 -0.0021  0.3440 -0.0053  -0.0051  -0.0026  -0.0014  -0.0040  -0.0037  -0.0028  -0.0052  -0.0021  -0.0035  -0.0029  -0.0024  -0.0015  -0.0044 -4.0446e-03  -0.0041  -0.0042 -1.7181e-03  -0.0030  -0.0053   0.4376  -0.0041  3.4247e-01  -0.0033   1.0000  -0.0042  -0.0032  -0.0056  -0.0029   0.0004  -0.0039  -0.0039  -0.0046  -0.0034 -3.6119e-03  -0.0034  -0.0015   0.0006   0.3575   0.2363  -0.0040  -0.0018
SIM34L2 -0.0135  9.1310e-02 -0.0047 -0.0032 -3.1615e-03 -0.0059  0.0031 -0.0021 -0.0036  0.1330   0.0025  -0.0026   0.0243  -0.0040  -0.0046  -0.0029  -0.0051  -0.0052  -0.0036  -0.0039  -0.0024  -0.0028  -0.0044 -4.0397e-03  -0.0040  -0.0037 -1.7160e-03  -0.0028   0.0131  -0.0035  -0.0041 -5.2804e-03  -0.0033  -0.0042   1.0000  -0.0032  -0.0056  -0.0004   0.0157  -0.0039  -0.0008  -0.0030  -0.0034 -3.5974e-03  -0.0034  -0.0015  -0.0049  -0.0048  -0.0064   0.0230  -0.0018
SIM35L2  0.0055  1.1562e-02 -0.0036 -0.0025 -1.6052e-03 -0.0044 -0.0039 -0.0016 -0.0028  0.0004  -0.0047  -0.0020   0.0666  -0.0031  -0.0029  -0.0022   0.0048  -0.0010  -0.0027   0.0114  -0.0018  -0.0017  -0.0034 -3.1373e-03  -0.0031  -0.0033 -1.3327e-03  -0.0023  -0.0041  -0.0029  -0.0032  1.2105e-01  -0.0025  -0.0032  -0.0032   1.0000  -0.0038  -0.0022  -0.0024  -0.0030  -0.0029  -0.0015  -0.0026 -4.3825e-03  -0.0026  -0.0012  -0.0032  -0.0037   0.0060  -0.0032  -0.0017
SIM36L2  0.0386  1.1619e-03  0.0021  0.0401 -2.8473e-03 -0.0079  0.0108 -0.0030 -0.0049 -0.0026   0.0355   0.0067  -0.0048  -0.0025  -0.0050  -0.0030   0.0013  -0.0071  -0.0046   0.0087  -0.0003  -0.0030  -0.0040  2.6042e-02   0.0023  -0.0057 -2.3193e-03  -0.0033  -0.0046  -0.0051  -0.0040 -6.5773e-03   0.0241  -0.0056  -0.0056  -0.0038   1.0000  -0.0039  -0.0040  -0.0050  -0.0053  -0.0061  -0.0045 -4.8758e-03  -0.0038  -0.0027  -0.0056   0.0170  -0.0053  -0.0054  -0.0024
SIM37L2 -0.0012 -3.3156e-03 -0.0032 -0.0022  1.3421e-02 -0.0040 -0.0034 -0.0015 -0.0025 -0.0014  -0.0035  -0.0018  -0.0025  -0.0027  -0.0026  -0.0019  -0.0036  -0.0036  -0.0024   0.0135  -0.0016  -0.0015  -0.0030 -2.7694e-03  -0.0028  -0.0029 -1.1764e-03  -0.0020  -0.0036   0.0063  -0.0028 -3.6300e-03  -0.0022  -0.0029  -0.0004  -0.0022  -0.0039   1.0000  -0.0022  -0.0027  -0.0027  -0.0031  -0.0023 -2.4732e-03  -0.0023  -0.0010  -0.0018  -0.0033  -0.0021  -0.0027  -0.0012
SIM38L2 -0.0058 -3.6557e-03 -0.0035 -0.0024 -2.9931e-03 -0.0027  0.0245 -0.0016  0.0151 -0.0040  -0.0039  -0.0012  -0.0028   0.0012  -0.0028  -0.0031  -0.0031  -0.0040  -0.0027  -0.0043  -0.0018  -0.0024  -0.0033 -3.0535e-03  -0.0030  -0.0032 -1.2971e-03  -0.0020   0.0862   0.0030  -0.0031 -4.0023e-03  -0.0012   0.0004   0.0157  -0.0024  -0.0040  -0.0022   1.0000  -0.0030   0.0052   0.0442  -0.0025 -2.7268e-03   0.0060  -0.0011   0.0004  -0.0036  -0.0010   0.0303  -0.0013
SIM39L2  0.0402 -4.5354e-03 -0.0044 -0.0030  1.4442e-01 -0.0049 -0.0006 -0.0020 -0.0034 -0.0046  -0.0048  -0.0027  -0.0032   0.0013  -0.0035  -0.0037   0.0031  -0.0049   0.0608  -0.0053  -0.0022  -0.0021  -0.0041 -3.7882e-03  -0.0038   0.0078 -1.6092e-03  -0.0029  -0.0017  -0.0035  -0.0039 -4.9654e-03  -0.0031  -0.0039  -0.0039  -0.0030  -0.0050  -0.0027  -0.0030   1.0000  -0.0037  -0.0043  -0.0032 -3.3830e-03  -0.0032  -0.0014  -0.0039  -0.0045   0.1968  -0.0037  -0.0017
SIM40L2  0.0190 -3.8349e-03 -0.0044 -0.0030 -3.7310e-03 -0.0055 -0.0047 -0.0020 -0.0034 -0.0050  -0.0048  -0.0024  -0.0045  -0.0037  -0.0035  -0.0027  -0.0049  -0.0049  -0.0033  -0.0053  -0.0022  -0.0021  -0.0042 -3.8063e-03  -0.0038  -0.0040 -1.6169e-03  -0.0028  -0.0050  -0.0035  -0.0039 -5.0411e-03  -0.0032  -0.0039  -0.0008  -0.0029  -0.0053  -0.0027   0.0052  -0.0037   1.0000  -0.0033  -0.0032 -3.4015e-03   0.2426  -0.0014  -0.0039  -0.0045   0.0209  -0.0036  -0.0019
SIM41L2  0.0538 -5.2760e-03 -0.0051 -0.0034 -4.3196e-03 -0.0064 -0.0047 -0.0023 -0.0039 -0.0057  -0.0058  -0.0028   0.0100  -0.0043  -0.0041  -0.0031  -0.0057  -0.0057  -0.0039  -0.0061  -0.0026  -0.0024  -0.0048 -4.4068e-03  -0.0044  -0.0046 -1.8719e-03  -0.0032   0.1225  -0.0041  -0.0043  6.1487e-03  -0.0036  -0.0046  -0.0030  -0.0015  -0.0061  -0.0031   0.0442  -0.0043  -0.0033   1.0000  -0.0037 -4.8633e-03  -0.0037  -0.0016  -0.0045  -0.0052  -0.0070  -0.0022  -0.0019
SIM42L2  0.0173 -3.9075e-03 -0.0038  0.0040 -3.1993e-03 -0.0047 -0.0041 -0.0017 -0.0029  0.0025   0.0226  -0.0021  -0.0028  -0.0032  -0.0030  -0.0023  -0.0042  -0.0042  -0.0028  -0.0045  -0.0011  -0.0018   0.1195  1.4615e-02  -0.0032   0.0797 -1.3864e-03  -0.0024  -0.0040  -0.0030  -0.0033 -4.2780e-03  -0.0026  -0.0034  -0.0034  -0.0026  -0.0045  -0.0023  -0.0025  -0.0032  -0.0032  -0.0037   1.0000 -2.9147e-03  -0.0027  -0.0012  -0.0034  -0.0037  -0.0052  -0.0032  -0.0014
SIM43L2  0.0410 -1.9675e-03 -0.0040 -0.0027 -3.4287e-03  0.0082 -0.0044 -0.0018 -0.0031 -0.0046   0.1220  -0.0022  -0.0029  -0.0034  -0.0032  -0.0025  -0.0045  -0.0003  -0.0031  -0.0012  -0.0021  -0.0019  -0.0038 -3.4987e-03  -0.0035  -0.0037  1.3054e-05  -0.0026  -0.0046  -0.0002  -0.0034 -4.3016e-03   0.3762  -0.0036  -0.0036  -0.0044  -0.0049  -0.0025  -0.0027  -0.0034  -0.0034  -0.0049  -0.0029  1.0000e+00  -0.0029  -0.0013  -0.0036   0.0019  -0.0055  -0.0035  -0.0015
SIM44L2  0.0086 -4.2341e-03 -0.0038 -0.0026 -3.1481e-03  0.0279 -0.0040 -0.0017 -0.0030 -0.0043  -0.0042  -0.0013  -0.0013  -0.0032  -0.0030  -0.0023   0.1045  -0.0043   0.0043  -0.0044  -0.0027  -0.0018  -0.0036 -2.9923e-03  -0.0034  -0.0035 -1.4019e-03  -0.0024  -0.0045  -0.0031   0.0064 -4.3259e-03  -0.0025  -0.0034  -0.0034  -0.0026  -0.0038  -0.0023   0.0060  -0.0032   0.2426  -0.0037  -0.0027 -2.9473e-03   1.0000  -0.0012  -0.0034  -0.0029   0.0226  -0.0032   0.0185
SIM45L2  0.0121 -1.7318e-03 -0.0017 -0.0009 -1.4179e-03 -0.0021  0.0093  0.0025 -0.0013  0.0022  -0.0018  -0.0009  -0.0013  -0.0014  -0.0013  -0.0010  -0.0019   0.0010  -0.0013  -0.0020  -0.0008  -0.0008  -0.0016 -1.4465e-03   0.0193  -0.0015 -6.1445e-04  -0.0011   0.0190  -0.0013  -0.0014 -1.8960e-03  -0.0012  -0.0015  -0.0015  -0.0012  -0.0027  -0.0010  -0.0011  -0.0014  -0.0014  -0.0016  -0.0012 -1.2918e-03  -0.0012   1.0000  -0.0015  -0.0017  -0.0023  -0.0014  -0.0006
SIM46L2  0.0423 -1.2510e-03 -0.0046 -0.0031 -3.9442e-03 -0.0058 -0.0033 -0.0021 -0.0036 -0.0048  -0.0051  -0.0026  -0.0037  -0.0039   0.0022  -0.0028  -0.0052  -0.0052  -0.0035  -0.0037  -0.0024   0.3451  -0.0044 -4.0237e-03  -0.0040  -0.0042 -1.7092e-03   0.0071  -0.0037  -0.0037  -0.0041 -2.9667e-03  -0.0032   0.0006  -0.0049  -0.0032  -0.0056  -0.0018   0.0004  -0.0039  -0.0039  -0.0045  -0.0034 -3.5933e-03  -0.0034  -0.0015   1.0000  -0.0002  -0.0064  -0.0019  -0.0018
SIM47L2  0.0402  4.8546e-02 -0.0053 -0.0032 -4.5337e-03  0.3768 -0.0058 -0.0024 -0.0041 -0.0060  -0.0058  -0.0029   0.0595  -0.0045  -0.0025   0.0200  -0.0060   0.3565  -0.0024   0.3109  -0.0019  -0.0019  -0.0051  7.9371e-03   0.0169  -0.0048 -1.9647e-03  -0.0034  -0.0059  -0.0033   0.0083  3.2728e-01  -0.0037   0.3575  -0.0048  -0.0037   0.0170  -0.0033  -0.0036  -0.0045  -0.0045  -0.0052  -0.0037  1.8844e-03  -0.0029  -0.0017  -0.0002   1.0000   0.0059  -0.0038  -0.0022
SIM48L2  0.0653 -4.2347e-03  0.0631 -0.0033  1.7490e-01 -0.0008 -0.0078 -0.0033  0.2220 -0.0080  -0.0080  -0.0046   0.0034  -0.0061  -0.0058   0.0288  -0.0054  -0.0042   0.0152  -0.0020  -0.0037  -0.0034  -0.0069  1.0183e-01  -0.0032  -0.0028 -2.6764e-03  -0.0046  -0.0085   0.3052  -0.0064 -8.2079e-03  -0.0048   0.2363  -0.0064   0.0060  -0.0053  -0.0021  -0.0010   0.1968   0.0209  -0.0070  -0.0052 -5.5283e-03   0.0226  -0.0023  -0.0064   0.0059   1.0000  -0.0062  -0.0056
SIM49L2  0.0118 -4.6348e-03 -0.0045 -0.0024 -3.7986e-03 -0.0056  0.0023 -0.0020 -0.0035 -0.0050  -0.0049  -0.0025  -0.0018   0.3797  -0.0036  -0.0027  -0.0049  -0.0050  -0.0012   0.0236  -0.0015  -0.0021   0.0041 -3.6824e-03  -0.0039  -0.0040 -1.6461e-03  -0.0028   0.1125  -0.0036  -0.0037  1.8444e-02   0.0010  -0.0040   0.0230  -0.0032  -0.0054  -0.0027   0.0303  -0.0037  -0.0036  -0.0022  -0.0032 -3.4710e-03  -0.0032  -0.0014  -0.0019  -0.0038  -0.0062   1.0000  -0.0017
SIM50L2  0.0008 -2.8446e-03 -0.0020 -0.0014 -1.6967e-03  0.0430 -0.0022 -0.0009 -0.0015 -0.0023  -0.0022  -0.0011  -0.0016  -0.0017  -0.0016  -0.0030   0.1356  -0.0022  -0.0014  -0.0024  -0.0010  -0.0009  -0.0019 -3.1948e-03  -0.0017  -0.0018 -7.3526e-04  -0.0013  -0.0023  -0.0010  -0.0018 -2.2688e-03  -0.0015  -0.0018  -0.0018  -0.0017  -0.0024  -0.0012  -0.0013  -0.0017  -0.0019  -0.0019  -0.0014 -1.5457e-03   0.0185  -0.0006  -0.0018  -0.0022  -0.0056  -0.0017   1.0000

LD Score Matrix Condition Number
7.7867

Annotation Correlation Matrix
             SIM1        SIM2        SIM3        SIM4        SIM5        SIM6        SIM7        SIM8        SIM9       SIM10       SIM11       SIM12       SIM13       SIM14       SIM15       SIM16       SIM17       SIM18       SIM19       SIM20       SIM21       SIM22       SIM23       SIM24       SIM25       SIM26       SIM27       SIM28       SIM29       SIM30       SIM31       SIM32       SIM33       SIM34       SIM35       SIM36       SIM37       SIM38       SIM39       SIM40       SIM41       SIM42       SIM43       SIM44       SIM45       SIM46       SIM47       SIM48       SIM49       SIM50
SIM1   1.0000e+00 -4.5616e-05 -5.5869e-05 -4.5616e-05 -6.4512e-05 -6.0345e-05 -3.9505e-05 -3.9505e-05 -6.0345e-05 -6.4512e-05 -5.1001e-05 -6.0345e-05 -3.9505e-05 -5.1001e-05 -5.1001e-05 -5.5869e-05 -4.5616e-05 -6.0345e-05 -6.4512e-05 -3.9505e-05 -3.2255e-05 -4.5616e-05 -5.5869e-05 -5.5869e-05 -4.5616e-05 -3.2255e-05 -3.2255e-05 -8.5343e-05 -5.5869e-05 -6.8426e-05 -5.1001e-05 -4.5616e-05 -4.5616e-05 -5.5869e-05 -4.5616e-05 -6.4512e-05 -3.2255e-05 -6.0345e-05 -4.5616e-05 -4.5616e-05 -5.5869e-05 -3.9505e-05 -5.5869e-05 -5.5869e-05 -2.2808e-05 -5.5869e-05 -5.5869e-05 -7.2127e-05 -5.1001e-05 -4.5616e-05
SIM2  -4.5616e-05  1.0000e+00 -3.5334e-05 -2.8850e-05 -4.0800e-05 -3.8165e-05 -2.4984e-05 -2.4984e-05 -3.8165e-05 -4.0800e-05 -3.2255e-05 -3.8165e-05 -2.4984e-05 -3.2255e-05 -3.2255e-05 -3.5334e-05 -2.8850e-05 -3.8165e-05 -4.0800e-05 -2.4984e-05 -2.0400e-05 -2.8850e-05 -3.5334e-05 -3.5334e-05 -2.8850e-05 -2.0400e-05 -2.0400e-05 -5.3975e-05 -3.5334e-05 -4.3275e-05 -3.2255e-05 -2.8850e-05 -2.8850e-05 -3.5334e-05 -2.8850e-05 -4.0800e-05 -2.0400e-05 -3.8165e-05 -2.8850e-05 -2.8850e-05 -3.5334e-05 -2.4984e-05 -3.5334e-05 -3.5334e-05 -1.4425e-05 -3.5334e-05 -3.5334e-05 -4.5616e-05 -3.2255e-05 -2.8850e-05
SIM3  -5.5869e-05 -3.5334e-05  1.0000e+00 -3.5334e-05 -4.9970e-05 -4.6743e-05 -3.0600e-05 -3.0600e-05 -4.6743e-05 -4.9970e-05 -3.9504e-05 -4.6743e-05 -3.0600e-05 -3.9504e-05 -3.9504e-05 -4.3275e-05 -3.5334e-05 -4.6743e-05 -4.9970e-05 -3.0600e-05 -2.4985e-05 -3.5334e-05 -4.3275e-05 -4.3275e-05 -3.5334e-05 -2.4985e-05 -2.4985e-05 -6.6106e-05 -4.3275e-05  1.3604e-01 -3.9504e-05 -3.5334e-05 -3.5334e-05 -4.3275e-05 -3.5334e-05 -4.9970e-05 -2.4985e-05 -4.6743e-05 -3.5334e-05 -3.5334e-05 -4.3275e-05 -3.0600e-05 -4.3275e-05 -4.3275e-05 -1.7667e-05 -4.3275e-05 -4.3275e-05 -5.5869e-05 -3.9504e-05 -3.5334e-05
SIM4  -4.5616e-05 -2.8850e-05 -3.5334e-05  1.0000e+00 -4.0800e-05 -3.8165e-05 -2.4984e-05 -2.4984e-05 -3.8165e-05 -4.0800e-05 -3.2255e-05 -3.8165e-05 -2.4984e-05 -3.2255e-05 -3.2255e-05 -3.5334e-05 -2.8850e-05 -3.8165e-05 -4.0800e-05 -2.4984e-05 -2.0400e-05 -2.8850e-05 -3.5334e-05 -3.5334e-05 -2.8850e-05 -2.0400e-05 -2.0400e-05 -5.3975e-05 -3.5334e-05 -4.3275e-05 -3.2255e-05 -2.8850e-05 -2.8850e-05 -3.5334e-05 -2.8850e-05 -4.0800e-05 -2.0400e-05 -3.8165e-05 -2.8850e-05 -2.8850e-05 -3.5334e-05 -2.4984e-05 -3.5334e-05 -3.5334e-05 -1.4425e-05 -3.5334e-05 -3.5334e-05 -4.5616e-05 -3.2255e-05 -2.8850e-05
SIM5  -6.4512e-05 -4.0800e-05 -4.9970e-05 -4.0800e-05  1.0000e+00 -5.3974e-05 -3.5334e-05 -3.5334e-05 -5.3974e-05 -5.7701e-05 -4.5616e-05 -5.3974e-05 -3.5334e-05 -4.5616e-05 -4.5616e-05 -4.9970e-05 -4.0800e-05 -5.3974e-05 -5.7701e-05 -3.5334e-05 -2.8850e-05 -4.0800e-05 -4.9970e-05 -4.9970e-05 -4.0800e-05 -2.8850e-05 -2.8850e-05 -7.6333e-05 -4.9970e-05 -6.1201e-05 -4.5616e-05 -4.0800e-05 -4.0800e-05 -4.9970e-05 -4.0800e-05 -5.7701e-05 -2.8850e-05 -5.3974e-05 -4.0800e-05 -4.0800e-05 -4.9970e-05 -3.5334e-05 -4.9970e-05 -4.9970e-05 -2.0400e-05 -4.9970e-05 -4.9970e-05 -6.4512e-05 -4.5616e-05 -4.0800e-05
SIM6  -6.0345e-05 -3.8165e-05 -4.6743e-05 -3.8165e-05 -5.3974e-05  1.0000e+00 -3.3052e-05 -3.3052e-05 -5.0488e-05 -5.3974e-05 -4.2670e-05 -5.0488e-05 -3.3052e-05 -4.2670e-05 -4.2670e-05 -4.6743e-05 -3.8165e-05 -5.0488e-05 -5.3974e-05 -3.3052e-05 -2.6986e-05 -3.8165e-05 -4.6743e-05 -4.6743e-05 -3.8165e-05 -2.6986e-05 -2.6986e-05 -7.1403e-05 -4.6743e-05 -5.7248e-05 -4.2670e-05 -3.8165e-05 -3.8165e-05 -4.6743e-05 -3.8165e-05 -5.3974e-05 -2.6986e-05 -5.0488e-05 -3.8165e-05 -3.8165e-05 -4.6743e-05 -3.3052e-05 -4.6743e-05 -4.6743e-05 -1.9082e-05 -4.6743e-05 -4.6743e-05 -6.0345e-05 -4.2670e-05 -3.8165e-05
SIM7  -3.9505e-05 -2.4984e-05 -3.0600e-05 -2.4984e-05 -3.5334e-05 -3.3052e-05  1.0000e+00 -2.1637e-05 -3.3052e-05 -3.5334e-05 -2.7934e-05 -3.3052e-05 -2.1637e-05 -2.7934e-05 -2.7934e-05 -3.0600e-05 -2.4984e-05 -3.3052e-05 -3.5334e-05 -2.1637e-05 -1.7667e-05 -2.4984e-05 -3.0600e-05 -3.0600e-05 -2.4984e-05 -1.7667e-05 -1.7667e-05 -4.6743e-05 -3.0600e-05 -3.7477e-05 -2.7934e-05 -2.4984e-05 -2.4984e-05 -3.0600e-05 -2.4984e-05 -3.5334e-05 -1.7667e-05 -3.3052e-05 -2.4984e-05 -2.4984e-05 -3.0600e-05 -2.1637e-05 -3.0600e-05 -3.0600e-05 -1.2492e-05 -3.0600e-05 -3.0600e-05 -3.9505e-05 -2.7934e-05 -2.4984e-05
SIM8  -3.9505e-05 -2.4984e-05 -3.0600e-05 -2.4984e-05 -3.5334e-05 -3.3052e-05 -2.1637e-05  1.0000e+00 -3.3052e-05 -3.5334e-05 -2.7934e-05 -3.3052e-05 -2.1637e-05 -2.7934e-05 -2.7934e-05 -3.0600e-05 -2.4984e-05 -3.3052e-05 -3.5334e-05 -2.1637e-05 -1.7667e-05 -2.4984e-05 -3.0600e-05 -3.0600e-05 -2.4984e-05 -1.7667e-05 -1.7667e-05 -4.6743e-05 -3.0600e-05 -3.7477e-05 -2.7934e-05 -2.4984e-05 -2.4984e-05 -3.0600e-05 -2.4984e-05 -3.5334e-05 -1.7667e-05 -3.3052e-05 -2.4984e-05 -2.4984e-05 -3.0600e-05 -2.1637e-05 -3.0600e-05 -3.0600e-05 -1.2492e-05 -3.0600e-05 -3.0600e-05 -3.9505e-05 -2.7934e-05 -2.4984e-05
SIM9  -6.0345e-05 -3.8165e-05 -4.6743e-05 -3.8165e-05 -5.3974e-05 -5.0488e-05 -3.3052e-05 -3.3052e-05  1.0000e+00 -5.3974e-05 -4.2670e-05 -5.0488e-05 -3.3052e-05 -4.2670e-05 -4.2670e-05 -4.6743e-05 -3.8165e-05 -5.0488e-05 -5.3974e-05 -3.3052e-05 -2.6986e-05 -3.8165e-05 -4.6743e-05 -4.6743e-05 -3.8165e-05 -2.6986e-05 -2.6986e-05 -7.1403e-05 -4.6743e-05 -5.7248e-05 -4.2670e-05 -3.8165e-05 -3.8165e-05 -4.6743e-05 -3.8165e-05 -5.3974e-05 -2.6986e-05 -5.0488e-05 -3.8165e-05 -3.8165e-05 -4.6743e-05 -3.3052e-05 -4.6743e-05 -4.6743e-05 -1.9082e-05 -4.6743e-05 -4.6743e-05 -6.0345e-05 -4.2670e-05 -3.8165e-05
SIM10 -6.4512e-05 -4.0800e-05 -4.9970e-05 -4.0800e-05 -5.7701e-05 -5.3974e-05 -3.5334e-05 -3.5334e-05 -5.3974e-05  1.0000e+00 -4.5616e-05 -5.3974e-05 -3.5334e-05 -4.5616e-05 -4.5616e-05 -4.9970e-05 -4.0800e-05 -5.3974e-05 -5.7701e-05 -3.5334e-05 -2.8850e-05 -4.0800e-05 -4.9970e-05 -4.9970e-05 -4.0800e-05 -2.8850e-05 -2.8850e-05 -7.6333e-05 -4.9970e-05 -6.1201e-05 -4.5616e-05 -4.0800e-05 -4.0800e-05 -4.9970e-05 -4.0800e-05 -5.7701e-05 -2.8850e-05 -5.3974e-05 -4.0800e-05 -4.0800e-05 -4.9970e-05 -3.5334e-05 -4.9970e-05 -4.9970e-05 -2.0400e-05 -4.9970e-05 -4.9970e-05 -6.4512e-05 -4.5616e-05 -4.0800e-05
SIM11 -5.1001e-05 -3.2255e-05 -3.9504e-05 -3.2255e-05 -4.5616e-05 -4.2670e-05 -2.7934e-05 -2.7934e-05 -4.2670e-05 -4.5616e-05  1.0000e+00 -4.2670e-05 -2.7934e-05 -3.6062e-05 -3.6062e-05 -3.9504e-05 -3.2255e-05 -4.2670e-05 -4.5616e-05 -2.7934e-05 -2.2808e-05 -3.2255e-05 -3.9504e-05 -3.9504e-05 -3.2255e-05 -2.2808e-05 -2.2808e-05 -6.0346e-05 -3.9504e-05 -4.8383e-05 -3.6062e-05 -3.2255e-05 -3.2255e-05 -3.9504e-05 -3.2255e-05 -4.5616e-05 -2.2808e-05 -4.2670e-05 -3.2255e-05 -3.2255e-05 -3.9504e-05 -2.7934e-05 -3.9504e-05 -3.9504e-05 -1.6127e-05 -3.9504e-05 -3.9504e-05 -5.1001e-05 -3.6062e-05 -3.2255e-05
SIM12 -6.0345e-05 -3.8165e-05 -4.6743e-05 -3.8165e-05 -5.3974e-05 -5.0488e-05 -3.3052e-05 -3.3052e-05 -5.0488e-05 -5.3974e-05 -4.2670e-05  1.0000e+00 -3.3052e-05 -4.2670e-05 -4.2670e-05 -4.6743e-05 -3.8165e-05 -5.0488e-05 -5.3974e-05 -3.3052e-05 -2.6986e-05 -3.8165e-05 -4.6743e-05 -4.6743e-05 -3.8165e-05 -2.6986e-05 -2.6986e-05 -7.1403e-05 -4.6743e-05 -5.7248e-05 -4.2670e-05 -3.8165e-05 -3.8165e-05 -4.6743e-05 -3.8165e-05 -5.3974e-05 -2.6986e-05 -5.0488e-05 -3.8165e-05 -3.8165e-05 -4.6743e-05 -3.3052e-05 -4.6743e-05 -4.6743e-05 -1.9082e-05 -4.6743e-05 -4.6743e-05 -6.0345e-05 -4.2670e-05 -3.8165e-05
SIM13 -3.9505e-05 -2.4984e-05 -3.0600e-05 -2.4984e-05 -3.5334e-05 -3.3052e-05 -2.1637e-05 -2.1637e-05 -3.3052e-05 -3.5334e-05 -2.7934e-05 -3.3052e-05  1.0000e+00 -2.7934e-05 -2.7934e-05 -3.0600e-05 -2.4984e-05 -3.3052e-05 -3.5334e-05 -2.1637e-05 -1.7667e-05 -2.4984e-05 -3.0600e-05 -3.0600e-05 -2.4984e-05 -1.7667e-05 -1.7667e-05 -4.6743e-05 -3.0600e-05 -3.7477e-05 -2.7934e-05 -2.4984e-05 -2.4984e-05 -3.0600e-05 -2.4984e-05 -3.5334e-05 -1.7667e-05 -3.3052e-05 -2.4984e-05 -2.4984e-05 -3.0600e-05 -2.1637e-05 -3.0600e-05 -3.0600e-05 -1.2492e-05 -3.0600e-05 -3.0600e-05 -3.9505e-05  2.5818e-01 -2.4984e-05
SIM14 -5.1001e-05 -3.2255e-05 -3.9504e-05 -3.2255e-05 -4.5616e-05 -4.2670e-05 -2.7934e-05 -2.7934e-05 -4.2670e-05 -4.5616e-05 -3.6062e-05 -4.2670e-05 -2.7934e-05  1.0000e+00 -3.6062e-05 -3.9504e-05 -3.2255e-05 -4.2670e-05 -4.5616e-05 -2.7934e-05 -2.2808e-05 -3.2255e-05 -3.9504e-05 -3.9504e-05 -3.2255e-05 -2.2808e-05 -2.2808e-05 -6.0346e-05 -3.9504e-05 -4.8383e-05 -3.6062e-05 -3.2255e-05 -3.2255e-05 -3.9504e-05 -3.2255e-05 -4.5616e-05 -2.2808e-05 -4.2670e-05 -3.2255e-05 -3.2255e-05 -3.9504e-05 -2.7934e-05 -3.9504e-05 -3.9504e-05 -1.6127e-05 -3.9504e-05 -3.9504e-05 -5.1001e-05 -3.6062e-05 -3.2255e-05
SIM15 -5.1001e-05 -3.2255e-05 -3.9504e-05 -3.2255e-05 -4.5616e-05 -4.2670e-05 -2.7934e-05 -2.7934e-05 -4.2670e-05 -4.5616e-05 -3.6062e-05 -4.2670e-05 -2.7934e-05 -3.6062e-05  1.0000e+00 -3.9504e-05 -3.2255e-05 -4.2670e-05 -4.5616e-05 -2.7934e-05 -2.2808e-05 -3.2255e-05 -3.9504e-05 -3.9504e-05 -3.2255e-05 -2.2808e-05 -2.2808e-05 -6.0346e-05 -3.9504e-05 -4.8383e-05 -3.6062e-05 -3.2255e-05 -3.2255e-05 -3.9504e-05 -3.2255e-05 -4.5616e-05 -2.2808e-05 -4.2670e-05 -3.2255e-05 -3.2255e-05 -3.9504e-05 -2.7934e-05 -3.9504e-05 -3.9504e-05 -1.6127e-05 -3.9504e-05 -3.9504e-05 -5.1001e-05 -3.6062e-05 -3.2255e-05
