*********************************************************************
* LD Score Regression (LDSC)
* Version 1.0.1
* (C) 2014-2019 Brendan Bulik-Sullivan and Hilary Finucane
* Broad Institute of MIT and Harvard / MIT Department of Mathematics
* GNU General Public License v3
*********************************************************************
Call: 
./ldsc.py \
--out /data/sbcs/GuoLab/backup/liq17/CRC_TF_TWAS_zhishan2024/NC_revision_OceanCode/v2_NC_revision//84Tracks//ldscores_sim500//22 \
--bfile /data/sbcs/GuoLab/backup/liq17/ref/Alkesgroup/1000G_EUR_Phase3_plink_hg38/1000G.EUR.QC.22 \
--annot /data/sbcs/GuoLab/backup/liq17/CRC_TF_TWAS_zhishan2024/NC_revision_OceanCode/v2_NC_revision//84Tracks//annots_sim500//22.annot.txt \
--l2  \
--ld-wind-kb 100.0 

Beginning analysis at Mon Oct 27 00:25:17 2025
Read list of 140592 SNPs from /data/sbcs/GuoLab/backup/liq17/ref/Alkesgroup/1000G_EUR_Phase3_plink_hg38/1000G.EUR.QC.22.bim
Read 50 annotations for 140592 SNPs from /data/sbcs/GuoLab/backup/liq17/CRC_TF_TWAS_zhishan2024/NC_revision_OceanCode/v2_NC_revision//84Tracks//annots_sim500//22.annot.txt
Read list of 489 individuals from /data/sbcs/GuoLab/backup/liq17/ref/Alkesgroup/1000G_EUR_Phase3_plink_hg38/1000G.EUR.QC.22.fam
Reading genotypes from /data/sbcs/GuoLab/backup/liq17/ref/Alkesgroup/1000G_EUR_Phase3_plink_hg38/1000G.EUR.QC.22.bed
Estimating LD Score.
Writing LD Scores for 140592 SNPs to /data/sbcs/GuoLab/backup/liq17/CRC_TF_TWAS_zhishan2024/NC_revision_OceanCode/v2_NC_revision//84Tracks//ldscores_sim500//22.l2.ldscore.gz

Summary of LD Scores in /data/sbcs/GuoLab/backup/liq17/CRC_TF_TWAS_zhishan2024/NC_revision_OceanCode/v2_NC_revision//84Tracks//ldscores_sim500//22.l2.ldscore.gz
         MAF  SIM1L2  SIM2L2  SIM3L2  SIM4L2  SIM5L2  SIM6L2  SIM7L2  SIM8L2  SIM9L2  SIM10L2  SIM11L2  SIM12L2  SIM13L2  SIM14L2  SIM15L2  SIM16L2  SIM17L2  SIM18L2  SIM19L2  SIM20L2  SIM21L2  SIM22L2  SIM23L2  SIM24L2  SIM25L2  SIM26L2  SIM27L2  SIM28L2  SIM29L2  SIM30L2  SIM31L2  SIM32L2  SIM33L2  SIM34L2  SIM35L2  SIM36L2  SIM37L2  SIM38L2  SIM39L2  SIM40L2  SIM41L2  SIM42L2  SIM43L2  SIM44L2  SIM45L2  SIM46L2  SIM47L2  SIM48L2  SIM49L2  SIM50L2
mean  0.1468  0.0032  0.0048  0.0023  0.0035  0.0044  0.0025  0.0059  0.0006  0.0021   0.0026   0.0015   0.0034   0.0030   0.0044   0.0024   0.0034   0.0027   0.0055   0.0019   0.0023   0.0023   0.0030   0.0011   0.0006   0.0020   0.0070   0.0024   0.0047   0.0049   0.0021   0.0012   0.0025   0.0070   0.0043   0.0042   0.0011   0.0003   0.0037   0.0069   0.0023   0.0027   0.0018   0.0018   0.0041   0.0012   0.0068   0.0041   0.0047   0.0017   0.0031
std   0.1496  0.0411  0.0506  0.0373  0.0450  0.0539  0.0400  0.0614  0.0220  0.0330   0.0349   0.0262   0.0440   0.0404   0.0484   0.0410   0.0426   0.0362   0.0532   0.0287   0.0324   0.0340   0.0428   0.0269   0.0127   0.0379   0.0670   0.0366   0.0513   0.0547   0.0352   0.0237   0.0317   0.0690   0.0501   0.0476   0.0216   0.0123   0.0471   0.0638   0.0377   0.0430   0.0302   0.0305   0.0503   0.0247   0.0662   0.0515   0.0537   0.0290   0.0449
min   0.0051 -0.0040 -0.0021 -0.0037 -0.0041 -0.0041 -0.0041 -0.0040 -0.0021 -0.0041  -0.0021  -0.0040  -0.0021  -0.0021  -0.0038  -0.0021  -0.0021  -0.0021  -0.0041  -0.0021  -0.0021  -0.0021  -0.0021  -0.0021  -0.0041  -0.0039  -0.0041  -0.0040  -0.0021  -0.0021  -0.0038  -0.0021  -0.0021  -0.0041  -0.0021  -0.0039  -0.0021  -0.0021  -0.0021  -0.0021  -0.0021  -0.0041  -0.0021  -0.0021  -0.0021  -0.0041  -0.0021  -0.0021  -0.0021  -0.0039  -0.0041
25%   0.0184  0.0000  0.0000  0.0000  0.0000  0.0000  0.0000  0.0000  0.0000  0.0000   0.0000   0.0000   0.0000   0.0000   0.0000   0.0000   0.0000   0.0000   0.0000   0.0000   0.0000   0.0000   0.0000   0.0000   0.0000   0.0000   0.0000   0.0000   0.0000   0.0000   0.0000   0.0000   0.0000   0.0000   0.0000   0.0000   0.0000   0.0000   0.0000   0.0000   0.0000   0.0000   0.0000   0.0000   0.0000   0.0000   0.0000   0.0000   0.0000   0.0000   0.0000
50%   0.0828  0.0000  0.0000  0.0000  0.0000  0.0000  0.0000  0.0000  0.0000  0.0000   0.0000   0.0000   0.0000   0.0000   0.0000   0.0000   0.0000   0.0000   0.0000   0.0000   0.0000   0.0000   0.0000   0.0000   0.0000   0.0000   0.0000   0.0000   0.0000   0.0000   0.0000   0.0000   0.0000   0.0000   0.0000   0.0000   0.0000   0.0000   0.0000   0.0000   0.0000   0.0000   0.0000   0.0000   0.0000   0.0000   0.0000   0.0000   0.0000   0.0000   0.0000
75%   0.2546  0.0000  0.0000  0.0000  0.0000  0.0000  0.0000  0.0000  0.0000  0.0000   0.0000   0.0000   0.0000   0.0000   0.0000   0.0000   0.0000   0.0000   0.0000   0.0000   0.0000   0.0000   0.0000   0.0000   0.0000   0.0000   0.0000   0.0000   0.0000   0.0000   0.0000   0.0000   0.0000   0.0000   0.0000   0.0000   0.0000   0.0000   0.0000   0.0000   0.0000   0.0000   0.0000   0.0000   0.0000   0.0000   0.0000   0.0000   0.0000   0.0000   0.0000
max   0.5000  1.0025  1.0000  1.0000  1.0000  1.0039  1.0004  1.7148  1.0000  1.0008   1.0000   1.0358   1.0000   1.0000   1.0000   1.0000   1.0000   1.0000   1.0000   1.0000   1.0000   1.0000   1.0000   1.0000   1.0600   1.0000   1.0668   1.0357   1.0000   1.0000   1.0000   1.0000   1.0000   1.0013   1.0000   1.0000   1.0000   1.0000   1.0000   1.0000   1.0000   1.0000   1.0000   1.0000   1.0000   1.0196   1.0000   1.0000   1.0000   1.0004   1.0000

MAF/LD Score Correlation Matrix
            MAF      SIM1L2  SIM2L2  SIM3L2  SIM4L2  SIM5L2      SIM6L2  SIM7L2  SIM8L2      SIM9L2  SIM10L2  SIM11L2  SIM12L2  SIM13L2     SIM14L2  SIM15L2  SIM16L2  SIM17L2     SIM18L2  SIM19L2  SIM20L2  SIM21L2  SIM22L2  SIM23L2     SIM24L2  SIM25L2  SIM26L2  SIM27L2  SIM28L2  SIM29L2  SIM30L2     SIM31L2  SIM32L2  SIM33L2  SIM34L2  SIM35L2  SIM36L2  SIM37L2  SIM38L2  SIM39L2  SIM40L2  SIM41L2  SIM42L2  SIM43L2  SIM44L2  SIM45L2     SIM46L2  SIM47L2  SIM48L2  SIM49L2     SIM50L2
MAF      1.0000  8.2068e-03  0.0738  0.0434  0.0474  0.0637 -1.5488e-02  0.0468 -0.0219  2.5943e-03   0.0442   0.0303   0.0400   0.0513  6.5877e-02  -0.0049  -0.0138   0.0198  4.1879e-02   0.0321   0.0288   0.0272   0.0524  -0.0147  7.8043e-04   0.0246   0.0558   0.0224  -0.0204   0.0282  -0.0041 -2.3293e-03   0.0251   0.0391   0.0091   0.0147   0.0290   0.0116   0.1039   0.0079   0.0251  -0.0152   0.0106   0.0246   0.0224   0.0048  1.9314e-02   0.0151   0.0389   0.0110 -3.2799e-03
SIM1L2   0.0082  1.0000e+00 -0.0073  0.0008 -0.0059 -0.0035 -4.7556e-03 -0.0039 -0.0022 -5.0360e-03  -0.0011  -0.0038   0.0009   0.0248  2.8654e-05  -0.0045  -0.0061   0.0043  6.3081e-02   0.0219   0.0116  -0.0052  -0.0052  -0.0013 -3.3435e-03  -0.0041  -0.0080  -0.0050   0.0132  -0.0039  -0.0046 -2.8051e-03  -0.0060   0.2189  -0.0042  -0.0067  -0.0037  -0.0018  -0.0054   0.0133   0.2796   0.2470  -0.0044  -0.0007  -0.0063  -0.0037 -7.9060e-03   0.2042  -0.0067  -0.0045 -4.9829e-03
SIM2L2   0.0738 -7.2799e-03  1.0000 -0.0058 -0.0071 -0.0077 -1.5419e-03  0.0075 -0.0014 -6.0812e-03  -0.0070  -0.0053   0.0019  -0.0066  2.8689e-01  -0.0056  -0.0074  -0.0070 -9.8661e-03   0.0149  -0.0066  -0.0042  -0.0061  -0.0039 -2.3899e-03  -0.0051   0.0638  -0.0063   0.0285  -0.0085  -0.0056 -4.7093e-03  -0.0057  -0.0097  -0.0017  -0.0070  -0.0050  -0.0022  -0.0074  -0.0069  -0.0059  -0.0033  -0.0057  -0.0056   0.0069  -0.0030 -9.6552e-03  -0.0072  -0.0083  -0.0055 -5.0596e-03
SIM3L2   0.0434  8.2260e-04 -0.0058  1.0000 -0.0047 -0.0049 -3.7459e-03 -0.0059 -0.0017 -1.5852e-03  -0.0045  -0.0034  -0.0052   0.0147 -5.5207e-03   0.0001  -0.0050   0.0027 -4.7400e-03  -0.0028  -0.0041  -0.0041  -0.0043  -0.0025 -2.6336e-03  -0.0033  -0.0063  -0.0018  -0.0049  -0.0038  -0.0041  4.8907e-03  -0.0043  -0.0062  -0.0052  -0.0054  -0.0032  -0.0014  -0.0047  -0.0065   0.0163  -0.0038   0.0138  -0.0036  -0.0050  -0.0027 -6.0617e-03  -0.0048  -0.0050  -0.0035 -1.9988e-03
SIM4L2   0.0474 -5.9310e-03 -0.0071 -0.0047  1.0000 -0.0063  2.6933e-03 -0.0075 -0.0022 -2.6624e-03  -0.0048   0.0030  -0.0061  -0.0058 -7.0429e-03  -0.0046   0.0170  -0.0057 -8.2695e-03  -0.0050  -0.0050  -0.0039  -0.0054  -0.0032 -3.2300e-03  -0.0042  -0.0080  -0.0006  -0.0071  -0.0069  -0.0046 -3.8367e-03   0.0021  -0.0079  -0.0064  -0.0066   0.0158   0.0007  -0.0060  -0.0066  -0.0046  -0.0044  -0.0047  -0.0045  -0.0061  -0.0038 -7.8831e-03  -0.0062  -0.0067  -0.0031 -4.8521e-03
SIM5L2   0.0637 -3.5003e-03 -0.0077 -0.0049 -0.0063  1.0000 -4.9091e-03  0.1122 -0.0023 -3.8912e-03  -0.0011   0.0565  -0.0063  -0.0061 -7.4296e-03  -0.0048   0.0213   0.0102 -8.4964e-03  -0.0046  -0.0057   0.0677  -0.0056  -0.0025  1.9050e-03   0.0151  -0.0083   0.0002  -0.0042   0.0418  -0.0047 -4.0556e-03  -0.0063  -0.0075   0.0445  -0.0072  -0.0043  -0.0019  -0.0063  -0.0076  -0.0051  -0.0052  -0.0048  -0.0047   0.0359  -0.0040 -7.0766e-03  -0.0065   0.0058   0.1457  2.4501e-03
SIM6L2  -0.0155 -4.7556e-03 -0.0015 -0.0037  0.0027 -0.0049  1.0000e+00 -0.0029 -0.0018  8.6151e-03   0.0039  -0.0015  -0.0049  -0.0039 -5.6468e-03  -0.0037   0.0050  -0.0045 -5.3255e-03  -0.0033  -0.0043  -0.0040   0.0014  -0.0025 -2.6938e-03  -0.0033  -0.0063  -0.0041  -0.0055  -0.0023   0.2547 -3.0763e-03  -0.0048  -0.0063  -0.0053  -0.0055  -0.0033  -0.0014  -0.0048  -0.0023   0.0321  -0.0021  -0.0038  -0.0036  -0.0051  -0.0030 -6.3208e-03  -0.0042  -0.0054  -0.0036 -2.3015e-06
SIM7L2   0.0468 -3.9241e-03  0.0075 -0.0059 -0.0075  0.1122 -2.8790e-03  1.0000 -0.0027  1.9615e-02   0.0173   0.0555   0.0006  -0.0073 -8.6615e-03   0.0012  -0.0076  -0.0040 -8.6369e-03  -0.0044  -0.0067  -0.0062   0.0032   0.0125 -4.2179e-03  -0.0052  -0.0039  -0.0053  -0.0089   0.0614  -0.0058  5.5445e-04   0.4903  -0.0084   0.0333  -0.0086  -0.0051  -0.0022  -0.0072   0.0651  -0.0058  -0.0023  -0.0059  -0.0055  -0.0061  -0.0047  6.7066e-02  -0.0076   0.0006  -0.0056  8.0006e-02
SIM8L2  -0.0219 -2.1755e-03 -0.0014 -0.0017 -0.0022 -0.0023 -1.7527e-03 -0.0027  1.0000 -1.8212e-03  -0.0021  -0.0016  -0.0022  -0.0021 -2.5832e-03  -0.0017  -0.0022  -0.0021 -2.9483e-03  -0.0018  -0.0020  -0.0019  -0.0020  -0.0012 -1.2323e-03  -0.0015  -0.0030  -0.0019  -0.0006  -0.0020  -0.0017 -1.4073e-03  -0.0022  -0.0029  -0.0024   0.0106  -0.0015  -0.0007  -0.0022  -0.0031  -0.0018  -0.0018  -0.0017  -0.0017  -0.0023  -0.0014 -2.8915e-03  -0.0023  -0.0025  -0.0013 -1.9520e-03
SIM9L2   0.0026 -5.0360e-03 -0.0061 -0.0016 -0.0027 -0.0039  8.6151e-03  0.0196 -0.0018  1.0000e+00  -0.0031   0.0155   0.0142  -0.0051 -5.8784e-03  -0.0038  -0.0029  -0.0047 -6.6469e-03   0.0080  -0.0016  -0.0046  -0.0045  -0.0026 -1.3632e-03  -0.0016  -0.0053  -0.0042   0.0158  -0.0057  -0.0045 -3.1348e-03   0.0326  -0.0068  -0.0036   0.1319  -0.0034  -0.0015  -0.0050   0.0009   0.0043  -0.0043  -0.0008  -0.0018  -0.0048   0.0238 -3.1084e-06  -0.0053  -0.0055   0.1648  2.6690e-03
SIM10L2  0.0442 -1.1315e-03 -0.0070 -0.0045 -0.0048 -0.0011  3.9315e-03  0.0173 -0.0021 -3.0916e-03   1.0000   0.0009  -0.0057  -0.0055 -6.4950e-03   0.0173  -0.0058  -0.0042 -6.1719e-03  -0.0048  -0.0045  -0.0024  -0.0017   0.0092 -1.9064e-03  -0.0013  -0.0024  -0.0048  -0.0034  -0.0058  -0.0039 -3.6561e-03   0.0362  -0.0075   0.1332   0.0011  -0.0039  -0.0017  -0.0044  -0.0076  -0.0046  -0.0045   0.0039  -0.0026  -0.0004  -0.0035 -3.7069e-03  -0.0016  -0.0065   0.0013 -5.0745e-03
SIM11L2  0.0303 -3.8442e-03 -0.0053 -0.0034  0.0030  0.0565 -1.5416e-03  0.0555 -0.0016  1.5495e-02   0.0009   1.0000  -0.0046  -0.0044 -4.9930e-03   0.0020   0.0030  -0.0044 -6.0285e-03  -0.0032  -0.0024  -0.0039  -0.0041   0.0030 -2.5219e-03  -0.0031  -0.0061  -0.0038  -0.0054  -0.0052  -0.0034 -2.7664e-03   0.0043  -0.0015  -0.0012  -0.0054  -0.0031  -0.0013  -0.0037  -0.0073  -0.0033   0.0050  -0.0035  -0.0030   0.1515  -0.0025 -4.8751e-03  -0.0046   0.0009  -0.0033 -2.1626e-03
SIM12L2  0.0400  9.1115e-04  0.0019 -0.0052 -0.0061 -0.0063 -4.8519e-03  0.0006 -0.0022  1.4191e-02  -0.0057  -0.0046   1.0000   0.0004  1.7755e-01  -0.0042  -0.0062  -0.0058 -8.1567e-03  -0.0046  -0.0037  -0.0054   0.3155  -0.0032 -1.1795e-03  -0.0042   0.1977  -0.0051  -0.0073  -0.0070  -0.0047 -3.8956e-03  -0.0037  -0.0012  -0.0056   0.0049   0.0513  -0.0018  -0.0059   0.0076   0.0085   0.0019   0.0039  -0.0020  -0.0059  -0.0033 -8.0078e-03  -0.0005   0.2558   0.0012 -5.4034e-03
SIM13L2  0.0513  2.4770e-02 -0.0066  0.0147 -0.0058 -0.0061 -3.9312e-03 -0.0073 -0.0021 -5.1064e-03  -0.0055  -0.0044   0.0004   1.0000 -6.8549e-03  -0.0043  -0.0036  -0.0055  2.4929e-02   0.0328  -0.0052   0.0056  -0.0053  -0.0031 -3.2701e-03  -0.0040  -0.0073  -0.0024  -0.0069   0.0193  -0.0013 -3.7345e-03  -0.0058   0.0837  -0.0060  -0.0030  -0.0040  -0.0017  -0.0058  -0.0081  -0.0032  -0.0045  -0.0046   0.0504   0.2457  -0.0037 -7.6731e-03  -0.0060  -0.0065  -0.0044  1.2482e-02
SIM14L2  0.0659  2.8654e-05  0.2869 -0.0055 -0.0070 -0.0074 -5.6468e-03 -0.0087 -0.0026 -5.8784e-03  -0.0065  -0.0050   0.1775  -0.0069  1.0000e+00  -0.0057  -0.0072  -0.0067 -8.7807e-03  -0.0053  -0.0069  -0.0056  -0.0064  -0.0035  1.7776e-02  -0.0049   0.0537  -0.0061  -0.0084  -0.0081  -0.0055  2.8214e-01  -0.0071  -0.0032  -0.0077  -0.0081   0.0457  -0.0021  -0.0041   0.0047   0.0056   0.0005   0.0024   0.0601  -0.0075   0.1614 -9.3156e-03  -0.0020  -0.0080   0.0024 -6.2887e-03
SIM15L2 -0.0049 -4.5171e-03 -0.0056  0.0001 -0.0046 -0.0048 -3.6724e-03  0.0012 -0.0017 -3.7827e-03   0.0173   0.0020  -0.0042  -0.0043 -5.6573e-03   1.0000  -0.0022  -0.0046 -6.0683e-03  -0.0038  -0.0020  -0.0040  -0.0042   0.2295 -2.3498e-03  -0.0032  -0.0062   0.0029  -0.0046  -0.0053   0.0004 -2.9487e-03   0.0062  -0.0061   0.0040   0.2631  -0.0031  -0.0014   0.0052  -0.0064  -0.0003  -0.0036  -0.0035  -0.0035  -0.0049  -0.0030  9.0550e-03  -0.0048  -0.0052  -0.0023 -3.7066e-03
SIM16L2 -0.0138 -6.0540e-03 -0.0074 -0.0050  0.0170  0.0213  4.9853e-03 -0.0076 -0.0022 -2.8803e-03  -0.0058   0.0030  -0.0062  -0.0036 -7.2292e-03  -0.0022   1.0000  -0.0058  9.9436e-04  -0.0048  -0.0054   0.0063   0.0065  -0.0030 -3.4293e-03  -0.0043   0.2940  -0.0050  -0.0069  -0.0064   0.0311 -3.9163e-03  -0.0055  -0.0080   0.0044  -0.0009  -0.0038  -0.0018  -0.0042  -0.0085  -0.0005  -0.0044  -0.0043  -0.0046  -0.0065  -0.0001 -6.5811e-03   0.3716  -0.0069  -0.0046 -7.9792e-04
SIM17L2  0.0198  4.3261e-03 -0.0070  0.0027 -0.0057  0.0102 -4.5480e-03 -0.0040 -0.0021 -4.7258e-03  -0.0042  -0.0044  -0.0058  -0.0055 -6.7037e-03  -0.0046  -0.0058   1.0000  6.0963e-02  -0.0048  -0.0051  -0.0050  -0.0052  -0.0030 -3.1976e-03   0.0225  -0.0077  -0.0015   0.0029   0.0129  -0.0044 -3.6517e-03  -0.0057   0.0074   0.0024  -0.0065  -0.0039  -0.0017  -0.0057  -0.0079  -0.0046  -0.0047  -0.0045  -0.0043  -0.0060  -0.0036 -7.1115e-03  -0.0035  -0.0054  -0.0043 -4.9585e-03
SIM18L2  0.0419  6.3081e-02 -0.0099 -0.0047 -0.0083 -0.0085 -5.3255e-03 -0.0086 -0.0029 -6.6469e-03  -0.0062  -0.0060  -0.0082   0.0249 -8.7807e-03  -0.0061   0.0010   0.0610  1.0000e+00   0.0235  -0.0072  -0.0043  -0.0073  -0.0043 -9.0309e-05  -0.0056  -0.0109  -0.0068  -0.0096  -0.0093  -0.0031  6.8016e-05  -0.0082   0.0106  -0.0089  -0.0092  -0.0055  -0.0024  -0.0081   0.0107  -0.0065  -0.0063  -0.0063   0.0178  -0.0086  -0.0012  2.4032e-02   0.0095   0.0306  -0.0060 -7.1776e-03
SIM19L2  0.0321  2.1931e-02  0.0149 -0.0028 -0.0050 -0.0046 -3.3128e-03 -0.0044 -0.0018  7.9729e-03  -0.0048  -0.0032  -0.0046   0.0328 -5.2965e-03  -0.0038  -0.0048  -0.0048  2.3548e-02   1.0000  -0.0011  -0.0045  -0.0045  -0.0027 -1.5585e-03  -0.0035  -0.0057  -0.0048  -0.0035   0.0080  -0.0039 -3.2317e-03   0.0004   0.0162  -0.0033   0.0025  -0.0034  -0.0015  -0.0051   0.0118  -0.0042  -0.0034  -0.0039  -0.0010  -0.0017  -0.0019  8.8169e-04  -0.0049  -0.0061   0.0050 -6.0392e-03
SIM20L2  0.0288  1.1575e-02 -0.0066 -0.0041 -0.0050 -0.0057 -4.3088e-03 -0.0067 -0.0020 -1.6403e-03  -0.0045  -0.0024  -0.0037  -0.0052 -6.9016e-03  -0.0020  -0.0054  -0.0051 -7.1599e-03  -0.0011   1.0000  -0.0034  -0.0025  -0.0007 -9.8315e-04  -0.0037   0.0054  -0.0046  -0.0038  -0.0062  -0.0041 -3.4596e-03  -0.0054   0.0113   0.0615  -0.0036  -0.0037  -0.0016  -0.0054  -0.0075   0.0085  -0.0044  -0.0034  -0.0041  -0.0057  -0.0020 -7.0270e-03   0.0050  -0.0060  -0.0020 -4.8012e-03
SIM21L2  0.0272 -5.1929e-03 -0.0042 -0.0041 -0.0039  0.0677 -4.0111e-03 -0.0062 -0.0019 -4.5726e-03  -0.0024  -0.0039  -0.0054   0.0056 -5.6471e-03  -0.0040   0.0063  -0.0050 -4.2930e-03  -0.0045  -0.0034   1.0000   0.0033  -0.0028 -3.4133e-03  -0.0037  -0.0071   0.0002  -0.0063   0.0264  -0.0041 -3.3592e-03  -0.0053  -0.0069   0.0225  -0.0061  -0.0036  -0.0016  -0.0053  -0.0048   0.0016  -0.0037  -0.0041  -0.0040  -0.0059  -0.0029  1.9051e-02  -0.0014  -0.0059  -0.0038 -4.6594e-03
SIM22L2  0.0524 -5.1820e-03 -0.0061 -0.0043 -0.0054 -0.0056  1.4075e-03  0.0032 -0.0020 -4.5374e-03  -0.0017  -0.0041   0.3155  -0.0053 -6.4356e-03  -0.0042   0.0065  -0.0052 -7.3453e-03  -0.0045  -0.0025   0.0033   1.0000  -0.0029 -3.0492e-03  -0.0038   0.2511  -0.0046  -0.0062  -0.0063  -0.0042 -3.5061e-03  -0.0055  -0.0073  -0.0060  -0.0069  -0.0037  -0.0016  -0.0055  -0.0069  -0.0044  -0.0045  -0.0040  -0.0041  -0.0057  -0.0043 -6.6072e-03  -0.0059   0.2799  -0.0040 -4.9442e-03
SIM23L2 -0.0147 -1.2722e-03 -0.0039 -0.0025 -0.0032 -0.0025 -2.5374e-03  0.0125 -0.0012 -2.5597e-03   0.0092   0.0030  -0.0032  -0.0031 -3.4860e-03   0.2295  -0.0030  -0.0030 -4.2682e-03  -0.0027  -0.0007  -0.0028  -0.0029   1.0000 -1.7840e-03  -0.0012  -0.0038  -0.0027  -0.0038  -0.0036  -0.0024 -2.0373e-03  -0.0032   0.0018   0.0027  -0.0035  -0.0019  -0.0009   0.0031  -0.0044  -0.0025  -0.0026  -0.0025  -0.0017  -0.0034  -0.0020 -4.1860e-03  -0.0033  -0.0036  -0.0024 -2.8259e-03
SIM24L2  0.0008 -3.3435e-03 -0.0024 -0.0026 -0.0032  0.0019 -2.6938e-03 -0.0042 -0.0012 -1.3632e-03  -0.0019  -0.0025  -0.0012  -0.0033  1.7776e-02  -0.0023  -0.0034  -0.0032 -9.0309e-05  -0.0016  -0.0010  -0.0034  -0.0030  -0.0018  1.0000e+00  -0.0023  -0.0045  -0.0029  -0.0045  -0.0039  -0.0026  1.9554e-02  -0.0034   0.0046  -0.0042   0.0162  -0.0023  -0.0010  -0.0034  -0.0047  -0.0012  -0.0028  -0.0026  -0.0025   0.0014   0.0196 -1.1415e-04  -0.0035  -0.0038   0.0135 -3.0000e-03
SIM25L2  0.0246 -4.1363e-03 -0.0051 -0.0033 -0.0042  0.0151 -3.3325e-03 -0.0052 -0.0015 -1.5901e-03  -0.0013  -0.0031  -0.0042  -0.0040 -4.9115e-03  -0.0032  -0.0043   0.0225 -5.6057e-03  -0.0035  -0.0037  -0.0037  -0.0038  -0.0012 -2.3430e-03   1.0000   0.0740  -0.0035  -0.0050   0.0193  -0.0032 -2.6758e-03  -0.0042  -0.0024   0.0089   0.0239  -0.0028   0.0054  -0.0043  -0.0028  -0.0033  -0.0034  -0.0033  -0.0031  -0.0044  -0.0026 -5.4977e-03  -0.0044   0.0044  -0.0031 -3.7114e-03
SIM26L2  0.0558 -8.0192e-03  0.0638 -0.0063 -0.0080 -0.0083 -6.3244e-03 -0.0039 -0.0030 -5.3111e-03  -0.0024  -0.0061   0.1977  -0.0073  5.3719e-02  -0.0062   0.2940  -0.0077 -1.0877e-02  -0.0057   0.0054  -0.0071   0.2511  -0.0038 -4.5429e-03   0.0740   1.0000  -0.0066   0.0562  -0.0093  -0.0059 -5.1880e-03  -0.0073  -0.0103   0.0003   0.0769  -0.0057  -0.0024  -0.0083  -0.0100  -0.0062  -0.0032  -0.0063  -0.0061  -0.0084  -0.0055 -1.0342e-02   0.4133   0.1819  -0.0061 -7.2459e-03
SIM27L2  0.0224 -5.0350e-03 -0.0063 -0.0018 -0.0006  0.0002 -4.0566e-03 -0.0053 -0.0019 -4.2151e-03  -0.0048  -0.0038  -0.0051  -0.0024 -6.0595e-03   0.0029  -0.0050  -0.0015 -6.8319e-03  -0.0048  -0.0046   0.0002  -0.0046  -0.0027 -2.8521e-03  -0.0035  -0.0066   1.0000   0.0039   0.0029  -0.0031 -3.2571e-03  -0.0051  -0.0066  -0.0052   0.0131  -0.0035  -0.0015  -0.0051   0.0575  -0.0041  -0.0042  -0.0040  -0.0038  -0.0052  -0.0032 -4.2787e-03  -0.0052  -0.0057  -0.0038 -4.5177e-03
SIM28L2 -0.0204  1.3191e-02  0.0285 -0.0049 -0.0071 -0.0042 -5.5096e-03 -0.0089 -0.0006  1.5842e-02  -0.0034  -0.0054  -0.0073  -0.0069 -8.4010e-03  -0.0046  -0.0069   0.0029 -9.6284e-03  -0.0035  -0.0038  -0.0063  -0.0062  -0.0038 -4.5434e-03  -0.0050   0.0562   0.0039   1.0000  -0.0082  -0.0055 -4.5056e-03  -0.0073  -0.0095  -0.0079   0.0125  -0.0049  -0.0021  -0.0072  -0.0100  -0.0057  -0.0053  -0.0056  -0.0054  -0.0065   0.0896 -8.9159e-03  -0.0073  -0.0079  -0.0044 -6.3757e-03
SIM29L2  0.0282 -3.8624e-03 -0.0085 -0.0038 -0.0069  0.0418 -2.2700e-03  0.0614 -0.0020 -5.7256e-03  -0.0058  -0.0052  -0.0070   0.0193 -8.1210e-03  -0.0053  -0.0064   0.0129 -9.2689e-03   0.0080  -0.0062   0.0264  -0.0063  -0.0036 -3.8741e-03   0.0193  -0.0093   0.0029  -0.0082   1.0000  -0.0053 -4.4243e-03  -0.0069  -0.0081   0.0467  -0.0079  -0.0047  -0.0021  -0.0069  -0.0063   0.0042   0.0028   0.0205  -0.0041  -0.0073  -0.0043  2.4289e-01  -0.0051  -0.0078  -0.0049 -4.1587e-03
SIM30L2 -0.0041 -4.5616e-03 -0.0056 -0.0041 -0.0046 -0.0047  2.5471e-01 -0.0058 -0.0017 -4.4878e-03  -0.0039  -0.0034  -0.0047  -0.0013 -5.5236e-03   0.0004   0.0311  -0.0044 -3.1027e-03  -0.0039  -0.0041  -0.0041  -0.0042  -0.0024 -2.5704e-03  -0.0032  -0.0059  -0.0031  -0.0055  -0.0053   1.0000 -2.9508e-03  -0.0044  -0.0061  -0.0050  -0.0053  -0.0031  -0.0014  -0.0046  -0.0064  -0.0034  -0.0038  -0.0036  -0.0035  -0.0049  -0.0029 -6.0630e-03  -0.0040  -0.0051  -0.0033  3.8862e-03
SIM31L2 -0.0023 -2.8051e-03 -0.0047  0.0049 -0.0038 -0.0041 -3.0763e-03  0.0006 -0.0014 -3.1348e-03  -0.0037  -0.0028  -0.0039  -0.0037  2.8214e-01  -0.0029  -0.0039  -0.0037  6.8016e-05  -0.0032  -0.0035  -0.0034  -0.0035  -0.0020  1.9554e-02  -0.0027  -0.0052  -0.0033  -0.0045  -0.0044  -0.0030  1.0000e+00  -0.0039  -0.0052  -0.0043  -0.0044  -0.0026  -0.0011  -0.0039  -0.0054  -0.0031  -0.0032  -0.0030  -0.0029  -0.0041  -0.0020 -5.2658e-03  -0.0040  -0.0043   0.0019 -3.4261e-03
SIM32L2  0.0251 -5.9551e-03 -0.0057 -0.0043  0.0021 -0.0063 -4.7627e-03  0.4903 -0.0022  3.2590e-02   0.0362   0.0043  -0.0037  -0.0058 -7.0712e-03   0.0062  -0.0055  -0.0057 -8.1723e-03   0.0004  -0.0054  -0.0053  -0.0055  -0.0032 -3.3733e-03  -0.0042  -0.0073  -0.0051  -0.0073  -0.0069  -0.0044 -3.8523e-03   1.0000  -0.0067   0.1049  -0.0065  -0.0041  -0.0018   0.0002   0.0964  -0.0048  -0.0049   0.0472  -0.0034   0.0005  -0.0038  1.0381e-01  -0.0062  -0.0067  -0.0044  1.1513e-01
SIM33L2  0.0391  2.1890e-01 -0.0097 -0.0062 -0.0079 -0.0075 -6.3171e-03 -0.0084 -0.0029 -6.7826e-03  -0.0075  -0.0015  -0.0012   0.0837 -3.2115e-03  -0.0061  -0.0080   0.0074  1.0608e-02   0.0162   0.0113  -0.0069  -0.0073   0.0018  4.6429e-03  -0.0024  -0.0103  -0.0066  -0.0095  -0.0081  -0.0061 -5.1759e-03  -0.0067   1.0000  -0.0083   0.0070  -0.0048  -0.0023  -0.0079   0.0018   0.2411   0.2087  -0.0062  -0.0018   0.0054  -0.0050 -9.6390e-03   0.1723  -0.0072  -0.0045 -1.0657e-03
SIM34L2  0.0091 -4.2378e-03 -0.0017 -0.0052 -0.0064  0.0445 -5.2959e-03  0.0333 -0.0024 -3.5866e-03   0.1332  -0.0012  -0.0056  -0.0060 -7.7469e-03   0.0040   0.0044   0.0024 -8.8743e-03  -0.0033   0.0615   0.0225  -0.0060   0.0027 -4.2004e-03   0.0089   0.0003  -0.0052  -0.0079   0.0467  -0.0050 -4.2521e-03   0.1049  -0.0083   1.0000  -0.0067  -0.0045  -0.0020  -0.0069  -0.0067   0.0055   0.0243   0.0198  -0.0028  -0.0065  -0.0047 -6.8833e-03   0.0061  -0.0075  -0.0035 -5.8979e-03
SIM35L2  0.0147 -6.7246e-03 -0.0070 -0.0054 -0.0066 -0.0072 -5.4930e-03 -0.0086  0.0106  1.3192e-01   0.0011  -0.0054   0.0049  -0.0030 -8.1295e-03   0.2631  -0.0009  -0.0065 -9.1714e-03   0.0025  -0.0036  -0.0061  -0.0069  -0.0035  1.6190e-02   0.0239   0.0769   0.0131   0.0125  -0.0079  -0.0053 -4.4105e-03  -0.0065   0.0070  -0.0067   1.0000  -0.0049  -0.0022  -0.0069  -0.0095   0.0002  -0.0056  -0.0054  -0.0052  -0.0069   0.0028  1.7526e-02  -0.0019  -0.0062   0.1117 -6.1175e-03
SIM36L2  0.0290 -3.7191e-03 -0.0050 -0.0032  0.0158 -0.0043 -3.2739e-03 -0.0051 -0.0015 -3.3826e-03  -0.0039  -0.0031   0.0513  -0.0040  4.5693e-02  -0.0031  -0.0038  -0.0039 -5.5071e-03  -0.0034  -0.0037  -0.0036  -0.0037  -0.0019 -2.3018e-03  -0.0028  -0.0057  -0.0035  -0.0049  -0.0047  -0.0031 -2.6287e-03  -0.0041  -0.0048  -0.0045  -0.0049   1.0000  -0.0012  -0.0008   0.0014  -0.0023  -0.0029   0.0211  -0.0031  -0.0043  -0.0026 -5.4010e-03  -0.0039  -0.0046  -0.0031 -3.6461e-03
SIM37L2  0.0116 -1.7661e-03 -0.0022 -0.0014  0.0007 -0.0019 -1.4229e-03 -0.0022 -0.0007 -1.4785e-03  -0.0017  -0.0013  -0.0018  -0.0017 -2.0971e-03  -0.0014  -0.0018  -0.0017 -2.3935e-03  -0.0015  -0.0016  -0.0016  -0.0016  -0.0009 -1.0004e-03   0.0054  -0.0024  -0.0015  -0.0021  -0.0021  -0.0014 -1.1425e-03  -0.0018  -0.0023  -0.0020  -0.0022  -0.0012   1.0000  -0.0018  -0.0025  -0.0014  -0.0015  -0.0014  -0.0013   0.0089  -0.0011 -2.3474e-03  -0.0018  -0.0020  -0.0013 -1.5846e-03
SIM38L2  0.1039 -5.4456e-03 -0.0074 -0.0047 -0.0060 -0.0063 -4.8092e-03 -0.0072 -0.0022 -4.9972e-03  -0.0044  -0.0037  -0.0059  -0.0058 -4.1296e-03   0.0052  -0.0042  -0.0057 -8.0897e-03  -0.0051  -0.0054  -0.0053  -0.0055   0.0031 -3.3813e-03  -0.0043  -0.0083  -0.0051  -0.0072  -0.0069  -0.0046 -3.8614e-03   0.0002  -0.0079  -0.0069  -0.0069  -0.0008  -0.0018   1.0000  -0.0052  -0.0048  -0.0049  -0.0005  -0.0042   0.0013  -0.0038 -7.6539e-03  -0.0065  -0.0067  -0.0045 -5.3560e-03
SIM39L2  0.0079  1.3303e-02 -0.0069 -0.0065 -0.0066 -0.0076 -2.3389e-03  0.0651 -0.0031  9.1991e-04  -0.0076  -0.0073   0.0076  -0.0081  4.6819e-03  -0.0064  -0.0085  -0.0079  1.0713e-02   0.0118  -0.0075  -0.0048  -0.0069  -0.0044 -4.6939e-03  -0.0028  -0.0100   0.0575  -0.0100  -0.0063  -0.0064 -5.3604e-03   0.0964   0.0018  -0.0067  -0.0095   0.0014  -0.0025  -0.0052   1.0000   0.0055   0.0032  -0.0044  -0.0063  -0.0064  -0.0053  2.1672e-01   0.0001  -0.0037  -0.0063  3.2369e-01
SIM40L2  0.0251  2.7963e-01 -0.0059  0.0163 -0.0046 -0.0051  3.2141e-02 -0.0058 -0.0018  4.3139e-03  -0.0046  -0.0033   0.0085  -0.0032  5.5976e-03  -0.0003  -0.0005  -0.0046 -6.4547e-03  -0.0042   0.0085   0.0016  -0.0044  -0.0025 -1.2380e-03  -0.0033  -0.0062  -0.0041  -0.0057   0.0042  -0.0034 -3.0810e-03  -0.0048   0.2411   0.0055   0.0002  -0.0023  -0.0014  -0.0048   0.0055   1.0000   0.3882  -0.0040  -0.0036  -0.0051  -0.0031 -3.7107e-03   0.3226  -0.0054   0.0113 -3.4199e-03
SIM41L2 -0.0152  2.4701e-01 -0.0033 -0.0038 -0.0044 -0.0052 -2.0844e-03 -0.0023 -0.0018 -4.2763e-03  -0.0045   0.0050   0.0019  -0.0045  4.6874e-04  -0.0036  -0.0044  -0.0047 -6.2516e-03  -0.0034  -0.0044  -0.0037  -0.0045  -0.0026 -2.7605e-03  -0.0034  -0.0032  -0.0042  -0.0053   0.0028  -0.0038 -3.1525e-03  -0.0049   0.2087   0.0243  -0.0056  -0.0029  -0.0015  -0.0049   0.0032   0.3882   1.0000  -0.0038  -0.0037   0.0235  -0.0031 -2.3717e-03   0.2842   0.0046  -0.0037 -4.5408e-03
SIM42L2  0.0106 -4.4149e-03 -0.0057  0.0138 -0.0047 -0.0048 -3.7524e-03 -0.0059 -0.0017 -8.2109e-04   0.0039  -0.0035   0.0039  -0.0046  2.4372e-03  -0.0035  -0.0043  -0.0045 -6.2718e-03  -0.0039  -0.0034  -0.0041  -0.0040  -0.0025 -2.6382e-03  -0.0033  -0.0063  -0.0040  -0.0056   0.0205  -0.0036 -3.0128e-03   0.0472  -0.0062   0.0198  -0.0054   0.0211  -0.0014  -0.0005  -0.0044  -0.0040  -0.0038   1.0000  -0.0025  -0.0050  -0.0030 -5.7796e-03  -0.0048  -0.0053  -0.0035 -2.4554e-03
SIM43L2  0.0246 -6.8574e-04 -0.0056 -0.0036 -0.0045 -0.0047 -3.6204e-03 -0.0055 -0.0017 -1.8094e-03  -0.0026  -0.0030  -0.0020   0.0504  6.0129e-02  -0.0035  -0.0046  -0.0043  1.7838e-02  -0.0010  -0.0041  -0.0040  -0.0041  -0.0017 -2.5454e-03  -0.0031  -0.0061  -0.0038  -0.0054  -0.0041  -0.0035 -2.9069e-03  -0.0034  -0.0018  -0.0028  -0.0052  -0.0031  -0.0013  -0.0042  -0.0063  -0.0036  -0.0037  -0.0025   1.0000  -0.0048  -0.0029 -3.9510e-03  -0.0047  -0.0038  -0.0034  5.6517e-02
SIM44L2  0.0224 -6.3260e-03  0.0069 -0.0050 -0.0061  0.0359 -5.0967e-03 -0.0061 -0.0023 -4.8239e-03  -0.0004   0.1515  -0.0059   0.2457 -7.5115e-03  -0.0049  -0.0065  -0.0060 -8.5500e-03  -0.0017  -0.0057  -0.0059  -0.0057  -0.0034  1.4418e-03  -0.0044  -0.0084  -0.0052  -0.0065  -0.0073  -0.0049 -4.0922e-03   0.0005   0.0054  -0.0065  -0.0069  -0.0043   0.0089   0.0013  -0.0064  -0.0051   0.0235  -0.0050  -0.0048   1.0000  -0.0038 -5.4648e-03  -0.0066   0.0019   0.0021 -3.1752e-03
SIM45L2  0.0048 -3.7479e-03 -0.0030 -0.0027 -0.0038 -0.0040 -3.0196e-03 -0.0047 -0.0014  2.3765e-02  -0.0035  -0.0025  -0.0033  -0.0037  1.6143e-01  -0.0030  -0.0001  -0.0036 -1.1626e-03  -0.0019  -0.0020  -0.0029  -0.0043  -0.0020  1.9575e-02  -0.0026  -0.0055  -0.0032   0.0896  -0.0043  -0.0029 -1.9522e-03  -0.0038  -0.0050  -0.0047   0.0028  -0.0026  -0.0011  -0.0038  -0.0053  -0.0031  -0.0031  -0.0030  -0.0029  -0.0038   1.0000 -4.9798e-03  -0.0039  -0.0048   0.0049 -3.4039e-03
SIM46L2  0.0193 -7.9060e-03 -0.0097 -0.0061 -0.0079 -0.0071 -6.3208e-03  0.0671 -0.0029 -3.1084e-06  -0.0037  -0.0049  -0.0080  -0.0077 -9.3156e-03   0.0091  -0.0066  -0.0071  2.4032e-02   0.0009  -0.0070   0.0191  -0.0066  -0.0042 -1.1415e-04  -0.0055  -0.0103  -0.0043  -0.0089   0.2429  -0.0061 -5.2658e-03   0.1038  -0.0096  -0.0069   0.0175  -0.0054  -0.0023  -0.0077   0.2167  -0.0037  -0.0024  -0.0058  -0.0040  -0.0055  -0.0050  1.0000e+00  -0.0082  -0.0052  -0.0059  3.2954e-01
SIM47L2  0.0151  2.0423e-01 -0.0072 -0.0048 -0.0062 -0.0065 -4.1676e-03 -0.0076 -0.0023 -5.3364e-03  -0.0016  -0.0046  -0.0005  -0.0060 -2.0488e-03  -0.0048   0.3716  -0.0035  9.5455e-03  -0.0049   0.0050  -0.0014  -0.0059  -0.0033 -3.4805e-03  -0.0044   0.4133  -0.0052  -0.0073  -0.0051  -0.0040 -3.9748e-03  -0.0062   0.1723   0.0061  -0.0019  -0.0039  -0.0018  -0.0065   0.0001   0.3226   0.2842  -0.0048  -0.0047  -0.0066  -0.0039 -8.1668e-03   1.0000   0.0080  -0.0048 -5.5132e-03
SIM48L2  0.0389 -6.6954e-03 -0.0083 -0.0050 -0.0067  0.0058 -5.3943e-03  0.0006 -0.0025 -5.5080e-03  -0.0065   0.0009   0.2558  -0.0065 -7.9507e-03  -0.0052  -0.0069  -0.0054  3.0612e-02  -0.0061  -0.0060  -0.0059   0.2799  -0.0036 -3.7939e-03   0.0044   0.1819  -0.0057  -0.0079  -0.0078  -0.0051 -4.3312e-03  -0.0067  -0.0072  -0.0075  -0.0062  -0.0046  -0.0020  -0.0067  -0.0037  -0.0054   0.0046  -0.0053  -0.0038   0.0019  -0.0048 -5.2069e-03   0.0080   1.0000  -0.0051 -5.9661e-03
SIM49L2  0.0110 -4.4626e-03 -0.0055 -0.0035 -0.0031  0.1457 -3.5975e-03 -0.0056 -0.0013  1.6483e-01   0.0013  -0.0033   0.0012  -0.0044  2.4149e-03  -0.0023  -0.0046  -0.0043 -6.0018e-03   0.0050  -0.0020  -0.0038  -0.0040  -0.0024  1.3463e-02  -0.0031  -0.0061  -0.0038  -0.0044  -0.0049  -0.0033  1.9062e-03  -0.0044  -0.0045  -0.0035   0.1117  -0.0031  -0.0013  -0.0045  -0.0063   0.0113  -0.0037  -0.0035  -0.0034   0.0021   0.0049 -5.9314e-03  -0.0048  -0.0051   1.0000 -3.9970e-03
SIM50L2 -0.0033 -4.9829e-03 -0.0051 -0.0020 -0.0049  0.0025 -2.3015e-06  0.0800 -0.0020  2.6690e-03  -0.0051  -0.0022  -0.0054   0.0125 -6.2887e-03  -0.0037  -0.0008  -0.0050 -7.1776e-03  -0.0060  -0.0048  -0.0047  -0.0049  -0.0028 -3.0000e-03  -0.0037  -0.0072  -0.0045  -0.0064  -0.0042   0.0039 -3.4261e-03   0.1151  -0.0011  -0.0059  -0.0061  -0.0036  -0.0016  -0.0054   0.3237  -0.0034  -0.0045  -0.0025   0.0565  -0.0032  -0.0034  3.2954e-01  -0.0055  -0.0060  -0.0040  1.0000e+00

LD Score Matrix Condition Number
6.4787

Annotation Correlation Matrix
             SIM1        SIM2        SIM3        SIM4        SIM5        SIM6        SIM7        SIM8        SIM9       SIM10       SIM11       SIM12       SIM13       SIM14       SIM15       SIM16       SIM17       SIM18       SIM19       SIM20       SIM21       SIM22       SIM23       SIM24       SIM25       SIM26       SIM27       SIM28       SIM29       SIM30       SIM31       SIM32       SIM33       SIM34       SIM35       SIM36       SIM37       SIM38       SIM39       SIM40       SIM41       SIM42       SIM43       SIM44       SIM45       SIM46       SIM47       SIM48       SIM49       SIM50
SIM1   1.0000e+00 -7.6943e-05 -6.0358e-05 -6.0358e-05 -7.0776e-05 -5.2271e-05 -7.3924e-05 -3.0178e-05 -7.6943e-05 -7.0776e-05 -6.0358e-05 -6.0358e-05 -6.0358e-05 -7.0776e-05 -6.0358e-05 -7.0776e-05 -6.0358e-05 -7.6943e-05 -6.7482e-05 -6.7482e-05 -6.4019e-05 -6.0358e-05 -4.2679e-05 -5.6459e-05 -5.6459e-05 -8.5361e-05 -6.4019e-05 -7.0776e-05 -6.4019e-05 -5.2271e-05 -4.2679e-05 -6.0358e-05 -7.9847e-05 -7.0776e-05 -7.6943e-05 -4.2679e-05 -3.6961e-05 -5.6459e-05 -6.7482e-05 -5.2271e-05 -6.7482e-05 -5.6459e-05 -5.2271e-05 -7.9847e-05 -5.2271e-05 -7.6943e-05 -5.6459e-05 -6.7482e-05 -6.0358e-05 -6.0358e-05
SIM2  -7.6943e-05  1.0000e+00 -7.2542e-05 -7.2542e-05 -8.5064e-05 -6.2823e-05 -8.8846e-05 -3.6270e-05 -9.2475e-05 -8.5064e-05 -7.2542e-05 -7.2542e-05 -7.2542e-05 -8.5064e-05 -7.2542e-05 -8.5064e-05 -7.2542e-05 -9.2475e-05 -8.1105e-05 -8.1105e-05 -7.6943e-05 -7.2542e-05 -5.1294e-05 -6.7856e-05 -6.7856e-05 -1.0259e-04 -7.6943e-05 -8.5064e-05 -7.6943e-05 -6.2823e-05 -5.1294e-05 -7.2542e-05 -9.5966e-05 -8.5064e-05 -9.2475e-05 -5.1294e-05 -4.4422e-05 -6.7856e-05 -8.1105e-05 -6.2823e-05 -8.1105e-05 -6.7856e-05 -6.2823e-05 -9.5966e-05 -6.2823e-05 -9.2475e-05 -6.7856e-05 -8.1105e-05 -7.2542e-05 -7.2542e-05
SIM3  -6.0358e-05 -7.2542e-05  1.0000e+00 -5.6905e-05 -6.6728e-05 -4.9281e-05 -6.9696e-05 -2.8452e-05 -7.2542e-05 -6.6728e-05 -5.6905e-05 -5.6905e-05 -5.6905e-05 -6.6728e-05 -5.6905e-05 -6.6728e-05 -5.6905e-05 -7.2542e-05 -6.3623e-05 -6.3623e-05 -6.0358e-05 -5.6905e-05 -4.0238e-05 -5.3230e-05 -5.3230e-05 -8.0479e-05 -6.0358e-05 -6.6728e-05 -6.0358e-05 -4.9281e-05 -4.0238e-05 -5.6905e-05 -7.5280e-05 -6.6728e-05 -7.2542e-05 -4.0238e-05 -3.4847e-05 -5.3230e-05 -6.3623e-05  1.4430e-01 -6.3623e-05 -5.3230e-05 -4.9281e-05 -7.5280e-05 -4.9281e-05 -7.2542e-05 -5.3230e-05 -6.3623e-05 -5.6905e-05 -5.6905e-05
SIM4  -6.0358e-05 -7.2542e-05 -5.6905e-05  1.0000e+00 -6.6728e-05 -4.9281e-05 -6.9696e-05 -2.8452e-05 -7.2542e-05 -6.6728e-05 -5.6905e-05 -5.6905e-05 -5.6905e-05 -6.6728e-05 -5.6905e-05  1.0654e-01 -5.6905e-05 -7.2542e-05 -6.3623e-05 -6.3623e-05 -6.0358e-05 -5.6905e-05 -4.0238e-05 -5.3230e-05 -5.3230e-05 -8.0479e-05 -6.0358e-05 -6.6728e-05 -6.0358e-05 -4.9281e-05 -4.0238e-05 -5.6905e-05 -7.5280e-05 -6.6728e-05 -7.2542e-05 -4.0238e-05 -3.4847e-05 -5.3230e-05 -6.3623e-05 -4.9281e-05 -6.3623e-05 -5.3230e-05 -4.9281e-05 -7.5280e-05 -4.9281e-05 -7.2542e-05 -5.3230e-05 -6.3623e-05 -5.6905e-05 -5.6905e-05
SIM5  -7.0776e-05 -8.5064e-05 -6.6728e-05 -6.6728e-05  1.0000e+00 -5.7788e-05 -8.1726e-05 -3.3363e-05 -8.5064e-05 -7.8247e-05 -6.6728e-05 -6.6728e-05 -6.6728e-05 -7.8247e-05 -6.6728e-05 -7.8247e-05 -6.6728e-05 -8.5064e-05 -7.4605e-05 -7.4605e-05 -7.0776e-05 -6.6728e-05 -4.7183e-05 -6.2418e-05 -6.2418e-05 -9.4371e-05 -7.0776e-05 -7.8247e-05 -7.0776e-05 -5.7788e-05 -4.7183e-05 -6.6728e-05 -8.8275e-05 -7.8247e-05 -8.5064e-05 -4.7183e-05 -4.0862e-05 -6.2418e-05 -7.4605e-05 -5.7788e-05 -7.4605e-05 -6.2418e-05 -5.7788e-05 -8.8275e-05 -5.7788e-05 -8.5064e-05 -6.2418e-05 -7.4605e-05 -6.6728e-05 -6.6728e-05
SIM6  -5.2271e-05 -6.2823e-05 -4.9281e-05 -4.9281e-05 -5.7788e-05  1.0000e+00 -6.0358e-05 -2.4640e-05 -6.2823e-05 -5.7788e-05 -4.9281e-05 -4.9281e-05 -4.9281e-05 -5.7788e-05 -4.9281e-05 -5.7788e-05 -4.9281e-05 -6.2823e-05 -5.5098e-05 -5.5098e-05 -5.2271e-05 -4.9281e-05 -3.4847e-05 -4.6098e-05 -4.6098e-05 -6.9696e-05 -5.2271e-05 -5.7788e-05 -5.2271e-05 -4.2679e-05 -3.4847e-05 -4.9281e-05 -6.5194e-05 -5.7788e-05 -6.2823e-05 -3.4847e-05 -3.0178e-05 -4.6098e-05 -5.5098e-05 -4.2679e-05 -5.5098e-05 -4.6098e-05 -4.2679e-05 -6.5194e-05 -4.2679e-05 -6.2823e-05 -4.6098e-05 -5.5098e-05 -4.9281e-05 -4.9281e-05
SIM7  -7.3924e-05 -8.8846e-05 -6.9696e-05 -6.9696e-05 -8.1726e-05 -6.0358e-05  1.0000e+00 -3.4847e-05 -8.8846e-05 -8.1726e-05 -6.9696e-05 -6.9696e-05 -6.9696e-05 -8.1726e-05 -6.9696e-05 -8.1726e-05 -6.9696e-05 -8.8846e-05 -7.7923e-05 -7.7923e-05 -7.3924e-05 -6.9696e-05 -4.9282e-05 -6.5194e-05 -6.5194e-05 -9.8567e-05 -7.3924e-05 -8.1726e-05 -7.3924e-05 -6.0358e-05 -4.9282e-05 -6.9696e-05 -9.2201e-05 -8.1726e-05 -8.8846e-05 -4.9282e-05 -4.2679e-05 -6.5194e-05 -7.7923e-05 -6.0358e-05 -7.7923e-05 -6.5194e-05 -6.0358e-05 -9.2201e-05 -6.0358e-05 -8.8846e-05 -6.5194e-05 -7.7923e-05 -6.9696e-05 -6.9696e-05
SIM8  -3.0178e-05 -3.6270e-05 -2.8452e-05 -2.8452e-05 -3.3363e-05 -2.4640e-05 -3.4847e-05  1.0000e+00 -3.6270e-05 -3.3363e-05 -2.8452e-05 -2.8452e-05 -2.8452e-05 -3.3363e-05 -2.8452e-05 -3.3363e-05 -2.8452e-05 -3.6270e-05 -3.1811e-05 -3.1811e-05 -3.0178e-05 -2.8452e-05 -2.0118e-05 -2.6614e-05 -2.6614e-05 -4.0239e-05 -3.0178e-05 -3.3363e-05 -3.0178e-05 -2.4640e-05 -2.0118e-05 -2.8452e-05 -3.7639e-05 -3.3363e-05 -3.6270e-05 -2.0118e-05 -1.7423e-05 -2.6614e-05 -3.1811e-05 -2.4640e-05 -3.1811e-05 -2.6614e-05 -2.4640e-05 -3.7639e-05 -2.4640e-05 -3.6270e-05 -2.6614e-05 -3.1811e-05 -2.8452e-05 -2.8452e-05
SIM9  -7.6943e-05 -9.2475e-05 -7.2542e-05 -7.2542e-05 -8.5064e-05 -6.2823e-05 -8.8846e-05 -3.6270e-05  1.0000e+00 -8.5064e-05 -7.2542e-05 -7.2542e-05 -7.2542e-05 -8.5064e-05 -7.2542e-05 -8.5064e-05 -7.2542e-05 -9.2475e-05 -8.1105e-05 -8.1105e-05 -7.6943e-05 -7.2542e-05 -5.1294e-05 -6.7856e-05 -6.7856e-05 -1.0259e-04 -7.6943e-05 -8.5064e-05 -7.6943e-05 -6.2823e-05 -5.1294e-05 -7.2542e-05 -9.5966e-05 -8.5064e-05 -9.2475e-05 -5.1294e-05 -4.4422e-05 -6.7856e-05 -8.1105e-05 -6.2823e-05 -8.1105e-05 -6.7856e-05 -6.2823e-05 -9.5966e-05 -6.2823e-05 -9.2475e-05 -6.7856e-05 -8.1105e-05 -7.2542e-05 -7.2542e-05
SIM10 -7.0776e-05 -8.5064e-05 -6.6728e-05 -6.6728e-05 -7.8247e-05 -5.7788e-05 -8.1726e-05 -3.3363e-05 -8.5064e-05  1.0000e+00 -6.6728e-05 -6.6728e-05 -6.6728e-05 -7.8247e-05 -6.6728e-05 -7.8247e-05 -6.6728e-05 -8.5064e-05 -7.4605e-05 -7.4605e-05 -7.0776e-05 -6.6728e-05 -4.7183e-05 -6.2418e-05 -6.2418e-05 -9.4371e-05 -7.0776e-05 -7.8247e-05 -7.0776e-05 -5.7788e-05 -4.7183e-05 -6.6728e-05 -8.8275e-05 -7.8247e-05 -8.5064e-05 -4.7183e-05 -4.0862e-05 -6.2418e-05 -7.4605e-05 -5.7788e-05 -7.4605e-05 -6.2418e-05 -5.7788e-05 -8.8275e-05 -5.7788e-05 -8.5064e-05 -6.2418e-05 -7.4605e-05 -6.6728e-05 -6.6728e-05
SIM11 -6.0358e-05 -7.2542e-05 -5.6905e-05 -5.6905e-05 -6.6728e-05 -4.9281e-05 -6.9696e-05 -2.8452e-05 -7.2542e-05 -6.6728e-05  1.0000e+00 -5.6905e-05 -5.6905e-05 -6.6728e-05 -5.6905e-05 -6.6728e-05 -5.6905e-05 -7.2542e-05 -6.3623e-05 -6.3623e-05 -6.0358e-05 -5.6905e-05 -4.0238e-05 -5.3230e-05 -5.3230e-05 -8.0479e-05 -6.0358e-05 -6.6728e-05 -6.0358e-05 -4.9281e-05 -4.0238e-05 -5.6905e-05 -7.5280e-05 -6.6728e-05 -7.2542e-05 -4.0238e-05 -3.4847e-05 -5.3230e-05 -6.3623e-05 -4.9281e-05 -6.3623e-05 -5.3230e-05 -4.9281e-05 -7.5280e-05 -4.9281e-05 -7.2542e-05 -5.3230e-05 -6.3623e-05 -5.6905e-05 -5.6905e-05
SIM12 -6.0358e-05 -7.2542e-05 -5.6905e-05 -5.6905e-05 -6.6728e-05 -4.9281e-05 -6.9696e-05 -2.8452e-05 -7.2542e-05 -6.6728e-05 -5.6905e-05  1.0000e+00 -5.6905e-05  1.0654e-01 -5.6905e-05 -6.6728e-05 -5.6905e-05 -7.2542e-05 -6.3623e-05 -6.3623e-05 -6.0358e-05 -5.6905e-05 -4.0238e-05 -5.3230e-05 -5.3230e-05 -8.0479e-05 -6.0358e-05 -6.6728e-05 -6.0358e-05 -4.9281e-05 -4.0238e-05 -5.6905e-05 -7.5280e-05 -6.6728e-05 -7.2542e-05 -4.0238e-05 -3.4847e-05 -5.3230e-05 -6.3623e-05 -4.9281e-05 -6.3623e-05 -5.3230e-05 -4.9281e-05 -7.5280e-05 -4.9281e-05 -7.2542e-05 -5.3230e-05 -6.3623e-05 -5.6905e-05 -5.6905e-05
SIM13 -6.0358e-05 -7.2542e-05 -5.6905e-05 -5.6905e-05 -6.6728e-05 -4.9281e-05 -6.9696e-05 -2.8452e-05 -7.2542e-05 -6.6728e-05 -5.6905e-05 -5.6905e-05  1.0000e+00 -6.6728e-05 -5.6905e-05 -6.6728e-05 -5.6905e-05 -7.2542e-05 -6.3623e-05 -6.3623e-05 -6.0358e-05 -5.6905e-05 -4.0238e-05 -5.3230e-05 -5.3230e-05 -8.0479e-05 -6.0358e-05 -6.6728e-05 -6.0358e-05 -4.9281e-05 -4.0238e-05 -5.6905e-05 -7.5280e-05 -6.6728e-05 -7.2542e-05 -4.0238e-05 -3.4847e-05 -5.3230e-05 -6.3623e-05 -4.9281e-05 -6.3623e-05 -5.3230e-05 -4.9281e-05  9.4423e-02 -4.9281e-05 -7.2542e-05 -5.3230e-05 -6.3623e-05 -5.6905e-05 -5.6905e-05
SIM14 -7.0776e-05 -8.5064e-05 -6.6728e-05 -6.6728e-05 -7.8247e-05 -5.7788e-05 -8.1726e-05 -3.3363e-05 -8.5064e-05 -7.8247e-05 -6.6728e-05  1.0654e-01 -6.6728e-05  1.0000e+00 -6.6728e-05 -7.8247e-05 -6.6728e-05 -8.5064e-05 -7.4605e-05 -7.4605e-05 -7.0776e-05 -6.6728e-05 -4.7183e-05 -6.2418e-05 -6.2418e-05 -9.4371e-05 -7.0776e-05 -7.8247e-05 -7.0776e-05 -5.7788e-05  1.5072e-01 -6.6728e-05 -8.8275e-05 -7.8247e-05 -8.5064e-05 -4.7183e-05 -4.0862e-05 -6.2418e-05 -7.4605e-05 -5.7788e-05 -7.4605e-05 -6.2418e-05 -5.7788e-05 -8.8275e-05 -5.7788e-05 -8.5064e-05 -6.2418e-05 -7.4605e-05 -6.6728e-05 -6.6728e-05
