*********************************************************************
* LD Score Regression (LDSC)
* Version 1.0.1
* (C) 2014-2019 Brendan Bulik-Sullivan and Hilary Finucane
* Broad Institute of MIT and Harvard / MIT Department of Mathematics
* GNU General Public License v3
*********************************************************************
Call: 
./ldsc.py \
--out /data/sbcs/GuoLab/backup/liq17/CRC_TF_TWAS_zhishan2024/NC_revision_OceanCode/v2_NC_revision//84Tracks//ldscores_sim500//3 \
--bfile /data/sbcs/GuoLab/backup/liq17/ref/Alkesgroup/1000G_EUR_Phase3_plink_hg38/1000G.EUR.QC.3 \
--annot /data/sbcs/GuoLab/backup/liq17/CRC_TF_TWAS_zhishan2024/NC_revision_OceanCode/v2_NC_revision//84Tracks//annots_sim500//3.annot.txt \
--l2  \
--ld-wind-kb 100.0 

Beginning analysis at Sun Oct 26 21:47:40 2025
Read list of 706163 SNPs from /data/sbcs/GuoLab/backup/liq17/ref/Alkesgroup/1000G_EUR_Phase3_plink_hg38/1000G.EUR.QC.3.bim
Read 50 annotations for 706163 SNPs from /data/sbcs/GuoLab/backup/liq17/CRC_TF_TWAS_zhishan2024/NC_revision_OceanCode/v2_NC_revision//84Tracks//annots_sim500//3.annot.txt
Read list of 489 individuals from /data/sbcs/GuoLab/backup/liq17/ref/Alkesgroup/1000G_EUR_Phase3_plink_hg38/1000G.EUR.QC.3.fam
Reading genotypes from /data/sbcs/GuoLab/backup/liq17/ref/Alkesgroup/1000G_EUR_Phase3_plink_hg38/1000G.EUR.QC.3.bed
Estimating LD Score.
Writing LD Scores for 706163 SNPs to /data/sbcs/GuoLab/backup/liq17/CRC_TF_TWAS_zhishan2024/NC_revision_OceanCode/v2_NC_revision//84Tracks//ldscores_sim500//3.l2.ldscore.gz

Summary of LD Scores in /data/sbcs/GuoLab/backup/liq17/CRC_TF_TWAS_zhishan2024/NC_revision_OceanCode/v2_NC_revision//84Tracks//ldscores_sim500//3.l2.ldscore.gz
         MAF  SIM1L2  SIM2L2  SIM3L2  SIM4L2  SIM5L2  SIM6L2  SIM7L2  SIM8L2  SIM9L2  SIM10L2  SIM11L2  SIM12L2  SIM13L2  SIM14L2  SIM15L2  SIM16L2  SIM17L2  SIM18L2  SIM19L2  SIM20L2  SIM21L2  SIM22L2  SIM23L2  SIM24L2  SIM25L2  SIM26L2  SIM27L2  SIM28L2  SIM29L2  SIM30L2  SIM31L2  SIM32L2  SIM33L2  SIM34L2  SIM35L2  SIM36L2  SIM37L2  SIM38L2  SIM39L2  SIM40L2  SIM41L2  SIM42L2  SIM43L2  SIM44L2  SIM45L2  SIM46L2  SIM47L2  SIM48L2  SIM49L2  SIM50L2
mean  0.1493  0.0019  0.0025  0.0032  0.0033  0.0030  0.0033  0.0026  0.0020  0.0026   0.0041   0.0025   0.0046   0.0038   0.0034   0.0022   0.0030   0.0030   0.0019   0.0033   0.0033   0.0043   0.0023   0.0020   0.0032   0.0037   0.0028   0.0040   0.0021   0.0037   0.0016   0.0038   0.0029   0.0037   0.0036   0.0041   0.0026   0.0035   0.0028   0.0032   0.0027   0.0029   0.0035   0.0022   0.0017   0.0032   0.0023   0.0039   0.0029   0.0021   0.0036
std   0.1496  0.0335  0.0390  0.0427  0.0448  0.0442  0.0431  0.0392  0.0332  0.0408   0.0503   0.0370   0.0535   0.0497   0.0476   0.0345   0.0422   0.0425   0.0306   0.0468   0.0427   0.0501   0.0379   0.0344   0.0426   0.0469   0.0390   0.0501   0.0369   0.0474   0.0315   0.0452   0.0385   0.0474   0.0433   0.0516   0.0421   0.0437   0.0416   0.0444   0.0429   0.0414   0.0445   0.0340   0.0291   0.0424   0.0387   0.0516   0.0433   0.0362   0.0502
min   0.0051 -0.0021 -0.0058 -0.0055 -0.0035 -0.0040 -0.0039 -0.0040 -0.0041 -0.0021  -0.0035  -0.0039  -0.0021  -0.0021  -0.0041  -0.0041  -0.0054  -0.0037  -0.0021  -0.0021  -0.0041  -0.0021  -0.0040  -0.0021  -0.0037  -0.0041  -0.0041  -0.0041  -0.0040  -0.0038  -0.0021  -0.0040  -0.0040  -0.0040  -0.0040  -0.0060  -0.0040  -0.0040  -0.0039  -0.0021  -0.0021  -0.0039  -0.0041  -0.0021  -0.0021  -0.0021  -0.0041  -0.0035  -0.0040  -0.0021  -0.0034
25%   0.0184  0.0000  0.0000  0.0000  0.0000  0.0000  0.0000  0.0000  0.0000  0.0000   0.0000   0.0000   0.0000   0.0000   0.0000   0.0000   0.0000   0.0000   0.0000   0.0000   0.0000   0.0000   0.0000   0.0000   0.0000   0.0000   0.0000   0.0000   0.0000   0.0000   0.0000   0.0000   0.0000   0.0000   0.0000   0.0000   0.0000   0.0000   0.0000   0.0000   0.0000   0.0000   0.0000   0.0000   0.0000   0.0000   0.0000   0.0000   0.0000   0.0000   0.0000
50%   0.0900  0.0000  0.0000  0.0000  0.0000  0.0000  0.0000  0.0000  0.0000  0.0000   0.0000   0.0000   0.0000   0.0000   0.0000   0.0000   0.0000   0.0000   0.0000   0.0000   0.0000   0.0000   0.0000   0.0000   0.0000   0.0000   0.0000   0.0000   0.0000   0.0000   0.0000   0.0000   0.0000   0.0000   0.0000   0.0000   0.0000   0.0000   0.0000   0.0000   0.0000   0.0000   0.0000   0.0000   0.0000   0.0000   0.0000   0.0000   0.0000   0.0000   0.0000
75%   0.2566  0.0000  0.0000  0.0000  0.0000  0.0000  0.0000  0.0000  0.0000  0.0000   0.0000   0.0000   0.0000   0.0000   0.0000   0.0000   0.0000   0.0000   0.0000   0.0000   0.0000   0.0000   0.0000   0.0000   0.0000   0.0000   0.0000   0.0000   0.0000   0.0000   0.0000   0.0000   0.0000   0.0000   0.0000   0.0000   0.0000   0.0000   0.0000   0.0000   0.0000   0.0000   0.0000   0.0000   0.0000   0.0000   0.0000   0.0000   0.0000   0.0000   0.0000
max   0.5000  1.0000  1.0536  1.1639  1.3533  1.0098  1.0000  1.0000  1.0000  1.0000   1.0000   1.0150   1.0000   1.0000   1.6593   1.0204   1.0109   1.0000   1.0000   1.0000   1.0000   1.0000   1.0000   1.0000   1.0000   1.0034   1.0000   1.0227   1.0015   1.0048   1.0000   1.0048   1.0706   1.0322   1.0232   1.1124   1.8295   1.0000   1.0000   1.0000   1.0000   1.2114   1.0003   1.0000   1.0000   1.0000   1.0000   1.4054   1.3944   1.0000   1.0000

MAF/LD Score Correlation Matrix
            MAF  SIM1L2  SIM2L2  SIM3L2  SIM4L2      SIM5L2  SIM6L2      SIM7L2  SIM8L2  SIM9L2  SIM10L2  SIM11L2  SIM12L2     SIM13L2  SIM14L2     SIM15L2     SIM16L2     SIM17L2  SIM18L2  SIM19L2  SIM20L2  SIM21L2  SIM22L2  SIM23L2  SIM24L2  SIM25L2     SIM26L2  SIM27L2  SIM28L2     SIM29L2     SIM30L2  SIM31L2  SIM32L2  SIM33L2  SIM34L2  SIM35L2     SIM36L2     SIM37L2  SIM38L2     SIM39L2  SIM40L2  SIM41L2  SIM42L2  SIM43L2  SIM44L2  SIM45L2  SIM46L2  SIM47L2  SIM48L2  SIM49L2  SIM50L2
MAF      1.0000  0.0216  0.0157  0.0390  0.0641  3.1956e-03  0.0530  1.4671e-02  0.0188  0.0125   0.0327   0.0385   0.0328  2.8138e-02   0.0183  4.8688e-02  1.9375e-02  3.8766e-02   0.0286   0.0416   0.0383   0.0451   0.0220   0.0485   0.0278   0.0450  1.8327e-02   0.0285   0.0170  4.1255e-02  1.7628e-02   0.0504   0.0263   0.0487   0.0302   0.0308  2.2553e-02  4.9216e-02   0.0329  4.6621e-02   0.0529   0.0189   0.0370   0.0163   0.0109   0.0425   0.0198   0.0351   0.0201   0.0144  -0.0155
SIM1L2   0.0216  1.0000 -0.0037 -0.0043 -0.0042  3.2605e-02 -0.0044 -2.7437e-03  0.0057 -0.0037   0.0302  -0.0038  -0.0050 -3.6366e-03  -0.0015 -3.5832e-03 -4.1219e-03 -2.9767e-03  -0.0035  -0.0041  -0.0008   0.0027   0.0579  -0.0022  -0.0040  -0.0037 -2.7746e-03   0.0077  -0.0021 -4.4294e-03 -2.8842e-03  -0.0048  -0.0027  -0.0045  -0.0039  -0.0046 -3.2769e-03  1.4323e-03  -0.0034 -3.4312e-03  -0.0036  -0.0034  -0.0044   0.0111  -0.0019  -0.0040  -0.0023  -0.0031   0.0688  -0.0014   0.0035
SIM2L2   0.0157 -0.0037  1.0000  0.0007 -0.0031 -4.0403e-03 -0.0014 -3.1548e-03 -0.0005 -0.0041  -0.0038   0.0202  -0.0055  1.2314e-02  -0.0037 -4.0343e-03  1.7426e-01  1.7517e-02   0.0064   0.0165   0.0540  -0.0049  -0.0015  -0.0038  -0.0048  -0.0044 -4.6121e-03  -0.0050  -0.0036 -4.9952e-03 -2.9430e-03  -0.0054  -0.0023  -0.0014  -0.0010   0.0014  1.5477e-01 -5.1790e-03   0.1484 -4.5777e-03   0.0050  -0.0044   0.0042  -0.0040   0.0126  -0.0043  -0.0027  -0.0049  -0.0041  -0.0031  -0.0032
SIM3L2   0.0390 -0.0043  0.0007  1.0000 -0.0056 -5.1804e-03 -0.0052  1.7602e-03 -0.0041  0.0352   0.0860   0.0307   0.0019 -5.5428e-03  -0.0051 -9.8391e-04 -5.6794e-04 -4.2737e-03  -0.0046  -0.0054   0.0485   0.0754  -0.0045  -0.0034  -0.0002  -0.0052  6.1733e-02  -0.0050  -0.0025  1.9853e-02  1.4265e-01   0.0495   0.0433   0.0103   0.0251  -0.0061  4.0916e-03  1.9804e-02  -0.0050 -4.2185e-03   0.0148  -0.0036   0.0073  -0.0050   0.0300  -0.0056  -0.0042  -0.0012  -0.0005   0.1021   0.0214
SIM4L2   0.0641 -0.0042 -0.0031 -0.0056  1.0000  7.9701e-02 -0.0056  1.1802e-04 -0.0035 -0.0007   0.0171  -0.0049  -0.0057  4.5462e-02  -0.0048 -4.6291e-03 -5.2896e-03 -5.1630e-03  -0.0045   0.0075   0.0076  -0.0025  -0.0045  -0.0042  -0.0033  -0.0044 -5.2595e-03  -0.0047  -0.0041 -2.9166e-03 -3.7572e-03   0.0012   0.0188  -0.0058   0.0791   0.0128 -4.5656e-03  7.4127e-03  -0.0045 -5.1816e-03   0.0778   0.0103   0.0180  -0.0032  -0.0043   0.0884  -0.0043  -0.0054  -0.0050   0.0087   0.0496
SIM5L2   0.0032  0.0326 -0.0040 -0.0052  0.0797  1.0000e+00 -0.0053 -2.5936e-03 -0.0041 -0.0040  -0.0046  -0.0045  -0.0059  1.0344e-01  -0.0010 -1.3917e-03 -4.7012e-03  1.0216e-01  -0.0033  -0.0049  -0.0036  -0.0009  -0.0041   0.0559  -0.0023  -0.0001 -4.7301e-03  -0.0024  -0.0030 -4.1012e-03 -2.1611e-05  -0.0043   0.0073  -0.0025  -0.0051  -0.0055 -3.1690e-03 -5.2835e-03   0.1012 -3.7662e-03  -0.0041  -0.0047  -0.0013  -0.0042  -0.0032  -0.0049   0.0008   0.0107  -0.0019  -0.0039  -0.0027
SIM6L2   0.0530 -0.0044 -0.0014 -0.0052 -0.0056 -5.2866e-03  1.0000 -3.3687e-03 -0.0046 -0.0050   0.0037  -0.0026  -0.0061 -4.5550e-03   0.0773  1.4898e-02 -5.4110e-03  8.9383e-03   0.0027  -0.0055  -0.0059  -0.0065  -0.0047  -0.0046  -0.0037  -0.0056 -4.0986e-03   0.0203  -0.0027 -5.9356e-03 -3.7381e-03  -0.0059   0.0190   0.0049   0.0211  -0.0062  1.4646e-01  1.0754e-02  -0.0052 -5.4721e-03  -0.0048  -0.0054  -0.0060  -0.0051  -0.0044   0.0487  -0.0043  -0.0059  -0.0052  -0.0045  -0.0052
SIM7L2   0.0147 -0.0027 -0.0032  0.0018  0.0001 -2.5936e-03 -0.0034  1.0000e+00  0.0206 -0.0040  -0.0055  -0.0040   0.0170  6.4871e-02  -0.0047 -2.9004e-03 -4.1145e-05 -4.0573e-03   0.0049  -0.0044   0.0546   0.0311  -0.0040  -0.0024   0.0224  -0.0048 -4.6982e-03  -0.0047   0.0031  7.1651e-03 -3.3545e-03  -0.0028   0.0186  -0.0045  -0.0052  -0.0032 -2.7571e-03 -3.5204e-05  -0.0043 -4.5847e-03  -0.0032   0.0049   0.0125  -0.0043  -0.0036  -0.0044  -0.0039  -0.0046  -0.0038   0.0071   0.2082
SIM8L2   0.0188  0.0057 -0.0005 -0.0041 -0.0035 -4.1004e-03 -0.0046  2.0610e-02  1.0000 -0.0039  -0.0035   0.0705  -0.0026  3.2982e-03  -0.0005 -2.6117e-03 -4.1563e-03 -4.1775e-03   0.0758   0.0188  -0.0048  -0.0040  -0.0037  -0.0033   0.0065   0.0824  1.0284e-02  -0.0048  -0.0031  2.1316e-03 -3.0382e-03  -0.0044   0.0146  -0.0022  -0.0043   0.0356 -2.3141e-03  4.1125e-02   0.0500  5.9263e-02   0.0411  -0.0039  -0.0044   0.0494  -0.0027  -0.0044   0.0051  -0.0046  -0.0036  -0.0032  -0.0043
SIM9L2   0.0125 -0.0037 -0.0041  0.0352 -0.0007 -3.9535e-03 -0.0050 -3.9990e-03 -0.0039  1.0000  -0.0052   0.0037  -0.0035 -1.7356e-03  -0.0045 -9.3637e-04 -4.6370e-03 -4.4861e-03   0.0031   0.0330  -0.0033   0.0003   0.0824  -0.0035   0.0013  -0.0005 -4.1019e-03   0.0180  -0.0032  2.2440e-03 -2.9355e-03   0.0057  -0.0035  -0.0048  -0.0016   0.0033 -3.5462e-03  7.3574e-04   0.0123  1.9493e-04  -0.0040  -0.0031   0.0215  -0.0040  -0.0023  -0.0048   0.1132  -0.0049  -0.0042  -0.0015  -0.0037
SIM10L2  0.0327  0.0302 -0.0038  0.0860  0.0171 -4.6486e-03  0.0037 -5.4756e-03 -0.0035 -0.0052   1.0000   0.0243   0.0077 -6.2743e-03  -0.0057 -1.9827e-03 -1.5223e-03 -4.0640e-03  -0.0049  -0.0045  -0.0047   0.0110   0.0019  -0.0036   0.0001  -0.0021 -5.6493e-03   0.1040  -0.0038 -6.3255e-03  1.2258e-01   0.0315  -0.0058   0.1391  -0.0023  -0.0057 -2.4720e-03  1.5366e-02   0.0010 -5.8686e-03  -0.0028   0.0350  -0.0006   0.0094  -0.0023   0.0276  -0.0048  -0.0016  -0.0055   0.0053  -0.0050
SIM11L2  0.0385 -0.0038  0.0202  0.0307 -0.0049 -4.5485e-03 -0.0026 -3.9588e-03  0.0705  0.0037   0.0243   1.0000   0.0076  5.5682e-02  -0.0044 -3.3296e-03  2.2046e-02 -4.6343e-03  -0.0033  -0.0003  -0.0051   0.0247  -0.0041   0.0022   0.0824   0.0102 -3.1023e-03  -0.0054  -0.0012 -4.6640e-03  3.9283e-02   0.0271  -0.0051  -0.0053  -0.0016   0.0363  1.8292e-02  1.0866e-02   0.0860  6.2086e-02   0.0107  -0.0042   0.0420  -0.0044   0.0356  -0.0010  -0.0018  -0.0039  -0.0033   0.0766  -0.0047
SIM12L2  0.0328 -0.0050 -0.0055  0.0019 -0.0057 -5.8724e-03 -0.0061  1.6961e-02 -0.0026 -0.0035   0.0077   0.0076   1.0000  7.6107e-02   0.1763 -5.1692e-03  1.7281e-03 -5.9324e-03   0.0043   0.0158   0.0090  -0.0063  -0.0052  -0.0051   0.0029  -0.0067  2.3834e-03  -0.0063   0.0113 -6.0935e-04  6.7400e-03   0.0042  -0.0020  -0.0067   0.0468  -0.0031  1.5216e-03 -2.1030e-03  -0.0013  1.2448e-01  -0.0040  -0.0045   0.0029  -0.0048  -0.0049  -0.0064  -0.0050  -0.0023   0.0013   0.0008   0.0042
SIM13L2  0.0281 -0.0036  0.0123 -0.0055  0.0455  1.0344e-01 -0.0046  6.4871e-02  0.0033 -0.0017  -0.0063   0.0557   0.0761  1.0000e+00  -0.0052 -4.8772e-03  1.0508e-02 -5.3271e-03   0.0034  -0.0053  -0.0037  -0.0064   0.0139  -0.0030  -0.0019  -0.0058  6.9661e-05  -0.0033   0.0007  1.0122e-03 -3.8732e-03  -0.0047  -0.0010  -0.0054   0.0318  -0.0061  1.1686e-02  2.9944e-02   0.0111  7.9974e-02   0.0081  -0.0004  -0.0046  -0.0028   0.0031  -0.0057  -0.0045  -0.0058   0.0096  -0.0043   0.0447
SIM14L2  0.0183 -0.0015 -0.0037 -0.0051 -0.0048 -1.0177e-03  0.0773 -4.6627e-03 -0.0005 -0.0045  -0.0057  -0.0044   0.1763 -5.2350e-03   1.0000 -4.3713e-03  2.4536e-03  6.3654e-02   0.0511   0.0174  -0.0054   0.0394  -0.0044  -0.0042  -0.0053  -0.0055 -4.4514e-03   0.0023  -0.0036 -4.4319e-03  5.3579e-03  -0.0059  -0.0041  -0.0056  -0.0025  -0.0017 -1.1347e-03 -5.3204e-03  -0.0048  1.5035e-02  -0.0043  -0.0041   0.0131  -0.0046  -0.0028  -0.0008  -0.0041  -0.0016  -0.0048  -0.0040  -0.0007
SIM15L2  0.0487 -0.0036 -0.0040 -0.0010 -0.0046 -1.3917e-03  0.0149 -2.9004e-03 -0.0026 -0.0009  -0.0020  -0.0033  -0.0052 -4.8772e-03  -0.0044  1.0000e+00 -1.2785e-03 -4.3292e-03  -0.0038   0.0008  -0.0048  -0.0037  -0.0036  -0.0033  -0.0047  -0.0031 -4.4693e-03   0.0322  -0.0029 -3.5699e-03 -2.9467e-03   0.0082  -0.0004   0.0216  -0.0050  -0.0043 -3.7626e-03 -5.0046e-03  -0.0039  3.0005e-05  -0.0038  -0.0041   0.0070  -0.0027  -0.0036  -0.0016   0.0123  -0.0039  -0.0042  -0.0015  -0.0040
SIM16L2  0.0194 -0.0041  0.1743 -0.0006 -0.0053 -4.7012e-03 -0.0054 -4.1145e-05 -0.0042 -0.0046  -0.0015   0.0220   0.0017  1.0508e-02   0.0025 -1.2785e-03  1.0000e+00 -7.8789e-05  -0.0043  -0.0050   0.0208   0.0234   0.0091  -0.0040  -0.0044  -0.0047 -2.6934e-03  -0.0058  -0.0040  1.6043e-02  2.0904e-03  -0.0057   0.0099  -0.0050  -0.0060  -0.0054  1.3471e-01 -3.7924e-03   0.1436 -4.7128e-03   0.0421  -0.0046  -0.0004  -0.0027   0.0115  -0.0039   0.0023   0.0221   0.0238  -0.0027   0.0385
SIM17L2  0.0388 -0.0030  0.0175 -0.0043 -0.0052  1.0216e-01  0.0089 -4.0573e-03 -0.0042 -0.0045  -0.0041  -0.0046  -0.0059 -5.3271e-03   0.0637 -4.3292e-03 -7.8789e-05  1.0000e+00   0.0022  -0.0043  -0.0006  -0.0060  -0.0034  -0.0040  -0.0033  -0.0054 -4.5792e-03  -0.0048  -0.0022  5.3109e-05 -3.1928e-03  -0.0028   0.0109  -0.0055  -0.0058   0.0006 -4.2927e-03 -5.5766e-03   0.1081 -4.9502e-03   0.0010  -0.0042  -0.0054   0.0015   0.0630   0.0129   0.0746   0.0008  -0.0047   0.0035  -0.0045
SIM18L2  0.0286 -0.0035  0.0064 -0.0046 -0.0045 -3.2817e-03  0.0027  4.8648e-03  0.0758  0.0031  -0.0049  -0.0033   0.0043  3.3685e-03   0.0511 -3.8064e-03 -4.3016e-03  2.1843e-03   1.0000  -0.0033  -0.0047  -0.0052  -0.0037  -0.0036  -0.0046  -0.0007 -3.8579e-04   0.0094  -0.0034 -4.6836e-03 -1.3566e-03  -0.0051  -0.0046  -0.0048  -0.0051  -0.0006  3.9927e-03  1.1934e-03  -0.0041 -4.3178e-03  -0.0037   0.0021  -0.0042  -0.0040  -0.0034   0.0544  -0.0036  -0.0046  -0.0041  -0.0035  -0.0033
SIM19L2  0.0416 -0.0041  0.0165 -0.0054  0.0075 -4.8832e-03 -0.0055 -4.3787e-03  0.0188  0.0330  -0.0045  -0.0003   0.0158 -5.2970e-03   0.0174  8.2993e-04 -4.9988e-03 -4.3068e-03  -0.0033   1.0000  -0.0055   0.0796  -0.0019   0.0261  -0.0015  -0.0056  1.2559e-02  -0.0055  -0.0029 -5.0280e-03  1.0503e-02  -0.0010  -0.0055  -0.0044   0.0181  -0.0004 -3.7299e-03 -4.9746e-04   0.0014 -5.0270e-03   0.1679  -0.0047   0.0049  -0.0047  -0.0038  -0.0047  -0.0018  -0.0054   0.1380   0.0028  -0.0044
SIM20L2  0.0383 -0.0008  0.0540  0.0485  0.0076 -3.6473e-03 -0.0059  5.4574e-02 -0.0048 -0.0033  -0.0047  -0.0051   0.0090 -3.7379e-03  -0.0054 -4.7979e-03  2.0789e-02 -6.3085e-04  -0.0047  -0.0055   1.0000   0.0297  -0.0041  -0.0045   0.0191   0.0194 -5.3811e-03  -0.0060  -0.0043 -5.3662e-03 -3.8879e-03   0.0758   0.0205  -0.0060  -0.0064  -0.0054 -1.6566e-03 -1.8434e-03  -0.0035 -5.4543e-03  -0.0035  -0.0045   0.0233  -0.0014  -0.0044  -0.0041  -0.0045  -0.0040  -0.0038  -0.0039  -0.0022
SIM21L2  0.0451  0.0027 -0.0049  0.0754 -0.0025 -8.7687e-04 -0.0065  3.1082e-02 -0.0040  0.0003   0.0110   0.0247  -0.0063 -6.4263e-03   0.0394 -3.6950e-03  2.3420e-02 -5.9799e-03  -0.0052   0.0796   0.0297   1.0000  -0.0053  -0.0038  -0.0052  -0.0067 -6.0851e-03   0.0301  -0.0048 -4.8763e-03 -4.3235e-03  -0.0027  -0.0065  -0.0051   0.0233  -0.0067 -5.0356e-03 -6.4247e-03  -0.0058  4.2824e-02   0.1397  -0.0059  -0.0016  -0.0057  -0.0019  -0.0064  -0.0050   0.0359  -0.0048  -0.0049   0.0225
SIM22L2  0.0220  0.0579 -0.0015 -0.0045 -0.0045 -4.1442e-03 -0.0047 -4.0167e-03 -0.0037  0.0824   0.0019  -0.0041  -0.0052  1.3926e-02  -0.0044 -3.6118e-03  9.1363e-03 -3.3564e-03  -0.0037  -0.0019  -0.0041  -0.0053   1.0000  -0.0036   0.0034  -0.0037 -4.3889e-03  -0.0020   0.2231  1.7828e-03 -3.1027e-03  -0.0052  -0.0046  -0.0048  -0.0031   0.0126 -3.1962e-03 -4.4590e-03  -0.0041 -4.3551e-03   0.0282  -0.0037  -0.0047   0.0004  -0.0033   0.0046  -0.0009  -0.0037  -0.0041  -0.0035   0.1600
SIM23L2  0.0485 -0.0022 -0.0038 -0.0034 -0.0042  5.5941e-02 -0.0046 -2.3983e-03 -0.0033 -0.0035  -0.0036   0.0022  -0.0051 -2.9681e-03  -0.0042 -3.2843e-03 -3.9941e-03 -3.9628e-03  -0.0036   0.0261  -0.0045  -0.0038  -0.0036   1.0000   0.0031  -0.0046  4.0850e-02   0.0037  -0.0030 -4.5644e-03 -3.0060e-03  -0.0050  -0.0025   0.0208  -0.0045  -0.0048 -2.8929e-03  9.4281e-03  -0.0030 -4.2053e-03  -0.0019  -0.0036  -0.0046   0.0138  -0.0034  -0.0042  -0.0032  -0.0045   0.0010   0.0303  -0.0026
SIM24L2  0.0278 -0.0040 -0.0048 -0.0002 -0.0033 -2.3410e-03 -0.0037  2.2404e-02  0.0065  0.0013   0.0001   0.0824   0.0029 -1.8521e-03  -0.0053 -4.6890e-03 -4.4154e-03 -3.3043e-03  -0.0046  -0.0015   0.0191  -0.0052   0.0034   0.0031   1.0000   0.0324  3.8398e-02   0.0008  -0.0037 -4.4172e-03 -3.8000e-03   0.0144  -0.0042  -0.0007  -0.0062   0.0145 -2.5323e-03  7.8120e-03  -0.0033  4.7112e-02  -0.0035  -0.0046  -0.0037   0.0719   0.0013   0.0733  -0.0021  -0.0057  -0.0050   0.0007  -0.0046
SIM25L2  0.0450 -0.0037 -0.0044 -0.0052 -0.0044 -1.2076e-04 -0.0056 -4.8018e-03  0.0824 -0.0005  -0.0021   0.0102  -0.0067 -5.7592e-03  -0.0055 -3.0664e-03 -4.6797e-03 -5.4298e-03  -0.0007  -0.0056   0.0194  -0.0067  -0.0037  -0.0046   0.0324   1.0000 -2.7502e-03  -0.0063  -0.0042  3.8945e-02 -1.8024e-03   0.0027   0.0118  -0.0045  -0.0065   0.0108 -2.5508e-03  2.6469e-02  -0.0053  4.6757e-02  -0.0017   0.0034   0.0144  -0.0031  -0.0045   0.0884   0.0236   0.0005  -0.0031  -0.0045  -0.0055
SIM26L2  0.0183 -0.0028 -0.0046  0.0617 -0.0053 -4.7301e-03 -0.0041 -4.6982e-03  0.0103 -0.0041  -0.0056  -0.0031   0.0024  6.9661e-05  -0.0045 -4.4693e-03 -2.6934e-03 -4.5792e-03  -0.0004   0.0126  -0.0054  -0.0061  -0.0044   0.0409   0.0384  -0.0028  1.0000e+00  -0.0055  -0.0018 -1.9782e-03  7.4132e-02   0.0119   0.0576  -0.0052   0.0085  -0.0048  7.0023e-05 -1.8490e-03  -0.0036 -4.2863e-03  -0.0041  -0.0045  -0.0055  -0.0046  -0.0036  -0.0053  -0.0040  -0.0053   0.0006  -0.0034   0.0233
SIM27L2  0.0285  0.0077 -0.0050 -0.0050 -0.0047 -2.3922e-03  0.0203 -4.7459e-03 -0.0048  0.0180   0.1040  -0.0054  -0.0063 -3.2566e-03   0.0023  3.2211e-02 -5.8056e-03 -4.7646e-03   0.0094  -0.0055  -0.0060   0.0301  -0.0020   0.0037   0.0008  -0.0063 -5.4532e-03   1.0000   0.0519  2.0114e-03 -4.0936e-03  -0.0051   0.0310   0.1221   0.1104  -0.0050 -4.9728e-03 -4.2998e-03  -0.0036 -9.5261e-04  -0.0051  -0.0006  -0.0055  -0.0046  -0.0047   0.0147   0.0001   0.0078  -0.0037  -0.0046   0.0153
SIM28L2  0.0170 -0.0021 -0.0036 -0.0025 -0.0041 -3.0290e-03 -0.0027  3.0813e-03 -0.0031 -0.0032  -0.0038  -0.0012   0.0113  6.9001e-04  -0.0036 -2.9102e-03 -4.0383e-03 -2.2352e-03  -0.0034  -0.0029  -0.0043  -0.0048   0.2231  -0.0030  -0.0037  -0.0042 -1.7584e-03   0.0519   1.0000 -3.6792e-03 -2.7456e-03  -0.0047   0.0893  -0.0017   0.0015  -0.0045 -3.4312e-03 -4.1395e-03  -0.0037 -2.3351e-03  -0.0035  -0.0039  -0.0034  -0.0034  -0.0031  -0.0041  -0.0028  -0.0042  -0.0028   0.0142   0.2024
SIM29L2  0.0413 -0.0044 -0.0050  0.0199 -0.0029 -4.1012e-03 -0.0059  7.1651e-03  0.0021  0.0022  -0.0063  -0.0047  -0.0006  1.0122e-03  -0.0044 -3.5699e-03  1.6043e-02  5.3109e-05  -0.0047  -0.0050  -0.0054  -0.0049   0.0018  -0.0046  -0.0044   0.0389 -1.9782e-03   0.0020  -0.0037  1.0000e+00 -1.5064e-03  -0.0059  -0.0055  -0.0061  -0.0063   0.1595 -4.7460e-03 -6.1579e-03  -0.0050 -2.1815e-03  -0.0047   0.0243  -0.0048   0.0030   0.0291   0.0085  -0.0045  -0.0050  -0.0042   0.0272  -0.0049
SIM30L2  0.0176 -0.0029 -0.0029  0.1427 -0.0038 -2.1611e-05 -0.0037 -3.3545e-03 -0.0030 -0.0029   0.1226   0.0393   0.0067 -3.8732e-03   0.0054 -2.9467e-03  2.0904e-03 -3.1928e-03  -0.0014   0.0105  -0.0039  -0.0043  -0.0031  -0.0030  -0.0038  -0.0018  7.4132e-02  -0.0041  -0.0027 -1.5064e-03  1.0000e+00  -0.0043  -0.0039   0.0541  -0.0033   0.0095 -3.1250e-03  3.1240e-02  -0.0034 -2.7278e-03   0.0034  -0.0034   0.0125  -0.0033  -0.0030  -0.0034  -0.0027   0.0043  -0.0026   0.0125  -0.0036
SIM31L2  0.0504 -0.0048 -0.0054  0.0495  0.0012 -4.3333e-03 -0.0059 -2.8356e-03 -0.0044  0.0057   0.0315   0.0271   0.0042 -4.6559e-03  -0.0059  8.1861e-03 -5.6648e-03 -2.7946e-03  -0.0051  -0.0010   0.0758  -0.0027  -0.0052  -0.0050   0.0144   0.0027  1.1863e-02  -0.0051  -0.0047 -5.8661e-03 -4.2717e-03   1.0000  -0.0004   0.0034   0.0271  -0.0062 -3.5343e-03 -6.5397e-03   0.0225  1.0988e-02  -0.0047   0.0186   0.0040   0.0152   0.0182   0.0222  -0.0030   0.0132  -0.0038  -0.0046  -0.0043
SIM32L2  0.0263 -0.0027 -0.0023  0.0433  0.0188  7.2888e-03  0.0190  1.8604e-02  0.0146 -0.0035  -0.0058  -0.0051  -0.0020 -1.0221e-03  -0.0041 -3.7581e-04  9.8753e-03  1.0944e-02  -0.0046  -0.0055   0.0205  -0.0065  -0.0046  -0.0025  -0.0042   0.0118  5.7626e-02   0.0310   0.0893 -5.4675e-03 -3.8648e-03  -0.0004   1.0000   0.0192   0.0425   0.0414  2.1328e-03  3.7017e-03  -0.0044  1.5440e-02  -0.0048   0.0097   0.0291   0.0119  -0.0038   0.0778  -0.0041  -0.0025  -0.0006   0.0015   0.0371
SIM33L2  0.0487 -0.0045 -0.0014  0.0103 -0.0058 -2.4979e-03  0.0049 -4.4611e-03 -0.0022 -0.0048   0.1391  -0.0053  -0.0067 -5.3589e-03  -0.0056  2.1585e-02 -5.0249e-03 -5.4883e-03  -0.0048  -0.0044  -0.0060  -0.0051  -0.0048   0.0208  -0.0007  -0.0045 -5.1808e-03   0.1221  -0.0017 -6.0545e-03  5.4086e-02   0.0034   0.0192   1.0000   0.0276   0.0035 -3.7321e-03 -6.2916e-03  -0.0004  1.0583e-01  -0.0048  -0.0053  -0.0057  -0.0051  -0.0045   0.0103  -0.0033  -0.0060  -0.0046  -0.0042  -0.0053
SIM34L2  0.0302 -0.0039 -0.0010  0.0251  0.0791 -5.1112e-03  0.0211 -5.2405e-03 -0.0043 -0.0016  -0.0023  -0.0016   0.0468  3.1752e-02  -0.0025 -5.0399e-03 -6.0059e-03 -5.7636e-03  -0.0051   0.0181  -0.0064   0.0233  -0.0031  -0.0045  -0.0062  -0.0065  8.4823e-03   0.1104   0.0015 -6.3026e-03 -3.3011e-03   0.0271   0.0425   0.0276   1.0000  -0.0060  3.7165e-02 -6.6553e-03  -0.0018  2.6631e-02  -0.0052  -0.0057  -0.0037   0.0112   0.0051  -0.0049   0.0053  -0.0064  -0.0031  -0.0037   0.0366
SIM35L2  0.0308 -0.0046  0.0014 -0.0061  0.0128 -5.4887e-03 -0.0062 -3.2476e-03  0.0356  0.0033  -0.0057   0.0363  -0.0031 -6.1498e-03  -0.0017 -4.2556e-03 -5.4417e-03  5.8655e-04  -0.0006  -0.0004  -0.0054  -0.0067   0.0126  -0.0048   0.0145   0.0108 -4.8087e-03  -0.0050  -0.0045  1.5951e-01  9.5267e-03  -0.0062   0.0414   0.0035  -0.0060   1.0000  8.4961e-02  4.1193e-03   0.0331 -5.6287e-03   0.0102   0.0278  -0.0024  -0.0051  -0.0046   0.0371  -0.0046  -0.0004  -0.0049  -0.0003   0.0145
SIM36L2  0.0226 -0.0033  0.1548  0.0041 -0.0046 -3.1690e-03  0.1465 -2.7571e-03 -0.0023 -0.0035  -0.0025   0.0183   0.0015  1.1686e-02  -0.0011 -3.7626e-03  1.3471e-01 -4.2927e-03   0.0040  -0.0037  -0.0017  -0.0050  -0.0032  -0.0029  -0.0025  -0.0026  7.0023e-05  -0.0050  -0.0034 -4.7460e-03 -3.1250e-03  -0.0035   0.0021  -0.0037   0.0372   0.0850  1.0000e+00  1.8010e-02   0.1373 -4.1563e-03  -0.0039  -0.0035   0.0079  -0.0041   0.0140  -0.0038  -0.0035  -0.0033   0.0065  -0.0034   0.0011
SIM37L2  0.0492  0.0014 -0.0052  0.0198  0.0074 -5.2835e-03  0.0108 -3.5204e-05  0.0411  0.0007   0.0154   0.0109  -0.0021  2.9944e-02  -0.0053 -5.0046e-03 -3.7924e-03 -5.5766e-03   0.0012  -0.0005  -0.0018  -0.0064  -0.0045   0.0094   0.0078   0.0265 -1.8490e-03  -0.0043  -0.0041 -6.1579e-03  3.1240e-02  -0.0065   0.0037  -0.0063  -0.0067   0.0041  1.8010e-02  1.0000e+00  -0.0053  4.2808e-04   0.0257  -0.0033   0.0217   0.0017  -0.0027  -0.0057  -0.0047   0.0121  -0.0013  -0.0020  -0.0056
SIM38L2  0.0329 -0.0034  0.1484 -0.0050 -0.0045  1.0118e-01 -0.0052 -4.2684e-03  0.0500  0.0123   0.0010   0.0860  -0.0013  1.1125e-02  -0.0048 -3.8708e-03  1.4363e-01  1.0807e-01  -0.0041   0.0014  -0.0035  -0.0058  -0.0041  -0.0030  -0.0033  -0.0053 -3.5790e-03  -0.0036  -0.0037 -4.9715e-03 -3.4437e-03   0.0225  -0.0044  -0.0004  -0.0018   0.0331  1.3734e-01 -5.2697e-03   1.0000 -1.0034e-03  -0.0043  -0.0008   0.0134  -0.0045   0.0101  -0.0029   0.0085   0.0243   0.0454  -0.0039   0.0053
SIM39L2  0.0466 -0.0034 -0.0046 -0.0042 -0.0052 -3.7662e-03 -0.0055 -4.5847e-03  0.0593  0.0002  -0.0059   0.0621   0.1245  7.9974e-02   0.0150  3.0005e-05 -4.7128e-03 -4.9502e-03  -0.0043  -0.0050  -0.0055   0.0428  -0.0044  -0.0042   0.0471   0.0468 -4.2863e-03  -0.0010  -0.0023 -2.1815e-03 -2.7278e-03   0.0110   0.0154   0.1058   0.0266  -0.0056 -4.1563e-03  4.2808e-04  -0.0010  1.0000e+00  -0.0043   0.1213  -0.0040   0.0034  -0.0022   0.0757  -0.0039   0.1218   0.0403  -0.0040  -0.0045
SIM40L2  0.0529 -0.0036  0.0050  0.0148  0.0778 -4.0987e-03 -0.0048 -3.2218e-03  0.0411 -0.0040  -0.0028   0.0107  -0.0040  8.0911e-03  -0.0043 -3.8059e-03  4.2107e-02  1.0170e-03  -0.0037   0.1679  -0.0035   0.1397   0.0282  -0.0019  -0.0035  -0.0017 -4.0567e-03  -0.0051  -0.0035 -4.7420e-03  3.3557e-03  -0.0047  -0.0048  -0.0048  -0.0052   0.0102 -3.8639e-03  2.5668e-02  -0.0043 -4.3267e-03   1.0000  -0.0044  -0.0047  -0.0031  -0.0036  -0.0019  -0.0037   0.0751  -0.0042  -0.0036  -0.0044
SIM41L2  0.0189 -0.0034 -0.0044 -0.0036  0.0103 -4.7307e-03 -0.0054  4.9127e-03 -0.0039 -0.0031   0.0350  -0.0042  -0.0045 -3.8402e-04  -0.0041 -4.1262e-03 -4.5989e-03 -4.1864e-03   0.0021  -0.0047  -0.0045  -0.0059  -0.0037  -0.0036  -0.0046   0.0034 -4.5384e-03  -0.0006  -0.0039  2.4337e-02 -3.4295e-03   0.0186   0.0097  -0.0053  -0.0057   0.0278 -3.5130e-03 -3.3252e-03  -0.0008  1.2127e-01  -0.0044   1.0000  -0.0001   0.0588  -0.0034   0.1107  -0.0040   0.1116   0.0007  -0.0008   0.0168
SIM42L2  0.0370 -0.0044  0.0042  0.0073  0.0180 -1.2709e-03 -0.0060  1.2487e-02 -0.0044  0.0215  -0.0006   0.0420   0.0029 -4.5596e-03   0.0131  7.0124e-03 -4.4892e-04 -5.3533e-03  -0.0042   0.0049   0.0233  -0.0016  -0.0047  -0.0046  -0.0037   0.0144 -5.5247e-03  -0.0055  -0.0034 -4.7547e-03  1.2474e-02   0.0040   0.0291  -0.0057  -0.0037  -0.0024  7.8689e-03  2.1678e-02   0.0134 -4.0146e-03  -0.0047  -0.0001   1.0000  -0.0044   0.0039  -0.0033   0.0426  -0.0006   0.0158  -0.0041  -0.0021
SIM43L2  0.0163  0.0111 -0.0040 -0.0050 -0.0032 -4.2035e-03 -0.0051 -4.3103e-03  0.0494 -0.0040   0.0094  -0.0044  -0.0048 -2.8091e-03  -0.0046 -2.7062e-03 -2.7256e-03  1.5167e-03  -0.0040  -0.0047  -0.0014  -0.0057   0.0004   0.0138   0.0719  -0.0031 -4.5956e-03  -0.0046  -0.0034  2.9877e-03 -3.3257e-03   0.0152   0.0119  -0.0051   0.0112  -0.0051 -4.1098e-03  1.7301e-03  -0.0045  3.3837e-03  -0.0031   0.0588  -0.0044   1.0000   0.0818   0.0222   0.0017   0.0058  -0.0043   0.0023  -0.0045
SIM44L2  0.0109 -0.0019  0.0126  0.0300 -0.0043 -3.2459e-03 -0.0044 -3.5928e-03 -0.0027 -0.0023  -0.0023   0.0356  -0.0049  3.0983e-03  -0.0028 -3.6010e-03  1.1507e-02  6.3043e-02  -0.0034  -0.0038  -0.0044  -0.0019  -0.0033  -0.0034   0.0013  -0.0045 -3.5679e-03  -0.0047  -0.0031  2.9130e-02 -2.9517e-03   0.0182  -0.0038  -0.0045   0.0051  -0.0046  1.3976e-02 -2.6715e-03   0.0101 -2.2265e-03  -0.0036  -0.0034   0.0039   0.0818   1.0000  -0.0043  -0.0002  -0.0040  -0.0024  -0.0014  -0.0028
SIM45L2  0.0425 -0.0040 -0.0043 -0.0056  0.0884 -4.8635e-03  0.0487 -4.3588e-03 -0.0044 -0.0048   0.0276  -0.0010  -0.0064 -5.6743e-03  -0.0008 -1.6458e-03 -3.9273e-03  1.2894e-02   0.0544  -0.0047  -0.0041  -0.0064   0.0046  -0.0042   0.0733   0.0884 -5.2529e-03   0.0147  -0.0041  8.4770e-03 -3.3942e-03   0.0222   0.0778   0.0103  -0.0049   0.0371 -3.7837e-03 -5.6781e-03  -0.0029  7.5677e-02  -0.0019   0.1107  -0.0033   0.0222  -0.0043   1.0000  -0.0019   0.0718  -0.0040   0.0017   0.0044
SIM46L2  0.0198 -0.0023 -0.0027 -0.0042 -0.0043  8.1581e-04 -0.0043 -3.8627e-03  0.0051  0.1132  -0.0048  -0.0018  -0.0050 -4.4599e-03  -0.0041  1.2349e-02  2.3092e-03  7.4552e-02  -0.0036  -0.0018  -0.0045  -0.0050  -0.0009  -0.0032  -0.0021   0.0236 -4.0376e-03   0.0001  -0.0028 -4.5028e-03 -2.6887e-03  -0.0030  -0.0041  -0.0033   0.0053  -0.0046 -3.5237e-03 -4.6697e-03   0.0085 -3.9100e-03  -0.0037  -0.0040   0.0426   0.0017  -0.0002  -0.0019   1.0000  -0.0044  -0.0032   0.0051   0.0009
SIM47L2  0.0351 -0.0031 -0.0049 -0.0012 -0.0054  1.0726e-02 -0.0059 -4.5853e-03 -0.0046 -0.0049  -0.0016  -0.0039  -0.0023 -5.8011e-03  -0.0016 -3.8934e-03  2.2069e-02  7.8170e-04  -0.0046  -0.0054  -0.0040   0.0359  -0.0037  -0.0045  -0.0057   0.0005 -5.2877e-03   0.0078  -0.0042 -5.0226e-03  4.2694e-03   0.0132  -0.0025  -0.0060  -0.0064  -0.0004 -3.2988e-03  1.2059e-02   0.0243  1.2183e-01   0.0751   0.1116  -0.0006   0.0058  -0.0040   0.0718  -0.0044   1.0000   0.0282  -0.0044  -0.0047
SIM48L2  0.0201  0.0688 -0.0041 -0.0005 -0.0050 -1.9414e-03 -0.0052 -3.7984e-03 -0.0036 -0.0042  -0.0055  -0.0033   0.0013  9.6305e-03  -0.0048 -4.2341e-03  2.3815e-02 -4.7189e-03  -0.0041   0.1380  -0.0038  -0.0048  -0.0041   0.0010  -0.0050  -0.0031  6.1361e-04  -0.0037  -0.0028 -4.1657e-03 -2.5831e-03  -0.0038  -0.0006  -0.0046  -0.0031  -0.0049  6.5081e-03 -1.2621e-03   0.0454  4.0272e-02  -0.0042   0.0007   0.0158  -0.0043  -0.0024  -0.0040  -0.0032   0.0282   1.0000   0.0039   0.0016
SIM49L2  0.0144 -0.0014 -0.0031  0.1021  0.0087 -3.9217e-03 -0.0045  7.0868e-03 -0.0032 -0.0015   0.0053   0.0766   0.0008 -4.3467e-03  -0.0040 -1.4912e-03 -2.6626e-03  3.4883e-03  -0.0035   0.0028  -0.0039  -0.0049  -0.0035   0.0303   0.0007  -0.0045 -3.4198e-03  -0.0046   0.0142  2.7230e-02  1.2454e-02  -0.0046   0.0015  -0.0042  -0.0037  -0.0003 -3.3794e-03 -2.0160e-03  -0.0039 -3.9722e-03  -0.0036  -0.0008  -0.0041   0.0023  -0.0014   0.0017   0.0051  -0.0044   0.0039   1.0000  -0.0035
SIM50L2 -0.0155  0.0035 -0.0032  0.0214  0.0496 -2.6906e-03 -0.0052  2.0822e-01 -0.0043 -0.0037  -0.0050  -0.0047   0.0042  4.4671e-02  -0.0007 -3.9641e-03  3.8491e-02 -4.4903e-03  -0.0033  -0.0044  -0.0022   0.0225   0.1600  -0.0026  -0.0046  -0.0055  2.3324e-02   0.0153   0.2024 -4.8657e-03 -3.5965e-03  -0.0043   0.0371  -0.0053   0.0366   0.0145  1.0920e-03 -5.6344e-03   0.0053 -4.5393e-03  -0.0044   0.0168  -0.0021  -0.0045  -0.0028   0.0044   0.0009  -0.0047   0.0016  -0.0035   1.0000

LD Score Matrix Condition Number
2.1094

Annotation Correlation Matrix
             SIM1        SIM2        SIM3        SIM4        SIM5        SIM6        SIM7        SIM8        SIM9       SIM10       SIM11       SIM12       SIM13       SIM14       SIM15       SIM16       SIM17       SIM18       SIM19       SIM20       SIM21       SIM22       SIM23       SIM24       SIM25       SIM26       SIM27       SIM28       SIM29       SIM30       SIM31       SIM32       SIM33       SIM34       SIM35       SIM36       SIM37       SIM38       SIM39       SIM40       SIM41       SIM42       SIM43       SIM44       SIM45       SIM46       SIM47       SIM48       SIM49       SIM50
SIM1   1.0000e+00 -3.8000e-05 -4.2767e-05 -3.7361e-05 -3.8628e-05 -3.7361e-05 -4.1044e-05 -3.8000e-05 -3.6711e-05 -4.4423e-05 -3.7361e-05 -4.2767e-05 -3.9854e-05 -3.8628e-05 -3.6049e-05 -4.2201e-05 -3.8628e-05 -3.5376e-05 -3.8628e-05  3.4968e-02 -4.2201e-05 -3.7361e-05 -3.5376e-05 -3.6049e-05 -3.9854e-05 -3.8000e-05 -4.1627e-05 -3.2541e-05 -3.9246e-05 -3.1026e-05 -4.3878e-05 -4.3326e-05 -4.1627e-05 -4.1044e-05 -4.1627e-05 -3.6049e-05 -4.0454e-05 -3.8000e-05 -3.8628e-05 -3.3272e-05 -3.7361e-05 -4.3326e-05 -3.7361e-05 -3.4689e-05 -3.8628e-05 -3.7361e-05 -3.6711e-05 -3.8628e-05 -3.6049e-05 -4.1044e-05
SIM2  -3.8000e-05  1.0000e+00 -4.7815e-05 -4.1771e-05 -4.3187e-05 -4.1771e-05 -4.5889e-05 -4.2485e-05 -4.1044e-05 -4.9667e-05 -4.1771e-05 -4.7815e-05 -4.4559e-05 -4.3187e-05 -4.0305e-05 -4.7182e-05 -4.3187e-05 -3.9551e-05 -4.3187e-05 -4.5229e-05 -4.7182e-05 -4.1771e-05 -3.9551e-05 -4.0305e-05 -4.4559e-05 -4.2485e-05 -4.6540e-05 -3.6382e-05 -4.3878e-05 -3.4689e-05 -4.9058e-05 -4.8441e-05 -4.6540e-05 -4.5889e-05 -4.6540e-05 -4.0305e-05 -4.5229e-05 -4.2485e-05 -4.3187e-05 -3.7199e-05 -4.1771e-05 -4.8441e-05 -4.1771e-05 -3.8783e-05 -4.3187e-05 -4.1771e-05 -4.1044e-05 -4.3187e-05 -4.0305e-05 -4.5889e-05
SIM3  -4.2767e-05 -4.7815e-05  1.0000e+00 -4.7012e-05 -4.8606e-05 -4.7012e-05 -5.1647e-05 -4.7815e-05 -4.6194e-05 -5.5899e-05 -4.7012e-05 -5.3815e-05 -5.0149e-05 -4.8606e-05 -4.5362e-05 -5.3102e-05 -4.8606e-05 -4.4514e-05 -4.8606e-05 -5.0904e-05 -5.3102e-05 -4.7012e-05 -4.4514e-05 -4.5362e-05 -5.0149e-05 -4.7815e-05 -5.2379e-05 -4.0946e-05 -4.9384e-05 -3.9041e-05  5.1247e-02 -5.4518e-05 -5.2379e-05 -5.1647e-05 -5.2379e-05 -4.5362e-05 -5.0904e-05 -4.7815e-05 -4.8606e-05 -4.1867e-05 -4.7012e-05 -5.4518e-05 -4.7012e-05  3.2402e-02 -4.8606e-05 -4.7012e-05 -4.6194e-05 -4.8606e-05  3.1176e-02 -5.1647e-05
SIM4  -3.7361e-05 -4.1771e-05 -4.7012e-05  1.0000e+00 -4.2461e-05 -4.1069e-05  3.1345e-02 -4.1771e-05 -4.0354e-05 -4.8832e-05 -4.1069e-05 -4.7012e-05 -4.3810e-05 -4.2461e-05 -3.9627e-05 -4.6389e-05 -4.2461e-05 -3.8886e-05 -4.2461e-05 -4.4469e-05  3.0483e-02 -4.1069e-05 -3.8886e-05 -3.9627e-05 -4.3810e-05 -4.1771e-05 -4.5758e-05 -3.5770e-05  3.2785e-02 -3.4105e-05 -4.8233e-05 -4.7626e-05 -4.5758e-05 -4.5118e-05 -4.5758e-05 -3.9627e-05 -4.4469e-05 -4.1771e-05 -4.2461e-05 -3.6574e-05 -4.1069e-05 -4.7626e-05 -4.1069e-05 -3.8131e-05  3.3311e-02 -4.1069e-05 -4.0354e-05 -4.2461e-05 -3.9627e-05 -4.5118e-05
SIM5  -3.8628e-05 -4.3187e-05 -4.8606e-05 -4.2461e-05  1.0000e+00 -4.2461e-05 -4.6648e-05 -4.3187e-05 -4.1723e-05 -5.0488e-05 -4.2461e-05 -4.8606e-05 -4.5295e-05 -4.3901e-05 -4.0971e-05 -4.7962e-05 -4.3901e-05 -4.0205e-05 -4.3901e-05 -4.5976e-05 -4.7962e-05 -4.2461e-05  3.5185e-02 -4.0971e-05 -4.5295e-05 -4.3187e-05 -4.7309e-05 -3.6983e-05 -4.4604e-05 -3.5262e-05 -4.9869e-05 -4.9241e-05 -4.7309e-05 -4.6648e-05 -4.7309e-05 -4.0971e-05 -4.5976e-05 -4.3187e-05 -4.3901e-05 -3.7814e-05 -4.2461e-05 -4.9241e-05 -4.2461e-05 -3.9424e-05 -4.3901e-05 -4.2461e-05 -4.1723e-05 -4.3901e-05 -4.0971e-05 -4.6648e-05
SIM6  -3.7361e-05 -4.1771e-05 -4.7012e-05 -4.1069e-05 -4.2461e-05  1.0000e+00 -4.5118e-05 -4.1771e-05 -4.0354e-05 -4.8832e-05 -4.1069e-05 -4.7012e-05 -4.3810e-05  3.3311e-02 -3.9627e-05 -4.6389e-05 -4.2461e-05 -3.8886e-05 -4.2461e-05 -4.4469e-05 -4.6389e-05 -4.1069e-05 -3.8886e-05 -3.9627e-05 -4.3810e-05 -4.1771e-05 -4.5758e-05 -3.5770e-05 -4.3141e-05 -3.4105e-05 -4.8233e-05 -4.7626e-05 -4.5758e-05 -4.5118e-05 -4.5758e-05 -3.9627e-05 -4.4469e-05 -4.1771e-05 -4.2461e-05 -3.6574e-05 -4.1069e-05 -4.7626e-05 -4.1069e-05 -3.8131e-05 -4.2461e-05 -4.1069e-05 -4.0354e-05 -4.2461e-05 -3.9627e-05 -4.5118e-05
SIM7  -4.1044e-05 -4.5889e-05 -5.1647e-05  3.1345e-02 -4.6648e-05 -4.5118e-05  1.0000e+00 -4.5889e-05 -4.4333e-05 -5.3647e-05 -4.5118e-05 -5.1647e-05 -4.8129e-05 -4.6648e-05 -4.3534e-05 -5.0963e-05 -4.6648e-05 -4.2720e-05 -4.6648e-05 -4.8853e-05  2.7739e-02 -4.5118e-05 -4.2720e-05 -4.3534e-05 -4.8129e-05 -4.5889e-05 -5.0269e-05 -3.9297e-05 -4.7394e-05 -3.7468e-05 -5.2989e-05 -5.2322e-05 -5.0269e-05 -4.9566e-05 -5.0269e-05 -4.3534e-05 -4.8853e-05 -4.5889e-05 -4.6648e-05 -4.0180e-05 -4.5118e-05 -5.2322e-05 -4.5118e-05 -4.1891e-05 -4.6648e-05 -4.5118e-05 -4.4333e-05 -4.6648e-05 -4.3534e-05 -4.9566e-05
SIM8  -3.8000e-05 -4.2485e-05 -4.7815e-05 -4.1771e-05 -4.3187e-05 -4.1771e-05 -4.5889e-05  1.0000e+00 -4.1044e-05 -4.9667e-05 -4.1771e-05 -4.7815e-05 -4.4559e-05 -4.3187e-05 -4.0305e-05 -4.7182e-05 -4.3187e-05 -3.9551e-05 -4.3187e-05 -4.5229e-05 -4.7182e-05 -4.1771e-05 -3.9551e-05 -4.0305e-05 -4.4559e-05 -4.2485e-05 -4.6540e-05 -3.6382e-05 -4.3878e-05 -3.4689e-05 -4.9058e-05 -4.8441e-05 -4.6540e-05 -4.5889e-05 -4.6540e-05 -4.0305e-05 -4.5229e-05 -4.2485e-05 -4.3187e-05 -3.7199e-05 -4.1771e-05 -4.8441e-05 -4.1771e-05 -3.8783e-05 -4.3187e-05 -4.1771e-05 -4.1044e-05 -4.3187e-05 -4.0305e-05 -4.5889e-05
SIM9  -3.6711e-05 -4.1044e-05 -4.6194e-05 -4.0354e-05 -4.1723e-05 -4.0354e-05 -4.4333e-05 -4.1044e-05  1.0000e+00 -4.7983e-05 -4.0354e-05 -4.6194e-05 -4.3048e-05 -4.1723e-05 -3.8938e-05 -4.5582e-05 -4.1723e-05 -3.8210e-05 -4.1723e-05 -4.3695e-05 -4.5582e-05 -4.0354e-05 -3.8210e-05 -3.8938e-05 -4.3048e-05 -4.1044e-05 -4.4962e-05 -3.5148e-05 -4.2390e-05 -3.3512e-05 -4.7394e-05 -4.6798e-05 -4.4962e-05 -4.4333e-05 -4.4962e-05 -3.8938e-05 -4.3695e-05 -4.1044e-05 -4.1723e-05 -3.5938e-05 -4.0354e-05 -4.6798e-05 -4.0354e-05 -3.7468e-05 -4.1723e-05 -4.0354e-05 -3.9652e-05 -4.1723e-05 -3.8938e-05 -4.4333e-05
SIM10 -4.4423e-05 -4.9667e-05 -5.5899e-05 -4.8832e-05 -5.0488e-05 -4.8832e-05 -5.3647e-05 -4.9667e-05 -4.7983e-05  1.0000e+00 -4.8832e-05 -5.5899e-05 -5.2091e-05 -5.0488e-05 -4.7118e-05 -5.5158e-05 -5.0488e-05 -4.6237e-05 -5.0488e-05 -5.2875e-05 -5.5158e-05 -4.8832e-05 -4.6237e-05 -4.7118e-05 -5.2091e-05 -4.9667e-05 -5.4408e-05 -4.2532e-05 -5.1296e-05 -4.0553e-05 -5.7351e-05 -5.6630e-05 -5.4408e-05 -5.3647e-05 -5.4408e-05 -4.7118e-05 -5.2875e-05 -4.9667e-05 -5.0488e-05 -4.3488e-05 -4.8832e-05 -5.6630e-05 -4.8832e-05 -4.5340e-05 -5.0488e-05 -4.8832e-05 -4.7983e-05 -5.0488e-05 -4.7118e-05 -5.3647e-05
SIM11 -3.7361e-05 -4.1771e-05 -4.7012e-05 -4.1069e-05 -4.2461e-05 -4.1069e-05 -4.5118e-05 -4.1771e-05 -4.0354e-05 -4.8832e-05  1.0000e+00 -4.7012e-05 -4.3810e-05 -4.2461e-05 -3.9627e-05 -4.6389e-05 -4.2461e-05 -3.8886e-05 -4.2461e-05 -4.4469e-05 -4.6389e-05 -4.1069e-05 -3.8886e-05 -3.9627e-05 -4.3810e-05 -4.1771e-05 -4.5758e-05 -3.5770e-05 -4.3141e-05 -3.4105e-05 -4.8233e-05 -4.7626e-05 -4.5758e-05 -4.5118e-05 -4.5758e-05 -3.9627e-05 -4.4469e-05 -4.1771e-05 -4.2461e-05 -3.6574e-05 -4.1069e-05  2.9689e-02 -4.1069e-05 -3.8131e-05 -4.2461e-05 -4.1069e-05 -4.0354e-05 -4.2461e-05 -3.9627e-05 -4.5118e-05
SIM12 -4.2767e-05 -4.7815e-05 -5.3815e-05 -4.7012e-05 -4.8606e-05 -4.7012e-05 -5.1647e-05 -4.7815e-05 -4.6194e-05 -5.5899e-05 -4.7012e-05  1.0000e+00 -5.0149e-05 -4.8606e-05 -4.5362e-05 -5.3102e-05 -4.8606e-05 -4.4514e-05 -4.8606e-05 -5.0904e-05 -5.3102e-05 -4.7012e-05 -4.4514e-05 -4.5362e-05 -5.0149e-05 -4.7815e-05 -5.2379e-05 -4.0946e-05 -4.9384e-05 -3.9041e-05 -5.5213e-05 -5.4518e-05 -5.2379e-05 -5.1647e-05 -5.2379e-05 -4.5362e-05 -5.0904e-05 -4.7815e-05 -4.8606e-05 -4.1867e-05 -4.7012e-05 -5.4518e-05 -4.7012e-05 -4.3649e-05 -4.8606e-05 -4.7012e-05 -4.6194e-05 -4.8606e-05 -4.5362e-05 -5.1647e-05
SIM13 -3.9854e-05 -4.4559e-05 -5.0149e-05 -4.3810e-05 -4.5295e-05 -4.3810e-05 -4.8129e-05 -4.4559e-05 -4.3048e-05 -5.2091e-05 -4.3810e-05 -5.0149e-05  1.0000e+00 -4.5295e-05 -4.2272e-05 -4.9485e-05 -4.5295e-05 -4.1482e-05 -4.5295e-05 -4.7436e-05 -4.9485e-05 -4.3810e-05 -4.1482e-05 -4.2272e-05 -4.6734e-05 -4.4559e-05 -4.8812e-05 -3.8158e-05 -4.6020e-05 -3.6382e-05 -5.1452e-05 -5.0805e-05 -4.8812e-05 -4.8129e-05 -4.8812e-05 -4.2272e-05 -4.7436e-05 -4.4559e-05 -4.5295e-05  3.6260e-02 -4.3810e-05 -5.0805e-05 -4.3810e-05 -4.0676e-05 -4.5295e-05 -4.3810e-05 -4.3048e-05  3.1221e-02 -4.2272e-05 -4.8129e-05
