*********************************************************************
* LD Score Regression (LDSC)
* Version 1.0.1
* (C) 2014-2019 Brendan Bulik-Sullivan and Hilary Finucane
* Broad Institute of MIT and Harvard / MIT Department of Mathematics
* GNU General Public License v3
*********************************************************************
Call: 
./ldsc.py \
--out /data/sbcs/GuoLab/backup/liq17/CRC_TF_TWAS_zhishan2024/NC_revision_OceanCode/v2_NC_revision//84Tracks//ldscores_sim500//6 \
--bfile /data/sbcs/GuoLab/backup/liq17/ref/Alkesgroup/1000G_EUR_Phase3_plink_hg38/1000G.EUR.QC.6 \
--annot /data/sbcs/GuoLab/backup/liq17/CRC_TF_TWAS_zhishan2024/NC_revision_OceanCode/v2_NC_revision//84Tracks//annots_sim500//6.annot.txt \
--l2  \
--ld-wind-kb 100.0 

Beginning analysis at Sun Oct 26 22:25:36 2025
Read list of 663678 SNPs from /data/sbcs/GuoLab/backup/liq17/ref/Alkesgroup/1000G_EUR_Phase3_plink_hg38/1000G.EUR.QC.6.bim
Read 50 annotations for 663678 SNPs from /data/sbcs/GuoLab/backup/liq17/CRC_TF_TWAS_zhishan2024/NC_revision_OceanCode/v2_NC_revision//84Tracks//annots_sim500//6.annot.txt
Read list of 489 individuals from /data/sbcs/GuoLab/backup/liq17/ref/Alkesgroup/1000G_EUR_Phase3_plink_hg38/1000G.EUR.QC.6.fam
Reading genotypes from /data/sbcs/GuoLab/backup/liq17/ref/Alkesgroup/1000G_EUR_Phase3_plink_hg38/1000G.EUR.QC.6.bed
Estimating LD Score.
Writing LD Scores for 663678 SNPs to /data/sbcs/GuoLab/backup/liq17/CRC_TF_TWAS_zhishan2024/NC_revision_OceanCode/v2_NC_revision//84Tracks//ldscores_sim500//6.l2.ldscore.gz

Summary of LD Scores in /data/sbcs/GuoLab/backup/liq17/CRC_TF_TWAS_zhishan2024/NC_revision_OceanCode/v2_NC_revision//84Tracks//ldscores_sim500//6.l2.ldscore.gz
         MAF  SIM1L2  SIM2L2  SIM3L2  SIM4L2  SIM5L2  SIM6L2  SIM7L2  SIM8L2  SIM9L2  SIM10L2  SIM11L2  SIM12L2  SIM13L2  SIM14L2  SIM15L2  SIM16L2  SIM17L2  SIM18L2  SIM19L2  SIM20L2  SIM21L2  SIM22L2  SIM23L2  SIM24L2  SIM25L2  SIM26L2  SIM27L2  SIM28L2  SIM29L2  SIM30L2  SIM31L2  SIM32L2  SIM33L2  SIM34L2  SIM35L2  SIM36L2  SIM37L2  SIM38L2  SIM39L2  SIM40L2  SIM41L2  SIM42L2  SIM43L2  SIM44L2  SIM45L2  SIM46L2  SIM47L2  SIM48L2  SIM49L2  SIM50L2
mean  0.1501  0.0044  0.0044  0.0058  0.0035  0.0039  0.0046  0.0042  0.0046  0.0039   0.0034   0.0028   0.0039   0.0047   0.0047   0.0036   0.0063   0.0030   0.0046   0.0050   0.0046   0.0057   0.0028   0.0051   0.0050   0.0048   0.0045   0.0049   0.0039   0.0036   0.0035   0.0031   0.0047   0.0030   0.0042   0.0035   0.0050   0.0039   0.0052   0.0032   0.0047   0.0037   0.0028   0.0027   0.0057   0.0051   0.0050   0.0043   0.0033   0.0044   0.0046
std   0.1492  0.0493  0.0491  0.0562  0.0466  0.0427  0.0518  0.0443  0.0481  0.0436   0.0409   0.0376   0.0461   0.0535   0.0492   0.0425   0.0554   0.0416   0.0535   0.0515   0.0489   0.0557   0.0389   0.0558   0.0522   0.0480   0.0495   0.0575   0.0462   0.0470   0.0457   0.0428   0.0525   0.0411   0.0449   0.0434   0.0597   0.0498   0.0544   0.0443   0.0479   0.0477   0.0386   0.0458   0.0592   0.0546   0.0532   0.0484   0.0458   0.0511   0.0535
min   0.0051 -0.0041 -0.0041 -0.0040 -0.0040 -0.0021 -0.0041 -0.0041 -0.0039 -0.0041  -0.0040  -0.0039  -0.0041  -0.0021  -0.0041  -0.0041  -0.0041  -0.0055  -0.0040  -0.0040  -0.0021  -0.0057  -0.0041  -0.0040  -0.0021  -0.0057  -0.0039  -0.0040  -0.0046  -0.0041  -0.0037  -0.0021  -0.0040  -0.0021  -0.0040  -0.0038  -0.0041  -0.0041  -0.0041  -0.0055  -0.0053  -0.0039  -0.0039  -0.0049  -0.0041  -0.0041  -0.0037  -0.0039  -0.0052  -0.0041  -0.0041
25%   0.0194  0.0000  0.0000  0.0000  0.0000  0.0000  0.0000  0.0000  0.0000  0.0000   0.0000   0.0000   0.0000   0.0000   0.0000   0.0000   0.0000   0.0000   0.0000   0.0000   0.0000   0.0000   0.0000   0.0000   0.0000   0.0000   0.0000   0.0000   0.0000   0.0000   0.0000   0.0000   0.0000   0.0000   0.0000   0.0000   0.0000   0.0000   0.0000   0.0000   0.0000   0.0000   0.0000   0.0000   0.0000   0.0000   0.0000   0.0000   0.0000   0.0000   0.0000
50%   0.0910  0.0000  0.0000  0.0000  0.0000  0.0000  0.0000  0.0000  0.0000  0.0000   0.0000   0.0000   0.0000   0.0000   0.0000   0.0000   0.0000   0.0000   0.0000   0.0000   0.0000   0.0000   0.0000   0.0000   0.0000   0.0000   0.0000   0.0000   0.0000   0.0000   0.0000   0.0000   0.0000   0.0000   0.0000   0.0000   0.0000   0.0000   0.0000   0.0000   0.0000   0.0000   0.0000   0.0000   0.0000   0.0000   0.0000   0.0000   0.0000   0.0000   0.0000
75%   0.2597  0.0000  0.0000  0.0000  0.0000  0.0000  0.0000  0.0000  0.0000  0.0000   0.0000   0.0000   0.0000   0.0000   0.0000   0.0000   0.0000   0.0000   0.0000   0.0000   0.0000   0.0000   0.0000   0.0000   0.0000   0.0000   0.0000   0.0000   0.0000   0.0000   0.0000   0.0000   0.0000   0.0000   0.0000   0.0000   0.0000   0.0000   0.0000   0.0000   0.0000   0.0000   0.0000   0.0000   0.0000   0.0000   0.0000   0.0000   0.0000   0.0000   0.0000
max   0.5000  1.1758  1.0099  1.0025  1.0575  1.0000  1.0054  1.0000  1.0000  1.0000   1.0000   1.0000   1.0121   1.0000   1.0000   1.1057   1.0881   1.2175   1.0371   1.0615   1.0000   1.1314   1.4393   1.0013   1.0000   1.0063   1.0043   1.0055   1.1248   1.0901   1.0000   1.0000   1.0083   1.0000   1.7517   1.0000   2.0000   1.0000   1.0000   1.1743   1.0016   1.0000   1.0146   1.8084   1.0235   1.1410   1.0000   1.0022   1.1683   1.0000   1.0163

MAF/LD Score Correlation Matrix
            MAF  SIM1L2  SIM2L2  SIM3L2  SIM4L2  SIM5L2      SIM6L2  SIM7L2      SIM8L2      SIM9L2  SIM10L2     SIM11L2     SIM12L2     SIM13L2     SIM14L2  SIM15L2  SIM16L2  SIM17L2  SIM18L2  SIM19L2     SIM20L2  SIM21L2  SIM22L2  SIM23L2  SIM24L2  SIM25L2     SIM26L2  SIM27L2  SIM28L2  SIM29L2  SIM30L2     SIM31L2  SIM32L2     SIM33L2  SIM34L2  SIM35L2     SIM36L2  SIM37L2  SIM38L2  SIM39L2  SIM40L2  SIM41L2  SIM42L2  SIM43L2  SIM44L2     SIM45L2     SIM46L2     SIM47L2     SIM48L2  SIM49L2  SIM50L2
MAF      1.0000  0.0192  0.0376  0.0595  0.0184  0.0312  1.6234e-02  0.0431  3.9408e-02  5.1488e-02   0.0253  2.9664e-02  5.2324e-03  5.8362e-02  2.4144e-02   0.0376   0.0810   0.0068   0.0297   0.0339  3.2556e-02   0.0363   0.0243   0.0108   0.0490   0.0531  1.8644e-02   0.0428   0.0616   0.0261   0.0152  8.5991e-03   0.0313  9.8453e-03   0.0474   0.0124  2.6920e-02   0.0364   0.0198   0.0207   0.0544   0.0206   0.0539   0.0166   0.0225  7.3799e-03  1.6880e-02  2.2800e-02  2.3784e-02   0.0384   0.0408
SIM1L2   0.0192  1.0000 -0.0063  0.0420  0.0006  0.0229 -6.2472e-03  0.0088  2.6792e-02  7.9667e-02   0.0158 -1.0227e-03  8.0412e-02  1.4725e-03  8.9970e-02   0.0436   0.0426   0.0065  -0.0052   0.0200  1.8165e-02   0.0938  -0.0039   0.0456   0.0187   0.0076  6.2472e-03  -0.0059   0.0953   0.0208  -0.0016  8.4578e-02  -0.0042  4.7438e-03   0.0154  -0.0021 -2.7375e-03  -0.0052   0.0752   0.0306  -0.0039  -0.0055  -0.0062  -0.0046  -0.0075  5.1260e-02 -3.2866e-03  8.0310e-02 -7.5943e-04  -0.0070  -0.0038
SIM2L2   0.0376 -0.0063  1.0000  0.0598 -0.0066  0.0095  9.1686e-03 -0.0016  7.4473e-02  4.8674e-03   0.0290  3.0359e-02 -2.8005e-03  2.1286e-02  2.9037e-03   0.0230   0.0101  -0.0054  -0.0038   0.0153  4.5884e-03   0.0388   0.0174  -0.0060   0.0947   0.0031  2.1347e-02   0.0025  -0.0039  -0.0065   0.0238  2.3119e-02   0.0065  1.2813e-01   0.0318   0.0109  1.4090e-03   0.1020   0.0180  -0.0043   0.0657   0.0035   0.0032  -0.0044  -0.0005 -3.4492e-03  2.8978e-02 -3.3224e-03  2.7132e-02   0.0045   0.0639
SIM3L2   0.0595  0.0420  0.0598  1.0000 -0.0071  0.0111 -2.5000e-03  0.0117  4.3276e-04 -4.3260e-03   0.0455  3.9051e-02  5.3216e-02  5.7564e-03  1.3455e-02   0.0989   0.0352   0.0334   0.0597   0.0592 -6.6253e-03   0.0886   0.0161  -0.0081  -0.0093   0.0087  1.4648e-03   0.0051  -0.0085  -0.0079   0.0368  8.5704e-03   0.0151  6.4582e-02  -0.0025  -0.0050  1.4709e-02   0.0066   0.0522  -0.0063   0.0692   0.0643   0.0449   0.0033   0.0363 -1.3918e-03  6.5130e-02 -6.4037e-03 -8.9500e-04  -0.0077   0.0546
SIM4L2   0.0184  0.0006 -0.0066 -0.0071  1.0000  0.0944 -6.6010e-03 -0.0012 -6.0199e-03 -2.7624e-03  -0.0056 -5.4193e-03  6.7729e-02  5.5826e-02  1.0710e-03   0.0351  -0.0026   0.0214  -0.0051  -0.0064 -6.8009e-03   0.0980  -0.0032  -0.0040  -0.0052   0.0207  1.0841e-01  -0.0063   0.0110  -0.0052  -0.0059 -9.8828e-04  -0.0052  1.9752e-02  -0.0010   0.1187 -4.8354e-03   0.0157  -0.0034   0.0330   0.0039  -0.0052  -0.0054  -0.0038  -0.0072 -6.9296e-03 -3.2094e-03  2.9121e-04 -5.3909e-03  -0.0018  -0.0045
SIM5L2   0.0312  0.0229  0.0095  0.0111  0.0944  1.0000  2.5865e-03  0.0742  4.0230e-02  1.1617e-01   0.1176 -5.3719e-03  5.7332e-03  5.9390e-02  4.7335e-02   0.0217   0.0849  -0.0034  -0.0078   0.0073  1.1765e-01   0.1196  -0.0054   0.0310   0.0690   0.0263  1.1612e-02  -0.0074   0.0329  -0.0069   0.0378  9.6382e-03  -0.0035 -6.4917e-03   0.0581   0.0079 -1.8130e-03  -0.0072  -0.0035  -0.0066   0.1175   0.0947  -0.0066  -0.0045  -0.0059 -1.8568e-03  1.5703e-02 -2.5179e-03  1.3047e-01  -0.0055  -0.0076
SIM6L2   0.0162 -0.0062  0.0092 -0.0025 -0.0066  0.0026  1.0000e+00 -0.0008  1.0124e-02  1.8151e-02  -0.0050  1.9816e-03 -8.3877e-05  5.1184e-03  2.3702e-02  -0.0013   0.0050   0.1314   0.1213   0.0356  1.3189e-02   0.0145   0.0021   0.1674   0.0064   0.0363 -3.0682e-03  -0.0075  -0.0017   0.0045  -0.0046 -2.6673e-03   0.1104  3.0127e-03   0.0388   0.0147  1.5613e-02   0.0768   0.2482   0.1387   0.0451   0.1786  -0.0059  -0.0020   0.0032  7.6234e-02  7.4981e-04  2.7759e-02  2.5285e-03   0.0167  -0.0016
SIM7L2   0.0431  0.0088 -0.0016  0.0117 -0.0012  0.0742 -8.4567e-04  1.0000  7.0282e-02  5.1276e-02   0.0412  9.3667e-03  4.0373e-02 -4.0813e-03  4.2896e-02   0.0076   0.1268   0.0018   0.0151   0.0507  4.9875e-02   0.0754   0.0158   0.0075   0.0351   0.0181  1.6108e-02  -0.0067   0.0302   0.0073  -0.0039  1.4975e-02   0.0176 -5.5331e-03   0.0205  -0.0032 -7.0888e-04   0.0259   0.0271   0.0029   0.0627  -0.0030   0.0143   0.0490  -0.0017  3.7666e-03  1.0184e-01 -6.6565e-03 -6.9621e-03  -0.0076   0.0066
SIM8L2   0.0394  0.0268  0.0745  0.0004 -0.0060  0.0402  1.0124e-02  0.0703  1.0000e+00  6.9100e-02   0.0418 -6.6471e-03  4.7273e-02  1.5877e-02  1.6950e-02   0.0127   0.0636  -0.0018  -0.0030   0.0389  2.6429e-02   0.0537  -0.0068   0.0203   0.0749   0.0501 -9.0049e-05   0.0952   0.0470  -0.0064  -0.0072  1.4321e-03  -0.0008  3.5951e-02   0.0735   0.0132 -2.1596e-03   0.0528   0.0079  -0.0066   0.0653   0.0160  -0.0062  -0.0026  -0.0054  8.5059e-03  1.3167e-02 -5.1463e-03 -5.4998e-03   0.0072   0.0549
SIM9L2   0.0515  0.0797  0.0049 -0.0043 -0.0028  0.1162  1.8151e-02  0.0513  6.9100e-02  1.0000e+00   0.2325 -4.2855e-03 -3.8434e-06 -7.5455e-03  4.9897e-02   0.0703   0.0829   0.0382  -0.0063  -0.0025  1.1025e-01   0.0126  -0.0055   0.0384   0.2472   0.0273 -3.4464e-03   0.0076   0.0660   0.0202  -0.0039 -6.3983e-03  -0.0080 -6.1157e-03   0.1349  -0.0064  4.3018e-03  -0.0028   0.0117   0.0180   0.0033   0.0002  -0.0031  -0.0049   0.0126 -5.9393e-03 -2.7582e-03  2.4387e-02  5.4054e-02   0.0044  -0.0049
SIM10L2  0.0253  0.0158  0.0290  0.0455 -0.0056  0.1176 -4.9793e-03  0.0412  4.1837e-02  2.3254e-01   1.0000 -3.1382e-03 -5.4093e-03 -3.0929e-03  3.7816e-02   0.0787   0.0496  -0.0034  -0.0067   0.0028  6.8092e-02   0.0598  -0.0044   0.1428   0.1286   0.0179 -1.6735e-03  -0.0069   0.0524  -0.0063   0.0133  8.7671e-03  -0.0043 -5.6251e-03   0.2231   0.1328  9.2419e-04  -0.0007  -0.0055  -0.0055   0.0624   0.0084  -0.0023  -0.0019   0.0045  1.8949e-03  3.5486e-02 -6.8676e-03 -5.3594e-03  -0.0046  -0.0046
SIM11L2  0.0297 -0.0010  0.0304  0.0391 -0.0054 -0.0054  1.9816e-03  0.0094 -6.6471e-03 -4.2855e-03  -0.0031  1.0000e+00 -4.2968e-03 -3.2361e-03 -9.3099e-04  -0.0058   0.0376  -0.0053   0.0033   0.0426 -6.8618e-03  -0.0007   0.0583   0.0383  -0.0062  -0.0068 -6.7189e-03   0.0014  -0.0062   0.0200   0.0872 -1.5783e-03   0.0409 -3.9369e-03  -0.0065  -0.0049 -5.9622e-03  -0.0059   0.0117  -0.0034  -0.0073  -0.0037   0.0152   0.0020   0.0207  2.6269e-02  7.6174e-02  9.6642e-03 -6.1117e-05  -0.0064   0.0013
SIM12L2  0.0052  0.0804 -0.0028  0.0532  0.0677  0.0057 -8.3877e-05  0.0404  4.7273e-02 -3.8434e-06  -0.0054 -4.2968e-03  1.0000e+00 -7.9342e-05  5.2338e-03   0.0228   0.0785  -0.0008   0.0052   0.0236 -5.2683e-03   0.0157  -0.0061  -0.0051  -0.0020  -0.0029  3.6261e-02   0.0010  -0.0053   0.0140  -0.0065  7.4007e-04   0.0060  7.9804e-03  -0.0022  -0.0052  9.0886e-04  -0.0065   0.0472  -0.0060   0.0719   0.0031  -0.0060  -0.0030   0.0037  7.4886e-03  2.1809e-02 -7.4598e-03 -1.2589e-03  -0.0066   0.0134
SIM13L2  0.0584  0.0015  0.0213  0.0058  0.0558  0.0594  5.1184e-03 -0.0041  1.5877e-02 -7.5455e-03  -0.0031 -3.2361e-03 -7.9342e-05  1.0000e+00  6.7938e-04   0.0181   0.0027  -0.0056  -0.0068  -0.0031 -2.0968e-03   0.0151   0.0011   0.1407   0.0275   0.0806 -6.1495e-03  -0.0054  -0.0075  -0.0012  -0.0016  1.0849e-02   0.0002 -4.6753e-03  -0.0032  -0.0039  1.5866e-03  -0.0054   0.0076  -0.0057  -0.0016   0.0138  -0.0027  -0.0052   0.0135 -5.5269e-03 -4.0374e-03  1.4479e-01  1.7969e-01  -0.0024   0.0307
SIM14L2  0.0241  0.0900  0.0029  0.0135  0.0011  0.0473  2.3702e-02  0.0429  1.6950e-02  4.9897e-02   0.0378 -9.3099e-04  5.2338e-03  6.7938e-04  1.0000e+00   0.0020   0.0858  -0.0044   0.0242   0.0806  1.1272e-01   0.0924  -0.0033   0.0588   0.0282   0.0029  5.3552e-03   0.0157   0.0148   0.0417   0.0335 -1.7555e-05   0.0737 -6.6585e-03   0.0190  -0.0070  1.7473e-02  -0.0067   0.0076   0.1109   0.0029  -0.0072  -0.0013  -0.0003   0.0021  3.2691e-02  4.1943e-03 -4.1705e-03  2.6125e-03  -0.0053   0.0103
SIM15L2  0.0376  0.0436  0.0230  0.0989  0.0351  0.0217 -1.3181e-03  0.0076  1.2653e-02  7.0349e-02   0.0787 -5.8303e-03  2.2831e-02  1.8138e-02  2.0143e-03   1.0000  -0.0024   0.0112  -0.0067  -0.0007 -4.7764e-03   0.0469  -0.0052   0.0036  -0.0051   0.0884 -7.5755e-03   0.0193  -0.0041  -0.0008   0.0421  1.4212e-02  -0.0075  4.6862e-02  -0.0014  -0.0067  1.1104e-02  -0.0051  -0.0059  -0.0057   0.0501  -0.0051  -0.0024  -0.0050  -0.0003  3.0197e-03  6.2372e-02 -2.7077e-03 -4.3070e-03  -0.0070  -0.0041
SIM16L2  0.0810  0.0426  0.0101  0.0352 -0.0026  0.0849  4.9835e-03  0.1268  6.3554e-02  8.2867e-02   0.0496  3.7559e-02  7.8457e-02  2.7484e-03  8.5806e-02  -0.0024   1.0000   0.0575   0.0454   0.1223  5.7050e-02   0.0724   0.1186   0.0918   0.0675   0.0220  1.1161e-02   0.0142   0.0615   0.1126   0.0177  5.6240e-02   0.0553 -6.8127e-03   0.0207  -0.0079  1.3027e-02  -0.0091   0.0246   0.0136   0.1133   0.0166  -0.0034  -0.0066   0.0137  4.4980e-02  9.1354e-02 -7.9797e-03  5.1887e-02  -0.0080   0.0450
SIM17L2  0.0068  0.0065 -0.0054  0.0334  0.0214 -0.0034  1.3142e-01  0.0018 -1.7550e-03  3.8243e-02  -0.0034 -5.2525e-03 -7.5772e-04 -5.6447e-03 -4.3634e-03   0.0112   0.0575   1.0000  -0.0057  -0.0053 -2.0940e-03   0.0181  -0.0006   0.0502   0.0016   0.0085  3.6188e-02   0.0055  -0.0060  -0.0025  -0.0040 -2.1654e-03   0.1325 -4.8567e-03   0.0179   0.0019 -1.7591e-03  -0.0033  -0.0038   0.1467  -0.0010   0.1984  -0.0049   0.0183   0.0054 -5.7320e-03  5.4360e-04 -5.1820e-03  4.5570e-02  -0.0022   0.0155
SIM18L2  0.0297 -0.0052 -0.0038  0.0597 -0.0051 -0.0078  1.2125e-01  0.0151 -2.9544e-03 -6.3259e-03  -0.0067  3.2653e-03  5.2380e-03 -6.7824e-03  2.4242e-02  -0.0067   0.0454  -0.0057   1.0000   0.0235 -7.5119e-03  -0.0043  -0.0009   0.0009  -0.0007   0.0012  2.5350e-02   0.0052  -0.0056  -0.0066  -0.0036 -6.0847e-03   0.0017 -2.6180e-03  -0.0072   0.0075 -1.3035e-03  -0.0057   0.0021   0.0136  -0.0016  -0.0027  -0.0057   0.0002   0.0506  7.6423e-02 -3.4507e-03 -7.2105e-03 -3.1534e-03  -0.0009   0.0141
SIM19L2  0.0339  0.0200  0.0153  0.0592 -0.0064  0.0073  3.5562e-02  0.0507  3.8873e-02 -2.5302e-03   0.0028  4.2611e-02  2.3637e-02 -3.1339e-03  8.0573e-02  -0.0007   0.1223  -0.0053   0.0235   1.0000 -8.5933e-03   0.1753   0.1255  -0.0033   0.0566  -0.0032  1.5478e-02  -0.0054  -0.0020  -0.0057   0.0242  8.4846e-03   0.0441 -6.5273e-04   0.0008  -0.0044 -3.1137e-03  -0.0074   0.0210  -0.0031   0.0606   0.0321   0.0804  -0.0059   0.0357  8.0658e-02  8.4183e-02 -1.8736e-03  9.7297e-03  -0.0061   0.0104
SIM20L2  0.0326  0.0182  0.0046 -0.0066 -0.0068  0.1176  1.3189e-02  0.0499  2.6429e-02  1.1025e-01   0.0681 -6.8618e-03 -5.2683e-03 -2.0968e-03  1.1272e-01  -0.0048   0.0571  -0.0021  -0.0075  -0.0086  1.0000e+00   0.0099  -0.0008   0.0307   0.0716   0.0265  2.5163e-02  -0.0078   0.0262  -0.0072  -0.0071 -6.8426e-03   0.0030 -3.7330e-04   0.0843   0.0321  1.2147e-02  -0.0074   0.0066   0.0045   0.0094   0.0037   0.0538  -0.0056  -0.0068 -8.5373e-03 -6.8539e-03 -4.1902e-05  1.0741e-03   0.0311  -0.0082
SIM21L2  0.0363  0.0938  0.0388  0.0886  0.0980  0.1196  1.4539e-02  0.0754  5.3654e-02  1.2605e-02   0.0598 -6.9477e-04  1.5661e-02  1.5144e-02  9.2445e-02   0.0469   0.0724   0.0181  -0.0043   0.1753  9.8751e-03   1.0000  -0.0013   0.0525   0.0864   0.0110  8.9950e-02   0.0359   0.0023  -0.0065   0.0051  1.1570e-01  -0.0046  1.3918e-02  -0.0022  -0.0080  3.7280e-02   0.0100  -0.0025   0.0340   0.0712  -0.0051   0.0954  -0.0042   0.0559  1.6474e-02  7.2863e-02  4.2930e-02 -6.1661e-03  -0.0074  -0.0029
SIM22L2  0.0243 -0.0039  0.0174  0.0161 -0.0032 -0.0054  2.1249e-03  0.0158 -6.8319e-03 -5.4997e-03  -0.0044  5.8337e-02 -6.1461e-03  1.1071e-03 -3.2822e-03  -0.0052   0.1186  -0.0006  -0.0009   0.1255 -7.6078e-04  -0.0013   1.0000   0.0044  -0.0067  -0.0053  1.3002e-02  -0.0056  -0.0052   0.0393   0.0297  2.7148e-02   0.0268  4.4492e-03  -0.0058  -0.0041 -5.0811e-03  -0.0057   0.0258   0.0038  -0.0052  -0.0045   0.0472  -0.0032   0.0224  1.1335e-02  8.0891e-02 -3.4410e-03  4.7183e-02  -0.0060  -0.0054
SIM23L2  0.0108  0.0456 -0.0060 -0.0081 -0.0040  0.0310  1.6739e-01  0.0075  2.0342e-02  3.8394e-02   0.1428  3.8301e-02 -5.1387e-03  1.4067e-01  5.8775e-02   0.0036   0.0918   0.0502   0.0009  -0.0033  3.0746e-02   0.0525   0.0044   1.0000   0.0776   0.0745 -1.3704e-03   0.0127   0.0253   0.0123  -0.0053 -4.3208e-03   0.0076 -6.6980e-03   0.0409   0.1065  1.4532e-03  -0.0072   0.1561   0.0582   0.0114   0.0081  -0.0031  -0.0041   0.0105 -5.7691e-03  3.1391e-02  1.5248e-01  1.5290e-01   0.0080  -0.0037
SIM24L2  0.0490  0.0187  0.0947 -0.0093 -0.0052  0.0690  6.3636e-03  0.0351  7.4890e-02  2.4723e-01   0.1286 -6.1740e-03 -1.9904e-03  2.7480e-02  2.8163e-02  -0.0051   0.0675   0.0016  -0.0007   0.0566  7.1624e-02   0.0864  -0.0067   0.0776   1.0000   0.0267  5.5727e-03   0.0967   0.0206   0.0044  -0.0065 -3.0373e-03   0.0100  1.0867e-01   0.0785   0.0340 -1.1356e-03   0.0932   0.0091  -0.0065   0.0049  -0.0026   0.1026  -0.0051  -0.0043 -7.6066e-03 -3.9918e-03  4.2158e-02  2.6387e-02   0.0241  -0.0064
SIM25L2  0.0531  0.0076  0.0031  0.0087  0.0207  0.0263  3.6296e-02  0.0181  5.0075e-02  2.7339e-02   0.0179 -6.8402e-03 -2.9248e-03  8.0554e-02  2.9237e-03   0.0884   0.0220   0.0085   0.0012  -0.0032  2.6457e-02   0.0110  -0.0053   0.0745   0.0267   1.0000  2.2797e-03  -0.0081   0.0484   0.0217  -0.0062  4.1960e-02   0.0015 -4.9187e-04   0.0362   0.0031  1.8602e-02   0.0021   0.0359  -0.0072   0.0198   0.0018  -0.0067  -0.0056   0.0111 -7.4872e-03  3.5072e-02  3.8907e-02  2.3954e-02   0.0106   0.0129
SIM26L2  0.0186  0.0062  0.0213  0.0015  0.1084  0.0116 -3.0682e-03  0.0161 -9.0049e-05 -3.4464e-03  -0.0017 -6.7189e-03  3.6261e-02 -6.1495e-03  5.3552e-03  -0.0076   0.0112   0.0362   0.0254   0.0155  2.5163e-02   0.0900   0.0130  -0.0014   0.0056   0.0023  1.0000e+00  -0.0035   0.0138  -0.0064   0.0038 -5.1957e-03   0.0157  6.1445e-02   0.0016   0.0009 -4.6717e-03   0.0268  -0.0067   0.0081  -0.0051  -0.0057  -0.0037  -0.0023  -0.0082 -6.9177e-03 -7.2548e-03 -6.4979e-03 -6.4093e-03  -0.0039   0.0097
SIM27L2  0.0428 -0.0059  0.0025  0.0051 -0.0063 -0.0074 -7.4757e-03 -0.0067  9.5228e-02  7.5598e-03  -0.0069  1.4099e-03  1.0164e-03 -5.4199e-03  1.5741e-02   0.0193   0.0142   0.0055   0.0052  -0.0054 -7.8085e-03   0.0359  -0.0056   0.0127   0.0967  -0.0081 -3.5023e-03   1.0000   0.1349   0.0815   0.0057 -5.0551e-03   0.0074 -4.0976e-03  -0.0079  -0.0016  1.8828e-02  -0.0063  -0.0064  -0.0050  -0.0078  -0.0068  -0.0047  -0.0012   0.0360  5.8064e-02 -6.1454e-03  4.8938e-02 -4.2860e-03  -0.0066   0.0679
SIM28L2  0.0616  0.0953 -0.0039 -0.0085  0.0110  0.0329 -1.7346e-03  0.0302  4.6969e-02  6.5956e-02   0.0524 -6.2499e-03 -5.3232e-03 -7.4562e-03  1.4840e-02  -0.0041   0.0615  -0.0060  -0.0056  -0.0020  2.6207e-02   0.0023  -0.0052   0.0253   0.0206   0.0484  1.3799e-02   0.1349   1.0000   0.0356  -0.0051 -6.0529e-03  -0.0049 -4.2025e-03   0.0354  -0.0064 -2.9186e-03  -0.0054  -0.0081  -0.0050   0.0039  -0.0039  -0.0034  -0.0024  -0.0072 -7.5950e-03 -4.2117e-03 -3.1931e-03 -6.1036e-03   0.0212   0.0027
SIM29L2  0.0261  0.0208 -0.0065 -0.0079 -0.0052 -0.0069  4.4539e-03  0.0073 -6.4487e-03  2.0194e-02  -0.0063  2.0047e-02  1.4009e-02 -1.1714e-03  4.1693e-02  -0.0008   0.1126  -0.0025  -0.0066  -0.0057 -7.2481e-03  -0.0065   0.0393   0.0123   0.0044   0.0217 -6.4095e-03   0.0815   0.0356   1.0000  -0.0058  6.1062e-02   0.0270  7.9961e-03  -0.0072   0.0050  2.4285e-03  -0.0018  -0.0066   0.0107  -0.0069  -0.0043  -0.0025   0.0110  -0.0073  2.9828e-01  2.0128e-03 -5.6598e-03 -5.5522e-03  -0.0064   0.3037
SIM30L2  0.0152 -0.0016  0.0238  0.0368 -0.0059  0.0378 -4.6186e-03 -0.0039 -7.2303e-03 -3.9030e-03   0.0133  8.7215e-02 -6.5418e-03 -1.5827e-03  3.3509e-02   0.0421   0.0177  -0.0040  -0.0036   0.0242 -7.0784e-03   0.0051   0.0297  -0.0053  -0.0065  -0.0062  3.7957e-03   0.0057  -0.0051  -0.0058   1.0000 -1.2460e-03   0.0911 -4.6318e-03  -0.0073  -0.0051 -4.7221e-03  -0.0058   0.0376  -0.0004   0.0051  -0.0058   0.0022  -0.0041   0.0228  1.5153e-02  2.0899e-02  1.0445e-01 -1.6998e-03   0.1014  -0.0032
SIM31L2  0.0086  0.0846  0.0231  0.0086 -0.0010  0.0096 -2.6673e-03  0.0150  1.4321e-03 -6.3983e-03   0.0088 -1.5783e-03  7.4007e-04  1.0849e-02 -1.7555e-05   0.0142   0.0562  -0.0022  -0.0061   0.0085 -6.8426e-03   0.1157   0.0271  -0.0043  -0.0030   0.0420 -5.1957e-03  -0.0051  -0.0061   0.0611  -0.0012  1.0000e+00  -0.0029 -1.8351e-04  -0.0064  -0.0019  1.1589e-01   0.0004   0.0249  -0.0018   0.0117  -0.0056  -0.0026  -0.0043   0.0815  2.2128e-02  1.0558e-02  6.5501e-02  6.5820e-02  -0.0037  -0.0063
SIM32L2  0.0313 -0.0042  0.0065  0.0151 -0.0052 -0.0035  1.1043e-01  0.0176 -7.7542e-04 -7.9675e-03  -0.0043  4.0852e-02  6.0171e-03  1.8733e-04  7.3672e-02  -0.0075   0.0553   0.1325   0.0017   0.0441  2.9900e-03  -0.0046   0.0268   0.0076   0.0100   0.0015  1.5730e-02   0.0074  -0.0049   0.0270   0.0911 -2.9048e-03   1.0000  2.2146e-03   0.0020   0.0291  7.3628e-04   0.0173   0.0677   0.1109  -0.0028   0.1058   0.0321  -0.0053   0.0302  4.3169e-02  1.2862e-02  8.1305e-03  2.0915e-03   0.0080   0.0311
SIM33L2  0.0098  0.0047  0.1281  0.0646  0.0198 -0.0065  3.0127e-03 -0.0055  3.5951e-02 -6.1157e-03  -0.0056 -3.9369e-03  7.9804e-03 -4.6753e-03 -6.6585e-03   0.0469  -0.0068  -0.0049  -0.0026  -0.0007 -3.7330e-04   0.0139   0.0044  -0.0067   0.1087  -0.0005  6.1445e-02  -0.0041  -0.0042   0.0080  -0.0046 -1.8351e-04   0.0022  1.0000e+00  -0.0067   0.0035 -5.6661e-03   0.2022   0.0108   0.0022   0.0087  -0.0049   0.0044   0.0028   0.0505  4.3756e-03  7.8395e-03 -2.5390e-03  9.0912e-05   0.0418   0.0497
SIM34L2  0.0474  0.0154  0.0318 -0.0025 -0.0010  0.0581  3.8805e-02  0.0205  7.3495e-02  1.3493e-01   0.2231 -6.5135e-03 -2.2310e-03 -3.2269e-03  1.8989e-02  -0.0014   0.0207   0.0179  -0.0072   0.0008  8.4272e-02  -0.0022  -0.0058   0.0409   0.0785   0.0362  1.6196e-03  -0.0079   0.0354  -0.0072  -0.0073 -6.3731e-03   0.0020 -6.7118e-03   1.0000   0.0313  4.7083e-02  -0.0060   0.0262  -0.0066   0.0181   0.0228   0.0054   0.0640  -0.0080 -2.9586e-04  2.0471e-02  4.8410e-03  2.5700e-02   0.0309  -0.0078
SIM35L2  0.0124 -0.0021  0.0109 -0.0050  0.1187  0.0079  1.4678e-02 -0.0032  1.3155e-02 -6.4124e-03   0.1328 -4.8600e-03 -5.1734e-03 -3.8757e-03 -7.0018e-03  -0.0067  -0.0079   0.0019   0.0075  -0.0044  3.2147e-02  -0.0080  -0.0041   0.1065   0.0340   0.0031  9.4064e-04  -0.0016  -0.0064   0.0050  -0.0051 -1.9165e-03   0.0291  3.4948e-03   0.0313   1.0000  1.6018e-03   0.0010   0.0055   0.0052   0.0135   0.0896  -0.0013  -0.0044  -0.0066 -2.6920e-03  1.3653e-03  8.7946e-04 -8.7948e-04   0.0602  -0.0043
SIM36L2  0.0269 -0.0027  0.0014  0.0147 -0.0048 -0.0018  1.5613e-02 -0.0007 -2.1596e-03  4.3018e-03   0.0009 -5.9622e-03  9.0886e-04  1.5866e-03  1.7473e-02   0.0111   0.0130  -0.0018  -0.0013  -0.0031  1.2147e-02   0.0373  -0.0051   0.0015  -0.0011   0.0186 -4.6717e-03   0.0188  -0.0029   0.0024  -0.0047  1.1589e-01   0.0007 -5.6661e-03   0.0471   0.0016  1.0000e+00  -0.0048   0.0054  -0.0060   0.0286   0.0061  -0.0058  -0.0050   0.0570 -7.5698e-04 -7.0621e-04  2.0823e-02  2.9890e-05   0.0186  -0.0008
SIM37L2  0.0364 -0.0052  0.1020  0.0066  0.0157 -0.0072  7.6820e-02  0.0259  5.2751e-02 -2.8202e-03  -0.0007 -5.8566e-03 -6.5107e-03 -5.4448e-03 -6.7438e-03  -0.0051  -0.0091  -0.0033  -0.0057  -0.0074 -7.3867e-03   0.0100  -0.0057  -0.0072   0.0932   0.0021  2.6752e-02  -0.0063  -0.0054  -0.0018  -0.0058  4.2519e-04   0.0173  2.0218e-01  -0.0060   0.0010 -4.7744e-03   1.0000  -0.0002  -0.0055   0.0047   0.0270  -0.0055   0.0066  -0.0008  9.8238e-03  3.6023e-03 -6.9828e-03 -5.8299e-03   0.0101   0.0303
SIM38L2  0.0198  0.0752  0.0180  0.0522 -0.0034 -0.0035  2.4819e-01  0.0271  7.8644e-03  1.1671e-02  -0.0055  1.1707e-02  4.7167e-02  7.6301e-03  7.6026e-03  -0.0059   0.0246  -0.0038   0.0021   0.0210  6.6210e-03  -0.0025   0.0258   0.1561   0.0091   0.0359 -6.6586e-03  -0.0064  -0.0081  -0.0066   0.0376  2.4926e-02   0.0677  1.0780e-02   0.0262   0.0055  5.3985e-03  -0.0002   1.0000  -0.0069   0.0414   0.0204   0.0004  -0.0051   0.0450 -3.1146e-03  4.6910e-03  6.7695e-03  1.0207e-02   0.0082   0.0362
SIM39L2  0.0207  0.0306 -0.0043 -0.0063  0.0330 -0.0066  1.3866e-01  0.0029 -6.5969e-03  1.8036e-02  -0.0055 -3.3546e-03 -6.0368e-03 -5.6877e-03  1.1090e-01  -0.0057   0.0136   0.1467   0.0136  -0.0031  4.4705e-03   0.0340   0.0038   0.0582  -0.0065  -0.0072  8.0846e-03  -0.0050  -0.0050   0.0107  -0.0004 -1.7964e-03   0.1109  2.2441e-03  -0.0066   0.0052 -6.0361e-03  -0.0055  -0.0069   1.0000  -0.0057   0.1385  -0.0024  -0.0019  -0.0002  6.3120e-04 -6.7300e-03 -5.4722e-03 -4.9702e-03  -0.0061  -0.0056
SIM40L2  0.0544 -0.0039  0.0657  0.0692  0.0039  0.1175  4.5071e-02  0.0627  6.5302e-02  3.2953e-03   0.0624 -7.2751e-03  7.1903e-02 -1.6401e-03  2.9121e-03   0.0501   0.1133  -0.0010  -0.0016   0.0606  9.4031e-03   0.0712  -0.0052   0.0114   0.0049   0.0198 -5.0936e-03  -0.0078   0.0039  -0.0069   0.0051  1.1673e-02  -0.0028  8.7233e-03   0.0181   0.0135  2.8637e-02   0.0047   0.0414  -0.0057   1.0000   0.0783  -0.0030  -0.0051   0.0016  6.7875e-03  3.5791e-02 -5.8860e-03 -6.4836e-03   0.0009  -0.0021
SIM41L2  0.0206 -0.0055  0.0035  0.0643 -0.0052  0.0947  1.7859e-01 -0.0030  1.5969e-02  2.4822e-04   0.0084 -3.6588e-03  3.0618e-03  1.3839e-02 -7.1965e-03  -0.0051   0.0166   0.1984  -0.0027   0.0321  3.7376e-03  -0.0051  -0.0045   0.0081  -0.0026   0.0018 -5.6627e-03  -0.0068  -0.0039  -0.0043  -0.0058 -5.6269e-03   0.1058 -4.8521e-03   0.0228   0.0896  6.0573e-03   0.0270   0.0204   0.1385   0.0783   1.0000  -0.0051   0.0108  -0.0073 -7.0455e-03 -2.6188e-03  1.0755e-02  1.7775e-02  -0.0056   0.0573
SIM42L2  0.0539 -0.0062  0.0032  0.0449 -0.0054 -0.0066 -5.9182e-03  0.0143 -6.1812e-03 -3.1228e-03  -0.0023  1.5183e-02 -5.9930e-03 -2.6803e-03 -1.2740e-03  -0.0024  -0.0034  -0.0049  -0.0057   0.0804  5.3810e-02   0.0954   0.0472  -0.0031   0.1026  -0.0067 -3.6957e-03  -0.0047  -0.0034  -0.0025   0.0022 -2.5817e-03   0.0321  4.3869e-03   0.0054  -0.0013 -5.7630e-03  -0.0055   0.0004  -0.0024  -0.0030  -0.0051   1.0000   0.0001  -0.0043  3.7707e-03  9.8993e-04 -4.0668e-03 -3.4886e-03  -0.0045  -0.0020
SIM43L2  0.0166 -0.0046 -0.0044  0.0033 -0.0038 -0.0045 -2.0313e-03  0.0490 -2.5931e-03 -4.8520e-03  -0.0019  2.0350e-03 -2.9784e-03 -5.2465e-03 -2.8502e-04  -0.0050  -0.0066   0.0183   0.0002  -0.0059 -5.6323e-03  -0.0042  -0.0032  -0.0041  -0.0051  -0.0056 -2.2679e-03  -0.0012  -0.0024   0.0110  -0.0041 -4.3017e-03  -0.0053  2.8428e-03   0.0640  -0.0044 -5.0171e-03   0.0066  -0.0051  -0.0019  -0.0051   0.0108   0.0001   1.0000  -0.0012 -1.8317e-03  1.7906e-01 -5.2847e-03 -4.1713e-03  -0.0048  -0.0047
SIM44L2  0.0225 -0.0075 -0.0005  0.0363 -0.0072 -0.0059  3.1769e-03 -0.0017 -5.4254e-03  1.2561e-02   0.0045  2.0664e-02  3.6694e-03  1.3465e-02  2.0664e-03  -0.0003   0.0137   0.0054   0.0506   0.0357 -6.8239e-03   0.0559   0.0224   0.0105  -0.0043   0.0111 -8.1622e-03   0.0360  -0.0072  -0.0073   0.0228  8.1484e-02   0.0302  5.0467e-02  -0.0080  -0.0066  5.7009e-02  -0.0008   0.0450  -0.0002   0.0016  -0.0073  -0.0043  -0.0012   1.0000 -4.7027e-03  9.6266e-03  7.0174e-02  1.9441e-02   0.0009  -0.0074
SIM45L2  0.0074  0.0513 -0.0034 -0.0014 -0.0069 -0.0019  7.6234e-02  0.0038  8.5059e-03 -5.9393e-03   0.0019  2.6269e-02  7.4886e-03 -5.5269e-03  3.2691e-02   0.0030   0.0450  -0.0057   0.0764   0.0807 -8.5373e-03   0.0165   0.0113  -0.0058  -0.0076  -0.0075 -6.9177e-03   0.0581  -0.0076   0.2983   0.0152  2.2128e-02   0.0432  4.3756e-03  -0.0003  -0.0027 -7.5698e-04   0.0098  -0.0031   0.0006   0.0068  -0.0070   0.0038  -0.0018  -0.0047  1.0000e+00  5.5714e-05  1.6787e-02  1.2133e-04  -0.0077   0.2351
SIM46L2  0.0169 -0.0033  0.0290  0.0651 -0.0032  0.0157  7.4981e-04  0.1018  1.3167e-02 -2.7582e-03   0.0355  7.6174e-02  2.1809e-02 -4.0374e-03  4.1943e-03   0.0624   0.0914   0.0005  -0.0035   0.0842 -6.8539e-03   0.0729   0.0809   0.0314  -0.0040   0.0351 -7.2548e-03  -0.0061  -0.0042   0.0020   0.0209  1.0558e-02   0.0129  7.8395e-03   0.0205   0.0014 -7.0621e-04   0.0036   0.0047  -0.0067   0.0358  -0.0026   0.0010   0.1791   0.0096  5.5714e-05  1.0000e+00 -7.0719e-03 -1.6191e-03  -0.0078   0.0435
SIM47L2  0.0228  0.0803 -0.0033 -0.0064  0.0003 -0.0025  2.7759e-02 -0.0067 -5.1463e-03  2.4387e-02  -0.0069  9.6642e-03 -7.4598e-03  1.4479e-01 -4.1705e-03  -0.0027  -0.0080  -0.0052  -0.0072  -0.0019 -4.1902e-05   0.0429  -0.0034   0.1525   0.0422   0.0389 -6.4979e-03   0.0489  -0.0032  -0.0057   0.1044  6.5501e-02   0.0081 -2.5390e-03   0.0048   0.0009  2.0823e-02  -0.0070   0.0068  -0.0055  -0.0059   0.0108  -0.0041  -0.0053   0.0702  1.6787e-02 -7.0719e-03  1.0000e+00  1.5407e-01  -0.0003  -0.0051
SIM48L2  0.0238 -0.0008  0.0271 -0.0009 -0.0054  0.1305  2.5285e-03 -0.0070 -5.4998e-03  5.4054e-02  -0.0054 -6.1117e-05 -1.2589e-03  1.7969e-01  2.6125e-03  -0.0043   0.0519   0.0456  -0.0032   0.0097  1.0741e-03  -0.0062   0.0472   0.1529   0.0264   0.0240 -6.4093e-03  -0.0043  -0.0061  -0.0056  -0.0017  6.5820e-02   0.0021  9.0912e-05   0.0257  -0.0009  2.9890e-05  -0.0058   0.0102  -0.0050  -0.0065   0.0178  -0.0035  -0.0042   0.0194  1.2133e-04 -1.6191e-03  1.5407e-01  1.0000e+00  -0.0026  -0.0047
SIM49L2  0.0384 -0.0070  0.0045 -0.0077 -0.0018 -0.0055  1.6672e-02 -0.0076  7.1901e-03  4.4243e-03  -0.0046 -6.3961e-03 -6.5706e-03 -2.3580e-03 -5.3170e-03  -0.0070  -0.0080  -0.0022  -0.0009  -0.0061  3.1134e-02  -0.0074  -0.0060   0.0080   0.0241   0.0106 -3.8735e-03  -0.0066   0.0212  -0.0064   0.1014 -3.6665e-03   0.0080  4.1790e-02   0.0309   0.0602  1.8643e-02   0.0101   0.0082  -0.0061   0.0009  -0.0056  -0.0045  -0.0048   0.0009 -7.6731e-03 -7.7639e-03 -2.8938e-04 -2.5746e-03   1.0000  -0.0032
SIM50L2  0.0408 -0.0038  0.0639  0.0546 -0.0045 -0.0076 -1.6389e-03  0.0066  5.4891e-02 -4.9057e-03  -0.0046  1.3049e-03  1.3358e-02  3.0708e-02  1.0280e-02  -0.0041   0.0450   0.0155   0.0141   0.0104 -8.1994e-03  -0.0029  -0.0054  -0.0037  -0.0064   0.0129  9.7191e-03   0.0679   0.0027   0.3037  -0.0032 -6.3092e-03   0.0311  4.9660e-02  -0.0078  -0.0043 -8.3246e-04   0.0303   0.0362  -0.0056  -0.0021   0.0573  -0.0020  -0.0047  -0.0074  2.3508e-01  4.3491e-02 -5.0981e-03 -4.7499e-03  -0.0032   1.0000

LD Score Matrix Condition Number
2.3534

Annotation Correlation Matrix
             SIM1        SIM2        SIM3        SIM4        SIM5        SIM6        SIM7        SIM8        SIM9       SIM10       SIM11       SIM12       SIM13       SIM14       SIM15       SIM16       SIM17       SIM18       SIM19       SIM20       SIM21       SIM22       SIM23       SIM24       SIM25       SIM26       SIM27       SIM28       SIM29       SIM30       SIM31       SIM32       SIM33       SIM34       SIM35       SIM36       SIM37       SIM38       SIM39       SIM40       SIM41       SIM42       SIM43       SIM44       SIM45       SIM46       SIM47       SIM48       SIM49       SIM50
SIM1   1.0000e+00 -5.1542e-05 -5.7240e-05 -4.7982e-05 -5.4057e-05 -6.0255e-05 -4.7982e-05 -5.6461e-05 -5.5672e-05 -4.7982e-05 -5.2394e-05 -5.0675e-05 -5.4870e-05 -5.2394e-05  2.7822e-02 -5.4870e-05 -5.3232e-05 -5.7240e-05 -5.9516e-05  2.7012e-02 -5.4057e-05 -5.2394e-05 -5.5672e-05 -5.3232e-05 -5.4870e-05 -5.6461e-05 -5.7240e-05 -4.7982e-05 -4.7051e-05 -5.6461e-05 -4.7051e-05 -4.8897e-05 -5.1542e-05 -5.3232e-05 -5.5672e-05 -5.6461e-05 -5.4057e-05 -5.9516e-05 -4.9794e-05 -5.6461e-05 -5.8767e-05 -5.0675e-05 -5.3232e-05 -5.8767e-05 -6.0985e-05 -5.5672e-05 -5.3232e-05 -5.1542e-05 -5.4057e-05 -5.2394e-05
SIM2  -5.1542e-05  1.0000e+00 -5.0203e-05 -4.2083e-05 -4.7411e-05 -5.2847e-05 -4.2083e-05 -4.9519e-05 -4.8827e-05 -4.2083e-05 -4.5952e-05 -4.4445e-05 -4.8124e-05 -4.5952e-05 -4.7411e-05 -4.8124e-05 -4.6687e-05 -5.0203e-05 -5.2198e-05  3.0813e-02 -4.7411e-05 -4.5952e-05 -4.8827e-05 -4.6687e-05 -4.8124e-05 -4.9519e-05 -5.0203e-05 -4.2083e-05 -4.1266e-05 -4.9519e-05 -4.1266e-05 -4.2885e-05 -4.5205e-05 -4.6687e-05 -4.8827e-05 -4.9519e-05 -4.7411e-05 -5.2198e-05 -4.3672e-05 -4.9519e-05 -5.1542e-05 -4.4445e-05 -4.6687e-05 -5.1542e-05 -5.3487e-05 -4.8827e-05 -4.6687e-05 -4.5205e-05 -4.7411e-05  3.2747e-02
SIM3  -5.7240e-05 -5.0203e-05  1.0000e+00 -4.6736e-05 -5.2653e-05 -5.8690e-05 -4.6736e-05 -5.4994e-05 -5.4225e-05 -4.6736e-05 -5.1032e-05  3.0480e-02 -5.3445e-05 -5.1032e-05 -5.2653e-05 -5.3445e-05 -5.1849e-05 -5.5753e-05 -5.7969e-05 -5.4225e-05 -5.2653e-05 -5.1032e-05 -5.4225e-05 -5.1849e-05 -5.3445e-05 -5.4994e-05 -5.5753e-05 -4.6736e-05 -4.5828e-05 -5.4994e-05 -4.5828e-05 -4.7626e-05 -5.0203e-05 -5.1849e-05 -5.4225e-05 -5.4994e-05 -5.2653e-05 -5.7969e-05 -4.8500e-05 -5.4994e-05 -5.7240e-05  3.0480e-02 -5.1849e-05 -5.7240e-05 -5.9401e-05 -5.4225e-05 -5.1849e-05 -5.0203e-05 -5.2653e-05  2.9477e-02
SIM4  -4.7982e-05 -4.2083e-05 -4.6736e-05  1.0000e+00 -4.4137e-05 -4.9198e-05 -3.9177e-05 -4.6100e-05 -4.5455e-05 -3.9177e-05 -4.2779e-05 -4.1376e-05  3.3590e-02 -4.2779e-05 -4.4137e-05 -4.4801e-05 -4.3463e-05 -4.6736e-05 -4.8594e-05 -4.5455e-05 -4.4137e-05 -4.2779e-05  3.3106e-02 -4.3463e-05 -4.4801e-05 -4.6100e-05 -4.6736e-05 -3.9177e-05 -3.8416e-05 -4.6100e-05 -3.8416e-05 -3.9923e-05 -4.2083e-05 -4.3463e-05 -4.5455e-05 -4.6100e-05 -4.4137e-05 -4.8594e-05 -4.0656e-05 -4.6100e-05 -4.7982e-05 -4.1376e-05 -4.3463e-05 -4.7982e-05 -4.9794e-05 -4.5455e-05 -4.3463e-05 -4.2083e-05 -4.4137e-05 -4.2779e-05
SIM5  -5.4057e-05 -4.7411e-05 -5.2653e-05 -4.4137e-05  1.0000e+00 -5.5426e-05 -4.4137e-05 -5.1937e-05 -5.1210e-05 -4.4137e-05 -4.8195e-05 -4.6614e-05 -5.0473e-05 -4.8195e-05 -4.9725e-05 -5.0473e-05 -4.8966e-05 -5.2653e-05 -5.4746e-05 -5.1210e-05 -4.9725e-05 -4.8195e-05 -5.1210e-05 -4.8966e-05 -5.0473e-05 -5.1937e-05 -5.2653e-05 -4.4137e-05 -4.3280e-05 -5.1937e-05 -4.3280e-05 -4.4978e-05 -4.7411e-05 -4.8966e-05 -5.1210e-05 -5.1937e-05 -4.9725e-05 -5.4746e-05 -4.5803e-05 -5.1937e-05 -5.4057e-05 -4.6614e-05 -4.8966e-05 -5.4057e-05 -5.6098e-05 -5.1210e-05 -4.8966e-05 -4.7411e-05 -4.9725e-05 -4.8195e-05
SIM6  -6.0255e-05 -5.2847e-05 -5.8690e-05 -4.9198e-05 -5.5426e-05  1.0000e+00 -4.9198e-05 -5.7891e-05 -5.7081e-05 -4.9198e-05  2.7997e-02 -5.1958e-05 -5.6260e-05 -5.3720e-05 -5.5426e-05 -5.6260e-05 -5.4580e-05 -5.8690e-05 -6.1023e-05 -5.7081e-05 -5.5426e-05 -5.3720e-05 -5.7081e-05 -5.4580e-05 -5.6260e-05 -5.7891e-05 -5.8690e-05 -4.9198e-05 -4.8242e-05 -5.7891e-05 -4.8242e-05 -5.0135e-05 -5.2847e-05 -5.4580e-05 -5.7081e-05  2.5973e-02 -5.5426e-05  2.4634e-02  2.9465e-02 -5.7891e-05 -6.0255e-05 -5.1958e-05 -5.4580e-05 -6.0255e-05 -6.2530e-05 -5.7081e-05 -5.4580e-05 -5.2847e-05 -5.5426e-05 -5.3720e-05
SIM7  -4.7982e-05 -4.2083e-05 -4.6736e-05 -3.9177e-05 -4.4137e-05 -4.9198e-05  1.0000e+00 -4.6100e-05 -4.5455e-05 -3.9177e-05 -4.2779e-05 -4.1376e-05 -4.4801e-05 -4.2779e-05 -4.4137e-05 -4.4801e-05 -4.3463e-05 -4.6736e-05 -4.8594e-05 -4.5455e-05 -4.4137e-05 -4.2779e-05 -4.5455e-05 -4.3463e-05 -4.4801e-05 -4.6100e-05 -4.6736e-05 -3.9177e-05 -3.8416e-05 -4.6100e-05 -3.8416e-05 -3.9923e-05 -4.2083e-05 -4.3463e-05 -4.5455e-05 -4.6100e-05  3.4097e-02 -4.8594e-05 -4.0656e-05 -4.6100e-05 -4.7982e-05 -4.1376e-05 -4.3463e-05 -4.7982e-05 -4.9794e-05 -4.5455e-05 -4.3463e-05 -4.2083e-05 -4.4137e-05 -4.2779e-05
SIM8  -5.6461e-05 -4.9519e-05 -5.4994e-05 -4.6100e-05 -5.1937e-05 -5.7891e-05 -4.6100e-05  1.0000e+00 -5.3487e-05 -4.6100e-05 -5.0338e-05 -4.8687e-05 -5.2718e-05 -5.0338e-05 -5.1937e-05 -5.2718e-05 -5.1144e-05 -5.4994e-05 -5.7181e-05 -5.3487e-05 -5.1937e-05 -5.0338e-05 -5.3487e-05 -5.1144e-05 -5.2718e-05 -5.4246e-05 -5.4994e-05 -4.6100e-05 -4.5205e-05 -5.4246e-05 -4.5205e-05 -4.6978e-05 -4.9519e-05 -5.1144e-05 -5.3487e-05 -5.4246e-05 -5.1937e-05 -5.7181e-05 -4.7840e-05 -5.4246e-05 -5.6461e-05 -4.8687e-05 -5.1144e-05 -5.6461e-05 -5.8593e-05 -5.3487e-05 -5.1144e-05 -4.9519e-05 -5.1937e-05 -5.0338e-05
SIM9  -5.5672e-05 -4.8827e-05 -5.4225e-05 -4.5455e-05 -5.1210e-05 -5.7081e-05 -4.5455e-05 -5.3487e-05  1.0000e+00 -4.5455e-05 -4.9634e-05 -4.8006e-05 -5.1980e-05 -4.9634e-05 -5.1210e-05 -5.1980e-05 -5.0428e-05 -5.4225e-05 -5.6381e-05 -5.2739e-05 -5.1210e-05 -4.9634e-05 -5.2739e-05 -5.0428e-05 -5.1980e-05 -5.3487e-05 -5.4225e-05 -4.5455e-05 -4.4572e-05 -5.3487e-05 -4.4572e-05 -4.6321e-05 -4.8827e-05 -5.0428e-05 -5.2739e-05 -5.3487e-05 -5.1210e-05  2.6671e-02 -4.7171e-05 -5.3487e-05 -5.5672e-05 -4.8006e-05 -5.0428e-05 -5.5672e-05 -5.7773e-05 -5.2739e-05 -5.0428e-05 -4.8827e-05 -5.1210e-05 -4.9634e-05
SIM10 -4.7982e-05 -4.2083e-05 -4.6736e-05 -3.9177e-05 -4.4137e-05 -4.9198e-05 -3.9177e-05 -4.6100e-05 -4.5455e-05  1.0000e+00 -4.2779e-05 -4.1376e-05 -4.4801e-05 -4.2779e-05 -4.4137e-05 -4.4801e-05 -4.3463e-05 -4.6736e-05  3.0962e-02 -4.5455e-05 -4.4137e-05 -4.2779e-05 -4.5455e-05 -4.3463e-05 -4.4801e-05 -4.6100e-05 -4.6736e-05 -3.9177e-05 -3.8416e-05 -4.6100e-05 -3.8416e-05 -3.9923e-05 -4.2083e-05 -4.3463e-05 -4.5455e-05 -4.6100e-05 -4.4137e-05 -4.8594e-05 -4.0656e-05 -4.6100e-05 -4.7982e-05 -4.1376e-05 -4.3463e-05 -4.7982e-05 -4.9794e-05 -4.5455e-05 -4.3463e-05 -4.2083e-05 -4.4137e-05 -4.2779e-05
SIM11 -5.2394e-05 -4.5952e-05 -5.1032e-05 -4.2779e-05 -4.8195e-05  2.7997e-02 -4.2779e-05 -5.0338e-05 -4.9634e-05 -4.2779e-05  1.0000e+00 -4.5180e-05 -4.8920e-05 -4.6712e-05 -4.8195e-05 -4.8920e-05 -4.7459e-05 -5.1032e-05 -5.3061e-05 -4.9634e-05 -4.8195e-05 -4.6712e-05 -4.9634e-05 -4.7459e-05 -4.8920e-05 -5.0338e-05 -5.1032e-05 -4.2779e-05 -4.1948e-05 -5.0338e-05 -4.1948e-05 -4.3594e-05 -4.5952e-05 -4.7459e-05 -4.9634e-05 -5.0338e-05 -4.8195e-05 -5.3061e-05 -4.4394e-05 -5.0338e-05 -5.2394e-05 -4.5180e-05 -4.7459e-05 -5.2394e-05 -5.4372e-05 -4.9634e-05 -4.7459e-05 -4.5952e-05 -4.8195e-05 -4.6712e-05
SIM12 -5.0675e-05 -4.4445e-05  3.0480e-02 -4.1376e-05 -4.6614e-05 -5.1958e-05 -4.1376e-05 -4.8687e-05 -4.8006e-05 -4.1376e-05 -4.5180e-05  1.0000e+00 -4.7315e-05 -4.5180e-05 -4.6614e-05 -4.7315e-05 -4.5903e-05 -4.9359e-05 -5.1321e-05 -4.8006e-05 -4.6614e-05 -4.5180e-05 -4.8006e-05 -4.5903e-05 -4.7315e-05 -4.8687e-05 -4.9359e-05 -4.1376e-05 -4.0572e-05 -4.8687e-05 -4.0572e-05 -4.2164e-05 -4.4445e-05 -4.5903e-05 -4.8006e-05 -4.8687e-05 -4.6614e-05 -5.1321e-05 -4.2938e-05 -4.8687e-05 -5.0675e-05 -4.3698e-05 -4.5903e-05 -5.0675e-05 -5.2588e-05 -4.8006e-05 -4.5903e-05 -4.4445e-05 -4.6614e-05 -4.5180e-05
