*********************************************************************
* LD Score Regression (LDSC)
* Version 1.0.1
* (C) 2014-2019 Brendan Bulik-Sullivan and Hilary Finucane
* Broad Institute of MIT and Harvard / MIT Department of Mathematics
* GNU General Public License v3
*********************************************************************
Call: 
./ldsc.py \
--out /data/sbcs/GuoLab/backup/liq17/CRC_TF_TWAS_zhishan2024/NC_revision_OceanCode/v2_NC_revision//84Tracks//ldscores_sim500//8 \
--bfile /data/sbcs/GuoLab/backup/liq17/ref/Alkesgroup/1000G_EUR_Phase3_plink_hg38/1000G.EUR.QC.8 \
--annot /data/sbcs/GuoLab/backup/liq17/CRC_TF_TWAS_zhishan2024/NC_revision_OceanCode/v2_NC_revision//84Tracks//annots_sim500//8.annot.txt \
--l2  \
--ld-wind-kb 100.0 

Beginning analysis at Sun Oct 26 22:44:18 2025
Read list of 549556 SNPs from /data/sbcs/GuoLab/backup/liq17/ref/Alkesgroup/1000G_EUR_Phase3_plink_hg38/1000G.EUR.QC.8.bim
Read 50 annotations for 549556 SNPs from /data/sbcs/GuoLab/backup/liq17/CRC_TF_TWAS_zhishan2024/NC_revision_OceanCode/v2_NC_revision//84Tracks//annots_sim500//8.annot.txt
Read list of 489 individuals from /data/sbcs/GuoLab/backup/liq17/ref/Alkesgroup/1000G_EUR_Phase3_plink_hg38/1000G.EUR.QC.8.fam
Reading genotypes from /data/sbcs/GuoLab/backup/liq17/ref/Alkesgroup/1000G_EUR_Phase3_plink_hg38/1000G.EUR.QC.8.bed
Estimating LD Score.
Writing LD Scores for 549556 SNPs to /data/sbcs/GuoLab/backup/liq17/CRC_TF_TWAS_zhishan2024/NC_revision_OceanCode/v2_NC_revision//84Tracks//ldscores_sim500//8.l2.ldscore.gz

Summary of LD Scores in /data/sbcs/GuoLab/backup/liq17/CRC_TF_TWAS_zhishan2024/NC_revision_OceanCode/v2_NC_revision//84Tracks//ldscores_sim500//8.l2.ldscore.gz
         MAF  SIM1L2  SIM2L2  SIM3L2  SIM4L2  SIM5L2  SIM6L2  SIM7L2  SIM8L2  SIM9L2  SIM10L2  SIM11L2  SIM12L2  SIM13L2  SIM14L2  SIM15L2  SIM16L2  SIM17L2  SIM18L2  SIM19L2  SIM20L2  SIM21L2  SIM22L2  SIM23L2  SIM24L2  SIM25L2  SIM26L2  SIM27L2  SIM28L2  SIM29L2  SIM30L2  SIM31L2  SIM32L2  SIM33L2  SIM34L2  SIM35L2  SIM36L2  SIM37L2  SIM38L2  SIM39L2  SIM40L2  SIM41L2  SIM42L2  SIM43L2  SIM44L2  SIM45L2  SIM46L2  SIM47L2  SIM48L2  SIM49L2  SIM50L2
mean  0.1476  0.0036  0.0037  0.0042  0.0038  0.0035  0.0033  0.0056  0.0043  0.0037   0.0034   0.0033   0.0047   0.0043   0.0046   0.0044   0.0039   0.0035   0.0049   0.0038   0.0055   0.0025   0.0040   0.0044   0.0042   0.0033   0.0030   0.0033   0.0037   0.0034   0.0040   0.0024   0.0046   0.0045   0.0036   0.0028   0.0048   0.0038   0.0038   0.0023   0.0035   0.0034   0.0032   0.0033   0.0037   0.0055   0.0033   0.0024   0.0062   0.0050   0.0032
std   0.1493  0.0462  0.0465  0.0506  0.0470  0.0456  0.0396  0.0597  0.0519  0.0472   0.0450   0.0454   0.0506   0.0500   0.0491   0.0506   0.0490   0.0449   0.0548   0.0459   0.0614   0.0400   0.0488   0.0513   0.0498   0.0413   0.0425   0.0446   0.0486   0.0433   0.0476   0.0368   0.0537   0.0593   0.0475   0.0385   0.0523   0.0508   0.0441   0.0378   0.0444   0.0448   0.0414   0.0422   0.0472   0.0625   0.0436   0.0379   0.0644   0.0509   0.0420
min   0.0051 -0.0021 -0.0038 -0.0021 -0.0041 -0.0021 -0.0021 -0.0038 -0.0040 -0.0038  -0.0041  -0.0021  -0.0039  -0.0038  -0.0041  -0.0041  -0.0041  -0.0041  -0.0060  -0.0040  -0.0041  -0.0041  -0.0039  -0.0041  -0.0041  -0.0040  -0.0041  -0.0040  -0.0041  -0.0021  -0.0041  -0.0039  -0.0040  -0.0046  -0.0041  -0.0039  -0.0041  -0.0041  -0.0041  -0.0041  -0.0040  -0.0040  -0.0039  -0.0030  -0.0040  -0.0041  -0.0041  -0.0021  -0.0037  -0.0041  -0.0041
25%   0.0194  0.0000  0.0000  0.0000  0.0000  0.0000  0.0000  0.0000  0.0000  0.0000   0.0000   0.0000   0.0000   0.0000   0.0000   0.0000   0.0000   0.0000   0.0000   0.0000   0.0000   0.0000   0.0000   0.0000   0.0000   0.0000   0.0000   0.0000   0.0000   0.0000   0.0000   0.0000   0.0000   0.0000   0.0000   0.0000   0.0000   0.0000   0.0000   0.0000   0.0000   0.0000   0.0000   0.0000   0.0000   0.0000   0.0000   0.0000   0.0000   0.0000   0.0000
50%   0.0838  0.0000  0.0000  0.0000  0.0000  0.0000  0.0000  0.0000  0.0000  0.0000   0.0000   0.0000   0.0000   0.0000   0.0000   0.0000   0.0000   0.0000   0.0000   0.0000   0.0000   0.0000   0.0000   0.0000   0.0000   0.0000   0.0000   0.0000   0.0000   0.0000   0.0000   0.0000   0.0000   0.0000   0.0000   0.0000   0.0000   0.0000   0.0000   0.0000   0.0000   0.0000   0.0000   0.0000   0.0000   0.0000   0.0000   0.0000   0.0000   0.0000   0.0000
75%   0.2556  0.0000  0.0000  0.0000  0.0000  0.0000  0.0000  0.0000  0.0000  0.0000   0.0000   0.0000   0.0000   0.0000   0.0000   0.0000   0.0000   0.0000   0.0000   0.0000   0.0000   0.0000   0.0000   0.0000   0.0000   0.0000   0.0000   0.0000   0.0000   0.0000   0.0000   0.0000   0.0000   0.0000   0.0000   0.0000   0.0000   0.0000   0.0000   0.0000   0.0000   0.0000   0.0000   0.0000   0.0000   0.0000   0.0000   0.0000   0.0000   0.0000   0.0000
max   0.5000  1.0000  1.0000  1.0000  1.0000  1.0000  1.0000  1.0000  1.0591  1.0000   1.7603   1.0000   1.0000   1.0000   1.0000   1.0080   1.0001   1.0095   1.0036   1.0000   1.8960   1.0039   1.0131   1.0495   1.2571   1.0003   1.0000   1.0000   1.0000   1.0000   1.1823   1.0095   1.0028   2.0580   1.0100   1.0052   1.0031   2.0000   1.0227   1.0000   1.0000   1.0880   1.0001   1.0000   1.0000   1.5691   1.0388   1.0000   1.0000   1.0000   1.0224

MAF/LD Score Correlation Matrix
            MAF  SIM1L2  SIM2L2  SIM3L2      SIM4L2  SIM5L2  SIM6L2  SIM7L2  SIM8L2      SIM9L2  SIM10L2  SIM11L2  SIM12L2  SIM13L2  SIM14L2     SIM15L2     SIM16L2  SIM17L2     SIM18L2  SIM19L2  SIM20L2  SIM21L2     SIM22L2  SIM23L2     SIM24L2  SIM25L2     SIM26L2  SIM27L2  SIM28L2  SIM29L2  SIM30L2  SIM31L2  SIM32L2  SIM33L2  SIM34L2     SIM35L2  SIM36L2  SIM37L2  SIM38L2  SIM39L2  SIM40L2  SIM41L2  SIM42L2  SIM43L2  SIM44L2  SIM45L2  SIM46L2  SIM47L2     SIM48L2  SIM49L2  SIM50L2
MAF      1.0000  0.0106  0.0642  0.0242  9.7162e-03  0.0381  0.0723  0.0302  0.0398  1.6509e-02   0.0298   0.0658   0.0351   0.0655   0.0330  3.0810e-02  7.4797e-03   0.0469  3.9533e-02   0.0302   0.0382   0.0266  4.5381e-02   0.0183  4.9955e-02   0.0557  2.8729e-02   0.0516   0.0312   0.0344   0.0346   0.0217   0.0252   0.0188   0.0297  3.7094e-02   0.0508   0.0093   0.0267   0.0025   0.0315   0.0354   0.0344   0.0476   0.0150   0.0320   0.0248   0.0315  1.5264e-02   0.0259   0.0361
SIM1L2   0.0106  1.0000 -0.0060 -0.0049 -8.8368e-04  0.0823  0.0168 -0.0066 -0.0054  2.4364e-01  -0.0056  -0.0014  -0.0069  -0.0066  -0.0034  1.5590e-01 -6.2412e-03  -0.0060  5.5636e-02  -0.0034   0.0548  -0.0026 -6.2713e-03   0.0002 -5.8286e-03  -0.0056  7.0136e-03  -0.0056  -0.0058   0.0011  -0.0065  -0.0051  -0.0037  -0.0058   0.0173  3.3706e-02   0.0893  -0.0058   0.0028  -0.0044   0.0079  -0.0037  -0.0059  -0.0059  -0.0060   0.0508  -0.0042  -0.0042  2.1356e-02   0.0183  -0.0052
SIM2L2   0.0642 -0.0060  1.0000  0.1165  5.6661e-02 -0.0049  0.0075 -0.0042  0.0261 -5.0199e-03   0.0119   0.0026   0.0142   0.0329   0.1126 -3.0284e-03  6.1828e-02  -0.0021 -7.1344e-03  -0.0060  -0.0066  -0.0023 -1.1963e-03   0.0108  2.3382e-02   0.0378 -5.5510e-03   0.0039  -0.0060  -0.0062  -0.0060  -0.0044  -0.0038  -0.0057  -0.0057 -2.0718e-03   0.0297  -0.0056   0.0850  -0.0039   0.0002  -0.0059   0.0210  -0.0035  -0.0061  -0.0058  -0.0052   0.0001  6.6321e-02  -0.0073  -0.0059
SIM3L2   0.0242 -0.0049  0.1165  1.0000 -6.4726e-03 -0.0058  0.0126 -0.0069  0.0843 -6.4130e-03  -0.0049  -0.0052  -0.0044   0.0052   0.0801 -5.3441e-03  4.8077e-02  -0.0062  3.5768e-02  -0.0069  -0.0072   0.0142 -4.7357e-03  -0.0023 -4.9830e-03   0.0003 -5.4247e-03   0.0291   0.1192   0.0463   0.0064   0.1128  -0.0068  -0.0062   0.0386 -5.5074e-03  -0.0061  -0.0025   0.0885  -0.0044  -0.0020  -0.0062   0.0820  -0.0036  -0.0007  -0.0073  -0.0015  -0.0054  4.5760e-03   0.0049   0.0334
SIM4L2   0.0097 -0.0009  0.0567 -0.0065  1.0000e+00 -0.0061  0.0600 -0.0068 -0.0031 -1.6754e-03   0.0150   0.0383   0.0641  -0.0060  -0.0075 -5.3925e-06  6.8006e-02  -0.0021 -7.1932e-03   0.0052   0.0035   0.1050  7.0239e-03  -0.0044 -6.7184e-03   0.0174 -1.5033e-04  -0.0059  -0.0053  -0.0039  -0.0062  -0.0050   0.0630  -0.0031  -0.0040  2.1234e-02   0.0283  -0.0021   0.0047  -0.0048  -0.0058   0.0779  -0.0044   0.0877  -0.0061  -0.0070  -0.0059  -0.0030  2.2083e-03   0.0014  -0.0056
SIM5L2   0.0381  0.0823 -0.0049 -0.0058 -6.1152e-03  1.0000  0.0478 -0.0043 -0.0063 -3.1656e-03  -0.0056   0.0060   0.0047  -0.0044   0.0037  3.4674e-02 -4.9999e-03   0.0330  1.0939e-01   0.0037   0.0256  -0.0049  3.1991e-02   0.0089 -5.7047e-03  -0.0051 -1.2629e-03   0.0054  -0.0043  -0.0059  -0.0062   0.0011  -0.0024   0.0048   0.0038  1.5547e-01   0.0196  -0.0058   0.0015  -0.0031   0.0024   0.0088   0.0001  -0.0007   0.0251  -0.0018  -0.0055  -0.0045  1.3983e-03  -0.0007  -0.0058
SIM6L2   0.0723  0.0168  0.0075  0.0126  5.9966e-02  0.0478  1.0000  0.0059  0.0571 -4.7305e-03  -0.0033   0.0252  -0.0076  -0.0007  -0.0077  1.4970e-01 -2.5734e-03  -0.0035 -7.0264e-03   0.0907  -0.0073   0.0067 -6.8993e-03   0.0941 -6.3475e-03  -0.0017  1.6888e-01  -0.0053  -0.0062   0.0216   0.0171  -0.0052  -0.0061   0.0173   0.0164  1.3548e-02  -0.0073   0.0210   0.0245  -0.0041  -0.0065   0.0061   0.0004   0.0091  -0.0065   0.0707  -0.0052   0.0063 -7.5312e-03  -0.0022  -0.0053
SIM7L2   0.0302 -0.0066 -0.0042 -0.0069 -6.7509e-03 -0.0043  0.0059  1.0000  0.0615 -3.1091e-03  -0.0054  -0.0051  -0.0080   0.0499   0.0117 -7.0628e-03 -6.1861e-04   0.0051 -8.4319e-03  -0.0079  -0.0055  -0.0050 -3.3808e-03  -0.0052 -7.0205e-03  -0.0074  9.1750e-02   0.0119   0.0043  -0.0023   0.0113  -0.0045   0.0059   0.0356  -0.0046  2.9212e-02  -0.0084   0.0138  -0.0078  -0.0056  -0.0002  -0.0031   0.0082  -0.0052  -0.0073  -0.0052   0.0120   0.1093 -9.1728e-03   0.0245  -0.0072
SIM8L2   0.0398 -0.0054  0.0261  0.0843 -3.0766e-03 -0.0063  0.0571  0.0615  1.0000 -5.6944e-03   0.0052  -0.0056  -0.0074  -0.0067   0.0263 -6.9948e-03  8.9840e-02   0.0087  9.4534e-02   0.0028   0.0291   0.0249 -6.1903e-03  -0.0071  1.3092e-02   0.0017 -3.6115e-03   0.0283  -0.0063  -0.0018   0.0668   0.0757   0.0494   0.0181   0.0002 -5.9971e-03  -0.0072   0.1112   0.0242  -0.0044  -0.0057  -0.0062   0.0338  -0.0053  -0.0060   0.0047  -0.0059   0.0558 -8.0253e-03  -0.0073   0.0441
SIM9L2   0.0165  0.2436 -0.0050 -0.0064 -1.6754e-03 -0.0032 -0.0047 -0.0031 -0.0057  1.0000e+00  -0.0059  -0.0028   0.1045  -0.0037   0.0094 -2.5225e-03  5.1191e-03  -0.0049 -4.7362e-03   0.0268   0.0045  -0.0047  4.5407e-05   0.0192 -6.4094e-03  -0.0051 -5.5431e-03  -0.0022   0.0012  -0.0024   0.0141  -0.0008   0.0060  -0.0058  -0.0033  3.4951e-02  -0.0039   0.0332  -0.0060   0.0799   0.0070   0.0021  -0.0055  -0.0053  -0.0044  -0.0023  -0.0045   0.0268  1.4273e-02  -0.0032  -0.0061
SIM10L2  0.0298 -0.0056  0.0119 -0.0049  1.5009e-02 -0.0056 -0.0033 -0.0054  0.0052 -5.9183e-03   1.0000   0.0632  -0.0065  -0.0038   0.0059  5.5095e-03 -6.0157e-03   0.0039 -6.6062e-03   0.0057   0.0560   0.0074  1.8630e-02   0.0084  2.9944e-02  -0.0059 -1.2480e-03   0.0163   0.0419   0.0407   0.0115  -0.0012  -0.0064  -0.0057  -0.0010 -4.2376e-03  -0.0060   0.0942   0.0134  -0.0046  -0.0059   0.0032   0.0402   0.0024  -0.0056   0.0622  -0.0056  -0.0047 -6.1729e-03   0.0022  -0.0017
SIM11L2  0.0658 -0.0014  0.0026 -0.0052  3.8254e-02  0.0060  0.0252 -0.0051 -0.0056 -2.8258e-03   0.0632   1.0000   0.0403  -0.0063  -0.0070  9.1685e-03 -7.6323e-04  -0.0044 -5.2727e-03  -0.0047   0.0576  -0.0009  2.9683e-02   0.0093 -3.7452e-03  -0.0053  1.9079e-03   0.0407   0.0752  -0.0057   0.0679  -0.0048  -0.0063  -0.0023  -0.0054 -4.8352e-03  -0.0067  -0.0003  -0.0063  -0.0044   0.0117  -0.0036  -0.0024  -0.0049   0.0021   0.0054  -0.0047  -0.0042 -4.8663e-03  -0.0072   0.0800
SIM12L2  0.0351 -0.0069  0.0142 -0.0044  6.4114e-02  0.0047 -0.0076 -0.0080 -0.0074  1.0451e-01  -0.0065   0.0403   1.0000  -0.0073  -0.0083  1.7761e-02 -6.9964e-03  -0.0039  2.9621e-04   0.0331  -0.0031  -0.0052  3.3525e-02   0.0431 -7.6590e-03   0.0113 -6.1093e-03   0.0355   0.0320  -0.0069  -0.0066  -0.0016  -0.0005  -0.0070  -0.0042 -2.4314e-03  -0.0012  -0.0048  -0.0079   0.0169   0.0311  -0.0069  -0.0028   0.0725  -0.0040   0.0048   0.0104  -0.0057  5.0828e-02  -0.0052   0.0015
SIM13L2  0.0655 -0.0066  0.0329  0.0052 -6.0032e-03 -0.0044 -0.0007  0.0499 -0.0067 -3.6930e-03  -0.0038  -0.0063  -0.0073   1.0000  -0.0003  3.1575e-02 -6.0731e-03   0.0393 -7.2460e-03  -0.0039  -0.0039  -0.0054 -6.8744e-03  -0.0048  1.9466e-01  -0.0067 -6.0145e-03  -0.0060  -0.0051  -0.0006   0.0005  -0.0040  -0.0069   0.0795  -0.0056 -5.4047e-03  -0.0062  -0.0059   0.0094  -0.0017   0.0039   0.0090  -0.0065   0.0779  -0.0021  -0.0004  -0.0045  -0.0035  2.1434e-02   0.0595   0.0768
SIM14L2  0.0330 -0.0034  0.1126  0.0801 -7.5135e-03  0.0037 -0.0077  0.0117  0.0263  9.3637e-03   0.0059  -0.0070  -0.0083  -0.0003   1.0000 -2.3285e-03 -5.8359e-03  -0.0061 -3.8042e-03   0.0233  -0.0083   0.0037  7.8769e-03  -0.0022  4.1427e-02  -0.0075 -6.2103e-03   0.0057  -0.0072  -0.0020  -0.0042  -0.0019   0.0042  -0.0021   0.0120  3.6664e-02   0.0136   0.0484   0.0662  -0.0057  -0.0074   0.0527   0.0012   0.0154  -0.0073  -0.0081  -0.0071  -0.0059  5.0173e-02   0.0424  -0.0071
SIM15L2  0.0308  0.1559 -0.0030 -0.0053 -5.3925e-06  0.0347  0.1497 -0.0071 -0.0070 -2.5225e-03   0.0055   0.0092   0.0178   0.0316  -0.0023  1.0000e+00 -4.8924e-03  -0.0067 -7.8833e-03  -0.0031   0.0780  -0.0053  2.4767e-03   0.0659  7.1924e-04  -0.0037  1.4769e-01   0.0304  -0.0062  -0.0062   0.0036   0.0078  -0.0071  -0.0066   0.0388 -6.3268e-03   0.0837  -0.0064  -0.0046   0.0077   0.0715   0.0040  -0.0026  -0.0067   0.1001  -0.0030  -0.0066  -0.0048 -7.2759e-03   0.0321   0.0192
SIM16L2  0.0075 -0.0062  0.0618  0.0481  6.8006e-02 -0.0050 -0.0026 -0.0006  0.0898  5.1191e-03  -0.0060  -0.0008  -0.0070  -0.0061  -0.0058 -4.8924e-03  1.0000e+00  -0.0062 -2.4604e-04  -0.0021   0.0014  -0.0017 -6.5294e-03  -0.0054  1.1351e-03  -0.0045 -9.4089e-05  -0.0060  -0.0058  -0.0057   0.1622  -0.0050   0.0352  -0.0058  -0.0059 -5.5320e-03   0.0061   0.0505   0.0080  -0.0033   0.1529  -0.0058  -0.0061  -0.0062  -0.0058   0.0035  -0.0053  -0.0010 -7.1672e-03  -0.0077  -0.0061
SIM17L2  0.0469 -0.0060 -0.0021 -0.0062 -2.1286e-03  0.0330 -0.0035  0.0051  0.0087 -4.8574e-03   0.0039  -0.0044  -0.0039   0.0393  -0.0061 -6.6651e-03 -6.2138e-03   1.0000 -1.0356e-03  -0.0040  -0.0059  -0.0047 -1.4293e-03   0.0032 -5.7480e-03   0.0111 -2.4346e-03  -0.0041  -0.0044  -0.0059  -0.0054   0.0042  -0.0048   0.1737   0.0018 -3.4649e-03  -0.0063  -0.0057  -0.0057  -0.0033  -0.0060  -0.0058   0.0025  -0.0055  -0.0056   0.1281   0.0175  -0.0042 -6.4288e-03  -0.0024  -0.0050
SIM18L2  0.0395  0.0556 -0.0071  0.0358 -7.1932e-03  0.1094 -0.0070 -0.0084  0.0945 -4.7362e-03  -0.0066  -0.0053   0.0003  -0.0072  -0.0038 -7.8833e-03 -2.4604e-04  -0.0010  1.0000e+00  -0.0036   0.0939   0.0031 -7.3058e-03   0.0464 -4.9244e-03  -0.0065 -5.3493e-03  -0.0061  -0.0057   0.0840   0.0158  -0.0015   0.0167  -0.0056   0.0363  2.2038e-03  -0.0038  -0.0059  -0.0078  -0.0052   0.0085  -0.0055  -0.0018  -0.0068  -0.0061  -0.0076  -0.0043  -0.0052 -6.7446e-05   0.0211  -0.0063
SIM19L2  0.0302 -0.0034 -0.0060 -0.0069  5.1756e-03  0.0037  0.0907 -0.0079  0.0028  2.6774e-02   0.0057  -0.0047   0.0331  -0.0039   0.0233 -3.1342e-03 -2.0769e-03  -0.0040 -3.5833e-03   1.0000  -0.0064   0.0344 -6.7625e-03   0.0166  2.9431e-02  -0.0015 -5.5021e-03   0.0146   0.0252  -0.0053   0.0210  -0.0014  -0.0069  -0.0005  -0.0062  1.5416e-02   0.0081   0.0317  -0.0067   0.0213  -0.0034   0.0027  -0.0039  -0.0044  -0.0056   0.0787   0.0422  -0.0052  2.7623e-02  -0.0078   0.0346
SIM20L2  0.0382  0.0548 -0.0066 -0.0072  3.5237e-03  0.0256 -0.0073 -0.0055  0.0291  4.5351e-03   0.0560   0.0576  -0.0031  -0.0039  -0.0083  7.7956e-02  1.3756e-03  -0.0059  9.3930e-02  -0.0064   1.0000  -0.0042  9.0448e-02  -0.0052 -5.1385e-03  -0.0071 -3.2584e-03   0.0042   0.0477   0.0644  -0.0030  -0.0013   0.0875  -0.0020   0.0497 -1.7599e-03   0.0448  -0.0030   0.1241   0.1001  -0.0021  -0.0054  -0.0064  -0.0049  -0.0069  -0.0078  -0.0063   0.0474 -1.8939e-03  -0.0062   0.0345
SIM21L2  0.0266 -0.0026 -0.0023  0.0142  1.0505e-01 -0.0049  0.0067 -0.0050  0.0249 -4.7012e-03   0.0074  -0.0009  -0.0052  -0.0054   0.0037 -5.2754e-03 -1.7454e-03  -0.0047  3.0790e-03   0.0344  -0.0042   1.0000 -4.9638e-03  -0.0014  1.0819e-02  -0.0024 -3.8605e-03  -0.0027  -0.0038   0.0062   0.0031  -0.0029   0.0791   0.1356  -0.0048 -4.5760e-03  -0.0043   0.0029  -0.0037  -0.0038   0.0023   0.0951  -0.0047  -0.0025  -0.0049   0.0043  -0.0048   0.0017 -6.1482e-03  -0.0062   0.0652
SIM22L2  0.0454 -0.0063 -0.0012 -0.0047  7.0239e-03  0.0320 -0.0069 -0.0034 -0.0062  4.5407e-05   0.0186   0.0297   0.0335  -0.0069   0.0079  2.4767e-03 -6.5294e-03  -0.0014 -7.3058e-03  -0.0068   0.0904  -0.0050  1.0000e+00   0.0075  3.6387e-02   0.0089 -5.7337e-03   0.0245  -0.0062  -0.0063  -0.0062   0.0507  -0.0042   0.0063  -0.0049 -3.9999e-03  -0.0071  -0.0062   0.1292  -0.0046   0.0117  -0.0062   0.0002  -0.0063   0.0058   0.0036  -0.0060  -0.0051 -7.8868e-03   0.0560   0.0054
SIM23L2  0.0183  0.0002  0.0108 -0.0023 -4.3885e-03  0.0089  0.0941 -0.0052 -0.0071  1.9154e-02   0.0084   0.0093   0.0431  -0.0048  -0.0022  6.5851e-02 -5.4222e-03   0.0032  4.6387e-02   0.0166  -0.0052  -0.0014  7.5471e-03   1.0000 -2.8810e-03  -0.0062  6.9749e-02   0.0030  -0.0001  -0.0055  -0.0042  -0.0024  -0.0051   0.0704   0.0030  3.2127e-03   0.0182  -0.0025  -0.0072  -0.0042   0.0435  -0.0036  -0.0040  -0.0063  -0.0026  -0.0019   0.1120  -0.0042  1.7896e-02  -0.0083   0.1144
SIM24L2  0.0500 -0.0058  0.0234 -0.0050 -6.7184e-03 -0.0057 -0.0063 -0.0070  0.0131 -6.4094e-03   0.0299  -0.0037  -0.0077   0.1947   0.0414  7.1924e-04  1.1351e-03  -0.0057 -4.9244e-03   0.0294  -0.0051   0.0108  3.6387e-02  -0.0029  1.0000e+00  -0.0008 -6.1436e-03   0.0036   0.0278  -0.0066  -0.0067  -0.0024  -0.0066   0.0771   0.0119 -1.9091e-05  -0.0046  -0.0050   0.0044  -0.0052   0.0025   0.0088   0.0367   0.0563  -0.0052  -0.0072  -0.0050  -0.0027  1.3507e-02   0.0067   0.0452
SIM25L2  0.0557 -0.0056  0.0378  0.0003  1.7390e-02 -0.0051 -0.0017 -0.0074  0.0017 -5.1386e-03  -0.0059  -0.0053   0.0113  -0.0067  -0.0075 -3.6949e-03 -4.5318e-03   0.0111 -6.4746e-03  -0.0015  -0.0071  -0.0024  8.9239e-03  -0.0062 -8.2282e-04   1.0000 -7.1559e-04  -0.0059  -0.0060   0.0065  -0.0003  -0.0046  -0.0033  -0.0050  -0.0036  8.7159e-03  -0.0071  -0.0053  -0.0042  -0.0036  -0.0061  -0.0054  -0.0045  -0.0045  -0.0047   0.0213   0.0141   0.0081 -7.6801e-03  -0.0062  -0.0034
SIM26L2  0.0287  0.0070 -0.0056 -0.0054 -1.5033e-04 -0.0013  0.1689  0.0918 -0.0036 -5.5431e-03  -0.0012   0.0019  -0.0061  -0.0060  -0.0062  1.4769e-01 -9.4089e-05  -0.0024 -5.3493e-03  -0.0055  -0.0033  -0.0039 -5.7337e-03   0.0697 -6.1436e-03  -0.0007  1.0000e+00  -0.0050  -0.0053   0.0112   0.0369  -0.0045  -0.0055   0.0531   0.0052 -5.0793e-03  -0.0061  -0.0013   0.0103   0.1350  -0.0055  -0.0054  -0.0035   0.0130  -0.0004  -0.0061  -0.0052  -0.0031  5.4721e-03   0.0073  -0.0052
SIM27L2  0.0516 -0.0056  0.0039  0.0291 -5.9225e-03  0.0054 -0.0053  0.0119  0.0283 -2.2029e-03   0.0163   0.0407   0.0355  -0.0060   0.0057  3.0422e-02 -5.9964e-03  -0.0041 -6.0873e-03   0.0146   0.0042  -0.0027  2.4486e-02   0.0030  3.6327e-03  -0.0059 -5.0356e-03   1.0000   0.0067   0.0121   0.0035   0.0561   0.0236  -0.0043  -0.0034  2.6694e-02  -0.0051  -0.0050  -0.0032   0.0099   0.1284   0.0042   0.0977  -0.0017  -0.0057   0.0014  -0.0013   0.0006  1.1407e-02  -0.0072  -0.0010
SIM28L2  0.0312 -0.0058 -0.0060  0.1192 -5.2874e-03 -0.0043 -0.0062  0.0043 -0.0063  1.2235e-03   0.0419   0.0752   0.0320  -0.0051  -0.0072 -6.2137e-03 -5.8203e-03  -0.0044 -5.6644e-03   0.0252   0.0477  -0.0038 -6.1726e-03  -0.0001  2.7762e-02  -0.0060 -5.3233e-03   0.0067   1.0000  -0.0039   0.0077  -0.0048   0.0024  -0.0051   0.1360 -5.3464e-03  -0.0069  -0.0033  -0.0028   0.0192   0.0059  -0.0055  -0.0035  -0.0059  -0.0045  -0.0065  -0.0053  -0.0005 -7.3449e-03   0.0085  -0.0054
SIM29L2  0.0344  0.0011 -0.0062  0.0463 -3.8546e-03 -0.0059  0.0216 -0.0023 -0.0018 -2.3658e-03   0.0407  -0.0057  -0.0069  -0.0006  -0.0020 -6.2346e-03 -5.7172e-03  -0.0059  8.3980e-02  -0.0053   0.0644   0.0062 -6.3414e-03  -0.0055 -6.6403e-03   0.0065  1.1214e-02   0.0121  -0.0039   1.0000  -0.0037  -0.0050   0.0417  -0.0058   0.0409  3.7036e-03  -0.0072   0.0026  -0.0039  -0.0046  -0.0038  -0.0035  -0.0059  -0.0060  -0.0057  -0.0068  -0.0055   0.0959  1.1172e-03   0.0076  -0.0034
SIM30L2  0.0346 -0.0065 -0.0060  0.0064 -6.1870e-03 -0.0062  0.0171  0.0113  0.0668  1.4131e-02   0.0115   0.0679  -0.0066   0.0005  -0.0042  3.5768e-03  1.6222e-01  -0.0054  1.5846e-02   0.0210  -0.0030   0.0031 -6.1879e-03  -0.0042 -6.7330e-03  -0.0003  3.6877e-02   0.0035   0.0077  -0.0037   1.0000  -0.0053  -0.0034  -0.0062  -0.0063  1.1711e-02  -0.0069   0.0736   0.0037  -0.0033   0.1799  -0.0012  -0.0044  -0.0065  -0.0051  -0.0064   0.0003  -0.0042 -6.1669e-04   0.0216   0.0015
SIM31L2  0.0217 -0.0051 -0.0044  0.1128 -5.0161e-03  0.0011 -0.0052 -0.0045  0.0757 -8.1798e-04  -0.0012  -0.0048  -0.0016  -0.0040  -0.0019  7.8058e-03 -5.0377e-03   0.0042 -1.4999e-03  -0.0014  -0.0013  -0.0029  5.0713e-02  -0.0024 -2.4431e-03  -0.0046 -4.5299e-03   0.0561  -0.0048  -0.0050  -0.0053   1.0000  -0.0001   0.0138   0.0035  3.6732e-03  -0.0060  -0.0049  -0.0053  -0.0036  -0.0051   0.0543   0.0472  -0.0028   0.0092  -0.0047  -0.0049  -0.0037 -6.3581e-03   0.0466  -0.0045
SIM32L2  0.0252 -0.0037 -0.0038 -0.0068  6.3026e-02 -0.0024 -0.0061  0.0059  0.0494  6.0102e-03  -0.0064  -0.0063  -0.0005  -0.0069   0.0042 -7.1156e-03  3.5217e-02  -0.0048  1.6702e-02  -0.0069   0.0875   0.0791 -4.2032e-03  -0.0051 -6.6315e-03  -0.0033 -5.5223e-03   0.0236   0.0024   0.0417  -0.0034  -0.0001   1.0000   0.0011  -0.0045  2.6656e-02  -0.0041   0.0287  -0.0064  -0.0016  -0.0035   0.0675  -0.0065  -0.0066  -0.0067  -0.0062   0.0045  -0.0054  1.1971e-01  -0.0037  -0.0066
SIM33L2  0.0188 -0.0058 -0.0057 -0.0062 -3.1186e-03  0.0048  0.0173  0.0356  0.0181 -5.7910e-03  -0.0057  -0.0023  -0.0070   0.0795  -0.0021 -6.6145e-03 -5.7786e-03   0.1737 -5.6177e-03  -0.0005  -0.0020   0.1356  6.3132e-03   0.0704  7.7127e-02  -0.0050  5.3091e-02  -0.0043  -0.0051  -0.0058  -0.0062   0.0138   0.0011   1.0000  -0.0057 -4.8889e-03   0.0002  -0.0042  -0.0049  -0.0046  -0.0059   0.0006  -0.0005  -0.0047  -0.0058   0.2112  -0.0057  -0.0048  9.8305e-02  -0.0071  -0.0045
SIM34L2  0.0297  0.0173 -0.0057  0.0386 -4.0165e-03  0.0038  0.0164 -0.0046  0.0002 -3.3087e-03  -0.0010  -0.0054  -0.0042  -0.0056   0.0120  3.8822e-02 -5.8613e-03   0.0018  3.6261e-02  -0.0062   0.0497  -0.0048 -4.8568e-03   0.0030  1.1856e-02  -0.0036  5.2178e-03  -0.0034   0.1360   0.0409  -0.0063   0.0035  -0.0045  -0.0057   1.0000  1.5345e-03   0.0276  -0.0047  -0.0041  -0.0029   0.0272  -0.0057  -0.0040  -0.0049  -0.0027   0.0542   0.0650  -0.0047 -6.4674e-03  -0.0056  -0.0047
SIM35L2  0.0371  0.0337 -0.0021 -0.0055  2.1234e-02  0.1555  0.0135  0.0292 -0.0060  3.4951e-02  -0.0042  -0.0048  -0.0024  -0.0054   0.0367 -6.3268e-03 -5.5320e-03  -0.0035  2.2038e-03   0.0154  -0.0018  -0.0046 -3.9999e-03   0.0032 -1.9091e-05   0.0087 -5.0793e-03   0.0267  -0.0053   0.0037   0.0117   0.0037   0.0267  -0.0049   0.0015  1.0000e+00  -0.0063  -0.0055  -0.0048  -0.0044  -0.0047  -0.0028  -0.0046   0.0210   0.0461   0.0044   0.0164  -0.0046 -6.5372e-03   0.0055  -0.0055
SIM36L2  0.0508  0.0893  0.0297 -0.0061  2.8291e-02  0.0196 -0.0073 -0.0084 -0.0072 -3.9388e-03  -0.0060  -0.0067  -0.0012  -0.0062   0.0136  8.3750e-02  6.0821e-03  -0.0063 -3.7938e-03   0.0081   0.0448  -0.0043 -7.0721e-03   0.0182 -4.5645e-03  -0.0071 -6.0870e-03  -0.0051  -0.0069  -0.0072  -0.0069  -0.0060  -0.0041   0.0002   0.0276 -6.3001e-03   1.0000   0.0130   0.0057  -0.0056   0.0076  -0.0070   0.0360  -0.0046  -0.0029  -0.0053  -0.0068   0.0848  3.5677e-02   0.0059  -0.0056
SIM37L2  0.0093 -0.0058 -0.0056 -0.0025 -2.1176e-03 -0.0058  0.0210  0.0138  0.1112  3.3216e-02   0.0942  -0.0003  -0.0048  -0.0059   0.0484 -6.4317e-03  5.0542e-02  -0.0057 -5.8926e-03   0.0317  -0.0030   0.0029 -6.2162e-03  -0.0025 -5.0081e-03  -0.0053 -1.3437e-03  -0.0050  -0.0033   0.0026   0.0736  -0.0049   0.0287  -0.0042  -0.0047 -5.4893e-03   0.0130   1.0000  -0.0064  -0.0046  -0.0043  -0.0057  -0.0050   0.0431  -0.0058  -0.0066  -0.0057  -0.0003 -4.8239e-04   0.0475   0.0015
SIM38L2  0.0267  0.0028  0.0850  0.0885  4.6904e-03  0.0015  0.0245 -0.0078  0.0242 -6.0241e-03   0.0134  -0.0063  -0.0079   0.0094   0.0662 -4.5913e-03  8.0195e-03  -0.0057 -7.7747e-03  -0.0067   0.1241  -0.0037  1.2919e-01  -0.0072  4.3640e-03  -0.0042  1.0299e-02  -0.0032  -0.0028  -0.0039   0.0037  -0.0053  -0.0064  -0.0049  -0.0041 -4.7855e-03   0.0057  -0.0064   1.0000  -0.0052   0.0160  -0.0065  -0.0010   0.0096  -0.0066  -0.0070   0.0248  -0.0049  4.9156e-03   0.0247  -0.0056
SIM39L2  0.0025 -0.0044 -0.0039 -0.0044 -4.8458e-03 -0.0031 -0.0041 -0.0056 -0.0044  7.9903e-02  -0.0046  -0.0044   0.0169  -0.0017  -0.0057  7.7412e-03 -3.2632e-03  -0.0033 -5.1633e-03   0.0213   0.1001  -0.0038 -4.5735e-03  -0.0042 -5.1943e-03  -0.0036  1.3501e-01   0.0099   0.0192  -0.0046  -0.0033  -0.0036  -0.0016  -0.0046  -0.0029 -4.4067e-03  -0.0056  -0.0046  -0.0052   1.0000  -0.0047  -0.0046  -0.0041  -0.0044   0.0014  -0.0007  -0.0045   0.0215 -2.8063e-03  -0.0060  -0.0044
SIM40L2  0.0315  0.0079  0.0002 -0.0020 -5.8078e-03  0.0024 -0.0065 -0.0002 -0.0057  6.9578e-03  -0.0059   0.0117   0.0311   0.0039  -0.0074  7.1503e-02  1.5294e-01  -0.0060  8.4933e-03  -0.0034  -0.0021   0.0023  1.1659e-02   0.0435  2.4659e-03  -0.0061 -5.4945e-03   0.1284   0.0059  -0.0038   0.1799  -0.0051  -0.0035  -0.0059   0.0272 -4.6931e-03   0.0076  -0.0043   0.0160  -0.0047   1.0000  -0.0059   0.0002  -0.0060   0.0714   0.0051  -0.0057   0.0003 -4.9707e-03   0.0056   0.0013
SIM41L2  0.0354 -0.0037 -0.0059 -0.0062  7.7921e-02  0.0088  0.0061 -0.0031 -0.0062  2.1069e-03   0.0032  -0.0036  -0.0069   0.0090   0.0527  4.0092e-03 -5.8147e-03  -0.0058 -5.4543e-03   0.0027  -0.0054   0.0951 -6.2054e-03  -0.0036  8.7703e-03  -0.0054 -5.3626e-03   0.0042  -0.0055  -0.0035  -0.0012   0.0543   0.0675   0.0006  -0.0057 -2.7703e-03  -0.0070  -0.0057  -0.0065  -0.0046  -0.0059   1.0000  -0.0058   0.0003  -0.0052  -0.0062  -0.0045  -0.0046 -5.0859e-03  -0.0073   0.0015
SIM42L2  0.0344 -0.0059  0.0210  0.0820 -4.4258e-03  0.0001  0.0004  0.0082  0.0338 -5.4986e-03   0.0402  -0.0024  -0.0028  -0.0065   0.0012 -2.6061e-03 -6.1159e-03   0.0025 -1.7637e-03  -0.0039  -0.0064  -0.0047  1.5243e-04  -0.0040  3.6731e-02  -0.0045 -3.5267e-03   0.0977  -0.0035  -0.0059  -0.0044   0.0472  -0.0065  -0.0005  -0.0040 -4.6050e-03   0.0360  -0.0050  -0.0010  -0.0041   0.0002  -0.0058   1.0000  -0.0043  -0.0047   0.0279   0.0252  -0.0024  1.2906e-02  -0.0062   0.0412
SIM43L2  0.0476 -0.0059 -0.0035 -0.0036  8.7706e-02 -0.0007  0.0091 -0.0052 -0.0053 -5.2521e-03   0.0024  -0.0049   0.0725   0.0779   0.0154 -6.7297e-03 -6.1675e-03  -0.0055 -6.7877e-03  -0.0044  -0.0049  -0.0025 -6.2563e-03  -0.0063  5.6270e-02  -0.0045  1.3029e-02  -0.0017  -0.0059  -0.0060  -0.0065  -0.0028  -0.0066  -0.0047  -0.0049  2.0990e-02  -0.0046   0.0431   0.0096  -0.0044  -0.0060   0.0003  -0.0043   1.0000  -0.0060  -0.0050  -0.0058  -0.0049  3.3057e-02  -0.0067   0.1048
SIM44L2  0.0150 -0.0060 -0.0061 -0.0007 -6.1124e-03  0.0251 -0.0065 -0.0073 -0.0060 -4.4211e-03  -0.0056   0.0021  -0.0040  -0.0021  -0.0073  1.0013e-01 -5.8420e-03  -0.0056 -6.1375e-03  -0.0056  -0.0069  -0.0049  5.8105e-03  -0.0026 -5.1505e-03  -0.0047 -3.5760e-04  -0.0057  -0.0045  -0.0057  -0.0051   0.0092  -0.0067  -0.0058  -0.0027  4.6059e-02  -0.0029  -0.0058  -0.0066   0.0014   0.0714  -0.0052  -0.0047  -0.0060   1.0000  -0.0067   0.0281  -0.0049  6.5133e-02  -0.0075   0.0417
SIM45L2  0.0320  0.0508 -0.0058 -0.0073 -6.9991e-03 -0.0018  0.0707 -0.0052  0.0047 -2.2812e-03   0.0622   0.0054   0.0048  -0.0004  -0.0081 -2.9829e-03  3.5070e-03   0.1281 -7.5572e-03   0.0787  -0.0078   0.0043  3.5852e-03  -0.0019 -7.2143e-03   0.0213 -6.0590e-03   0.0014  -0.0065  -0.0068  -0.0064  -0.0047  -0.0062   0.2112   0.0542  4.3805e-03  -0.0053  -0.0066  -0.0070  -0.0007   0.0051  -0.0062   0.0279  -0.0050  -0.0067   1.0000  -0.0033  -0.0056 -8.3906e-03  -0.0086  -0.0067
SIM46L2  0.0248 -0.0042 -0.0052 -0.0015 -5.8894e-03 -0.0055 -0.0052  0.0120 -0.0059 -4.5019e-03  -0.0056  -0.0047   0.0104  -0.0045  -0.0071 -6.5607e-03 -5.3130e-03   0.0175 -4.2812e-03   0.0422  -0.0063  -0.0048 -5.9642e-03   0.1120 -4.9755e-03   0.0141 -5.2034e-03  -0.0013  -0.0053  -0.0055   0.0003  -0.0049   0.0045  -0.0057   0.0650  1.6368e-02  -0.0068  -0.0057   0.0248  -0.0045  -0.0057  -0.0045   0.0252  -0.0058   0.0281  -0.0033   1.0000   0.0066 -1.1557e-03   0.0136   0.1414
SIM47L2  0.0315 -0.0042  0.0001 -0.0054 -3.0282e-03 -0.0045  0.0063  0.1093  0.0558  2.6766e-02  -0.0047  -0.0042  -0.0057  -0.0035  -0.0059 -4.8435e-03 -9.8518e-04  -0.0042 -5.1905e-03  -0.0052   0.0474   0.0017 -5.1236e-03  -0.0042 -2.6786e-03   0.0081 -3.0914e-03   0.0006  -0.0005   0.0959  -0.0042  -0.0037  -0.0054  -0.0048  -0.0047 -4.5619e-03   0.0848  -0.0003  -0.0049   0.0215   0.0003  -0.0046  -0.0024  -0.0049  -0.0049  -0.0056   0.0066   1.0000 -2.3834e-03  -0.0043   0.0777
SIM48L2  0.0153  0.0214  0.0663  0.0046  2.2083e-03  0.0014 -0.0075 -0.0092 -0.0080  1.4273e-02  -0.0062  -0.0049   0.0508   0.0214   0.0502 -7.2759e-03 -7.1672e-03  -0.0064 -6.7446e-05   0.0276  -0.0019  -0.0061 -7.8868e-03   0.0179  1.3507e-02  -0.0077  5.4721e-03   0.0114  -0.0073   0.0011  -0.0006  -0.0064   0.1197   0.0983  -0.0065 -6.5372e-03   0.0357  -0.0005   0.0049  -0.0028  -0.0050  -0.0051   0.0129   0.0331   0.0651  -0.0084  -0.0012  -0.0024  1.0000e+00   0.0479  -0.0072
SIM49L2  0.0259  0.0183 -0.0073  0.0049  1.4025e-03 -0.0007 -0.0022  0.0245 -0.0073 -3.1797e-03   0.0022  -0.0072  -0.0052   0.0595   0.0424  3.2085e-02 -7.7212e-03  -0.0024  2.1115e-02  -0.0078  -0.0062  -0.0062  5.5978e-02  -0.0083  6.6720e-03  -0.0062  7.3264e-03  -0.0072   0.0085   0.0076   0.0216   0.0466  -0.0037  -0.0071  -0.0056  5.4535e-03   0.0059   0.0475   0.0247  -0.0060   0.0056  -0.0073  -0.0062  -0.0067  -0.0075  -0.0086   0.0136  -0.0043  4.7889e-02   1.0000  -0.0066
SIM50L2  0.0361 -0.0052 -0.0059  0.0334 -5.6488e-03 -0.0058 -0.0053 -0.0072  0.0441 -6.0752e-03  -0.0017   0.0800   0.0015   0.0768  -0.0071  1.9193e-02 -6.1124e-03  -0.0050 -6.3124e-03   0.0346   0.0345   0.0652  5.4285e-03   0.1144  4.5248e-02  -0.0034 -5.1652e-03  -0.0010  -0.0054  -0.0034   0.0015  -0.0045  -0.0066  -0.0045  -0.0047 -5.5445e-03  -0.0056   0.0015  -0.0056  -0.0044   0.0013   0.0015   0.0412   0.1048   0.0417  -0.0067   0.1414   0.0777 -7.2406e-03  -0.0066   1.0000

LD Score Matrix Condition Number
2.0985

Annotation Correlation Matrix
             SIM1        SIM2        SIM3        SIM4        SIM5        SIM6        SIM7        SIM8        SIM9       SIM10       SIM11       SIM12       SIM13       SIM14       SIM15       SIM16       SIM17       SIM18       SIM19       SIM20       SIM21       SIM22       SIM23       SIM24       SIM25       SIM26       SIM27       SIM28       SIM29       SIM30       SIM31       SIM32       SIM33       SIM34       SIM35       SIM36       SIM37       SIM38       SIM39       SIM40       SIM41       SIM42       SIM43       SIM44       SIM45       SIM46       SIM47       SIM48       SIM49       SIM50
SIM1   1.0000e+00 -4.8008e-05 -4.9636e-05 -5.3490e-05 -4.8008e-05 -4.9636e-05 -5.6383e-05 -4.9636e-05 -5.2741e-05 -4.6323e-05 -4.5457e-05 -5.4227e-05 -4.9636e-05 -5.2741e-05 -5.3490e-05 -5.2741e-05 -5.3490e-05 -5.4227e-05 -4.8008e-05 -5.3490e-05 -4.5457e-05 -4.8008e-05 -5.6383e-05 -5.7776e-05 -4.7173e-05 -4.9636e-05 -4.8829e-05 -4.8008e-05 -4.7173e-05 -4.9636e-05 -5.0430e-05 -5.1982e-05 -4.5457e-05 -4.6323e-05 -4.6323e-05 -5.4955e-05 -5.2741e-05  3.6614e-02 -3.7822e-05 -4.7173e-05 -4.5457e-05 -4.8008e-05 -4.8008e-05 -4.6323e-05 -5.2741e-05 -4.7173e-05 -3.5659e-05  3.3969e-02 -5.8459e-05 -4.5457e-05
SIM2  -4.8008e-05  1.0000e+00 -5.4562e-05 -5.8798e-05 -5.2773e-05 -5.4562e-05 -6.1979e-05 -5.4562e-05 -5.7976e-05 -5.0920e-05 -4.9968e-05 -5.9609e-05 -5.4562e-05 -5.7976e-05 -5.8798e-05 -5.7976e-05 -5.8798e-05 -5.9609e-05 -5.2773e-05 -5.8798e-05 -4.9968e-05 -5.2773e-05 -6.1979e-05 -6.3510e-05 -5.1855e-05 -5.4562e-05 -5.3675e-05 -5.2773e-05 -5.1855e-05 -5.4562e-05 -5.5435e-05 -5.7141e-05 -4.9968e-05 -5.0920e-05 -5.0920e-05 -6.0410e-05 -5.7976e-05 -5.4562e-05 -4.1576e-05 -5.1855e-05 -4.9968e-05 -5.2773e-05 -5.2773e-05 -5.0920e-05 -5.7976e-05 -5.1855e-05 -3.9198e-05 -5.8798e-05 -6.4261e-05 -4.9968e-05
SIM3  -4.9636e-05 -5.4562e-05  1.0000e+00 -6.0792e-05 -5.4562e-05 -5.6412e-05 -6.4081e-05 -5.6412e-05 -5.9942e-05 -5.2647e-05 -5.1663e-05 -6.1631e-05 -5.6412e-05 -5.9942e-05 -6.0792e-05 -5.9942e-05 -6.0792e-05  2.9467e-02 -5.4562e-05 -6.0792e-05 -5.1663e-05 -5.4562e-05 -6.4081e-05 -6.5663e-05 -5.3613e-05 -5.6412e-05 -5.5495e-05  3.3299e-02 -5.3613e-05 -5.6412e-05 -5.7315e-05 -5.9079e-05 -5.1663e-05 -5.2647e-05 -5.2647e-05 -6.2458e-05 -5.9942e-05 -5.6412e-05 -4.2986e-05 -5.3613e-05 -5.1663e-05 -5.4562e-05 -5.4562e-05 -5.2647e-05 -5.9942e-05 -5.3613e-05 -4.0527e-05 -6.0792e-05 -6.6440e-05 -5.1663e-05
SIM4  -5.3490e-05 -5.8798e-05 -6.0792e-05  1.0000e+00 -5.8798e-05 -6.0792e-05 -6.9056e-05 -6.0792e-05 -6.4595e-05 -5.6734e-05 -5.5674e-05 -6.6415e-05 -6.0792e-05 -6.4595e-05 -6.5512e-05 -6.4595e-05 -6.5512e-05 -6.6415e-05 -5.8798e-05 -6.5512e-05 -5.5674e-05 -5.8798e-05 -6.9056e-05 -7.0761e-05  3.1441e-02 -6.0792e-05 -5.9803e-05 -5.8798e-05 -5.7775e-05 -6.0792e-05 -6.1765e-05 -6.3666e-05 -5.5674e-05 -5.6734e-05 -5.6734e-05 -6.7307e-05 -6.4595e-05 -6.0792e-05 -4.6323e-05 -5.7775e-05 -5.5674e-05 -5.8798e-05 -5.8798e-05 -5.6734e-05 -6.4595e-05 -5.7775e-05 -4.3674e-05 -6.5512e-05 -7.1599e-05 -5.5674e-05
SIM5  -4.8008e-05 -5.2773e-05 -5.4562e-05 -5.8798e-05  1.0000e+00 -5.4562e-05 -6.1979e-05 -5.4562e-05 -5.7976e-05 -5.0920e-05 -4.9968e-05 -5.9609e-05 -5.4562e-05 -5.7976e-05 -5.8798e-05 -5.7976e-05 -5.8798e-05 -5.9609e-05 -5.2773e-05 -5.8798e-05 -4.9968e-05 -5.2773e-05 -6.1979e-05 -6.3510e-05 -5.1855e-05 -5.4562e-05 -5.3675e-05 -5.2773e-05 -5.1855e-05 -5.4562e-05 -5.5435e-05 -5.7141e-05 -4.9968e-05 -5.0920e-05 -5.0920e-05 -6.0410e-05 -5.7976e-05 -5.4562e-05 -4.1576e-05 -5.1855e-05 -4.9968e-05 -5.2773e-05 -5.2773e-05 -5.0920e-05 -5.7976e-05 -5.1855e-05 -3.9198e-05 -5.8798e-05 -6.4261e-05 -4.9968e-05
SIM6  -4.9636e-05 -5.4562e-05 -5.6412e-05 -6.0792e-05 -5.4562e-05  1.0000e+00 -6.4081e-05 -5.6412e-05 -5.9942e-05 -5.2647e-05 -5.1663e-05 -6.1631e-05 -5.6412e-05 -5.9942e-05 -6.0792e-05 -5.9942e-05 -6.0792e-05 -6.1631e-05 -5.4562e-05 -6.0792e-05  3.5174e-02 -5.4562e-05 -6.4081e-05 -6.5663e-05 -5.3613e-05 -5.6412e-05 -5.5495e-05 -5.4562e-05 -5.3613e-05 -5.6412e-05 -5.7315e-05 -5.9079e-05 -5.1663e-05 -5.2647e-05  3.4514e-02 -6.2458e-05 -5.9942e-05 -5.6412e-05 -4.2986e-05 -5.3613e-05 -5.1663e-05 -5.4562e-05 -5.4562e-05 -5.2647e-05 -5.9942e-05 -5.3613e-05 -4.0527e-05 -6.0792e-05 -6.6440e-05 -5.1663e-05
SIM7  -5.6383e-05 -6.1979e-05 -6.4081e-05 -6.9056e-05 -6.1979e-05 -6.4081e-05  1.0000e+00 -6.4081e-05 -6.8090e-05 -5.9803e-05 -5.8685e-05 -7.0008e-05 -6.4081e-05 -6.8090e-05 -6.9056e-05 -6.8090e-05 -6.9056e-05 -7.0008e-05 -6.1979e-05 -6.9056e-05 -5.8685e-05 -6.1979e-05 -7.2791e-05 -7.4589e-05 -6.0901e-05 -6.4081e-05 -6.3039e-05 -6.1979e-05 -6.0901e-05  2.8336e-02 -6.5106e-05 -6.7110e-05 -5.8685e-05 -5.9803e-05 -5.9803e-05 -7.0948e-05 -6.8090e-05 -6.4081e-05 -4.8829e-05 -6.0901e-05 -5.8685e-05 -6.1979e-05 -6.1979e-05 -5.9803e-05 -6.8090e-05 -6.0901e-05 -4.6036e-05 -6.9056e-05 -7.5472e-05 -5.8685e-05
SIM8  -4.9636e-05 -5.4562e-05 -5.6412e-05 -6.0792e-05 -5.4562e-05 -5.6412e-05 -6.4081e-05  1.0000e+00 -5.9942e-05 -5.2647e-05 -5.1663e-05 -6.1631e-05 -5.6412e-05 -5.9942e-05 -6.0792e-05 -5.9942e-05 -6.0792e-05 -6.1631e-05 -5.4562e-05 -6.0792e-05 -5.1663e-05 -5.4562e-05 -6.4081e-05 -6.5663e-05 -5.3613e-05 -5.6412e-05 -5.5495e-05 -5.4562e-05 -5.3613e-05 -5.6412e-05  3.1695e-02 -5.9079e-05 -5.1663e-05 -5.2647e-05 -5.2647e-05 -6.2458e-05 -5.9942e-05 -5.6412e-05 -4.2986e-05 -5.3613e-05 -5.1663e-05 -5.4562e-05 -5.4562e-05 -5.2647e-05 -5.9942e-05 -5.3613e-05 -4.0527e-05 -6.0792e-05 -6.6440e-05 -5.1663e-05
SIM9  -5.2741e-05 -5.7976e-05 -5.9942e-05 -6.4595e-05 -5.7976e-05 -5.9942e-05 -6.8090e-05 -5.9942e-05  1.0000e+00 -5.5941e-05 -5.4895e-05 -6.5486e-05 -5.9942e-05 -6.3692e-05 -6.4595e-05 -6.3692e-05 -6.4595e-05 -6.5486e-05 -5.7976e-05 -6.4595e-05 -5.4895e-05 -5.7976e-05 -6.8090e-05 -6.9771e-05 -5.6967e-05 -5.9942e-05 -5.8967e-05 -5.7976e-05 -5.6967e-05 -5.9942e-05 -6.0901e-05 -6.2775e-05 -5.4895e-05 -5.5941e-05 -5.5941e-05 -6.6366e-05  2.8510e-02 -5.9942e-05 -4.5675e-05 -5.6967e-05 -5.4895e-05 -5.7976e-05 -5.7976e-05 -5.5941e-05 -6.3692e-05 -5.6967e-05 -4.3063e-05 -6.4595e-05 -7.0597e-05 -5.4895e-05
SIM10 -4.6323e-05 -5.0920e-05 -5.2647e-05 -5.6734e-05 -5.0920e-05 -5.2647e-05 -5.9803e-05 -5.2647e-05 -5.5941e-05  1.0000e+00 -4.8214e-05 -5.7517e-05 -5.2647e-05 -5.5941e-05 -5.6734e-05 -5.5941e-05 -5.6734e-05 -5.7517e-05 -5.0920e-05 -5.6734e-05 -4.8214e-05 -5.0920e-05 -5.9803e-05 -6.1280e-05 -5.0035e-05 -5.2647e-05 -5.1791e-05 -5.0920e-05  3.6321e-02 -5.2647e-05 -5.3489e-05 -5.5136e-05 -4.8214e-05 -4.9133e-05 -4.9133e-05 -5.8289e-05 -5.5941e-05 -5.2647e-05 -4.0117e-05 -5.0035e-05 -4.8214e-05 -5.0920e-05 -5.0920e-05 -4.9133e-05 -5.5941e-05 -5.0035e-05 -3.7822e-05 -5.6734e-05 -6.2006e-05 -4.8214e-05
SIM11 -4.5457e-05 -4.9968e-05 -5.1663e-05 -5.5674e-05 -4.9968e-05 -5.1663e-05 -5.8685e-05 -5.1663e-05 -5.4895e-05 -4.8214e-05  1.0000e+00 -5.6442e-05 -5.1663e-05 -5.4895e-05 -5.5674e-05 -5.4895e-05 -5.5674e-05 -5.6442e-05 -4.9968e-05 -5.5674e-05 -4.7313e-05 -4.9968e-05 -5.8685e-05 -6.0135e-05 -4.9099e-05 -5.1663e-05 -5.0823e-05 -4.9968e-05 -4.9099e-05 -5.1663e-05 -5.2490e-05 -5.4105e-05 -4.7313e-05 -4.8214e-05 -4.8214e-05 -5.7199e-05 -5.4895e-05 -5.1663e-05 -3.9367e-05 -4.9099e-05  3.8416e-02 -4.9968e-05 -4.9968e-05 -4.8214e-05 -5.4895e-05 -4.9099e-05 -3.7115e-05 -5.5674e-05 -6.0847e-05 -4.7313e-05
SIM12 -5.4227e-05 -5.9609e-05 -6.1631e-05 -6.6415e-05 -5.9609e-05 -6.1631e-05 -7.0008e-05 -6.1631e-05 -6.5486e-05 -5.7517e-05 -5.6442e-05  1.0000e+00 -6.1631e-05 -6.5486e-05 -6.6415e-05 -6.5486e-05 -6.6415e-05 -6.7332e-05 -5.9609e-05 -6.6415e-05 -5.6442e-05 -5.9609e-05 -7.0008e-05 -7.1737e-05 -5.8572e-05 -6.1631e-05 -6.0628e-05 -5.9609e-05 -5.8572e-05 -6.1631e-05 -6.2617e-05 -6.4544e-05 -5.6442e-05 -5.7517e-05 -5.7517e-05 -6.8235e-05 -6.5486e-05 -6.1631e-05 -4.6962e-05 -5.8572e-05 -5.6442e-05 -5.9609e-05 -5.9609e-05 -5.7517e-05 -6.5486e-05 -5.8572e-05 -4.4276e-05 -6.6415e-05 -7.2586e-05 -5.6442e-05
SIM13 -4.9636e-05 -5.4562e-05 -5.6412e-05 -6.0792e-05 -5.4562e-05 -5.6412e-05 -6.4081e-05 -5.6412e-05 -5.9942e-05 -5.2647e-05 -5.1663e-05 -6.1631e-05  1.0000e+00 -5.9942e-05 -6.0792e-05 -5.9942e-05 -6.0792e-05 -6.1631e-05 -5.4562e-05 -6.0792e-05 -5.1663e-05 -5.4562e-05 -6.4081e-05 -6.5663e-05 -5.3613e-05 -5.6412e-05 -5.5495e-05 -5.4562e-05 -5.3613e-05 -5.6412e-05 -5.7315e-05 -5.9079e-05 -5.1663e-05 -5.2647e-05 -5.2647e-05 -6.2458e-05 -5.9942e-05 -5.6412e-05 -4.2986e-05 -5.3613e-05 -5.1663e-05 -5.4562e-05 -5.4562e-05 -5.2647e-05 -5.9942e-05 -5.3613e-05 -4.0527e-05 -6.0792e-05 -6.6440e-05 -5.1663e-05
SIM14 -5.2741e-05 -5.7976e-05 -5.9942e-05 -6.4595e-05 -5.7976e-05 -5.9942e-05 -6.8090e-05 -5.9942e-05 -6.3692e-05 -5.5941e-05 -5.4895e-05 -6.5486e-05 -5.9942e-05  1.0000e+00 -6.4595e-05 -6.3692e-05 -6.4595e-05 -6.5486e-05 -5.7976e-05 -6.4595e-05 -5.4895e-05 -5.7976e-05 -6.8090e-05 -6.9771e-05 -5.6967e-05 -5.9942e-05 -5.8967e-05 -5.7976e-05 -5.6967e-05 -5.9942e-05 -6.0901e-05 -6.2775e-05 -5.4895e-05 -5.5941e-05 -5.5941e-05  2.7356e-02  2.8510e-02 -5.9942e-05 -4.5675e-05 -5.6967e-05 -5.4895e-05 -5.7976e-05 -5.7976e-05 -5.5941e-05 -6.3692e-05 -5.6967e-05 -4.3063e-05 -6.4595e-05 -7.0597e-05 -5.4895e-05
