*********************************************************************
* LD Score Regression (LDSC)
* Version 1.0.1
* (C) 2014-2019 Brendan Bulik-Sullivan and Hilary Finucane
* Broad Institute of MIT and Harvard / MIT Department of Mathematics
* GNU General Public License v3
*********************************************************************
Call: 
./ldsc.py \
--out /data/sbcs/GuoLab/backup/liq17/CRC_TF_TWAS_zhishan2024/NC_revision_OceanCode/v2_NC_revision//84Tracks//ldscores_sim500//9 \
--bfile /data/sbcs/GuoLab/backup/liq17/ref/Alkesgroup/1000G_EUR_Phase3_plink_hg38/1000G.EUR.QC.9 \
--annot /data/sbcs/GuoLab/backup/liq17/CRC_TF_TWAS_zhishan2024/NC_revision_OceanCode/v2_NC_revision//84Tracks//annots_sim500//9.annot.txt \
--l2  \
--ld-wind-kb 100.0 

Beginning analysis at Sun Oct 26 22:57:04 2025
Read list of 437825 SNPs from /data/sbcs/GuoLab/backup/liq17/ref/Alkesgroup/1000G_EUR_Phase3_plink_hg38/1000G.EUR.QC.9.bim
Read 50 annotations for 437825 SNPs from /data/sbcs/GuoLab/backup/liq17/CRC_TF_TWAS_zhishan2024/NC_revision_OceanCode/v2_NC_revision//84Tracks//annots_sim500//9.annot.txt
Read list of 489 individuals from /data/sbcs/GuoLab/backup/liq17/ref/Alkesgroup/1000G_EUR_Phase3_plink_hg38/1000G.EUR.QC.9.fam
Reading genotypes from /data/sbcs/GuoLab/backup/liq17/ref/Alkesgroup/1000G_EUR_Phase3_plink_hg38/1000G.EUR.QC.9.bed
Estimating LD Score.
Writing LD Scores for 437825 SNPs to /data/sbcs/GuoLab/backup/liq17/CRC_TF_TWAS_zhishan2024/NC_revision_OceanCode/v2_NC_revision//84Tracks//ldscores_sim500//9.l2.ldscore.gz

Summary of LD Scores in /data/sbcs/GuoLab/backup/liq17/CRC_TF_TWAS_zhishan2024/NC_revision_OceanCode/v2_NC_revision//84Tracks//ldscores_sim500//9.l2.ldscore.gz
         MAF  SIM1L2  SIM2L2  SIM3L2  SIM4L2  SIM5L2  SIM6L2  SIM7L2  SIM8L2  SIM9L2  SIM10L2  SIM11L2  SIM12L2  SIM13L2  SIM14L2  SIM15L2  SIM16L2  SIM17L2  SIM18L2  SIM19L2  SIM20L2  SIM21L2  SIM22L2  SIM23L2  SIM24L2  SIM25L2  SIM26L2  SIM27L2  SIM28L2  SIM29L2  SIM30L2  SIM31L2  SIM32L2  SIM33L2  SIM34L2  SIM35L2  SIM36L2  SIM37L2  SIM38L2  SIM39L2  SIM40L2  SIM41L2  SIM42L2  SIM43L2  SIM44L2  SIM45L2  SIM46L2  SIM47L2  SIM48L2  SIM49L2  SIM50L2
mean  0.1440  0.0047  0.0034  0.0023  0.0041  0.0027  0.0031  0.0035  0.0022  0.0031   0.0032   0.0021   0.0040   0.0029   0.0030   0.0016   0.0014   0.0043   0.0041   0.0027   0.0027   0.0022   0.0033   0.0030   0.0057   0.0030   0.0030   0.0029   0.0025   0.0043   0.0024   0.0035   0.0030   0.0038   0.0031   0.0023   0.0025   0.0026   0.0034   0.0027   0.0026   0.0035   0.0032   0.0023   0.0027   0.0028   0.0036   0.0038   0.0049   0.0041   0.0025
std   0.1472  0.0553  0.0441  0.0370  0.0478  0.0428  0.0429  0.0425  0.0363  0.0472   0.0464   0.0338   0.0492   0.0387   0.0399   0.0276   0.0266   0.0478   0.0487   0.0363   0.0410   0.0325   0.0478   0.0414   0.0622   0.0409   0.0419   0.0417   0.0377   0.0519   0.0372   0.0429   0.0405   0.0439   0.0444   0.0389   0.0370   0.0401   0.0444   0.0388   0.0385   0.0429   0.0444   0.0336   0.0364   0.0366   0.0461   0.0463   0.0554   0.0516   0.0379
min   0.0051 -0.0021 -0.0039 -0.0041 -0.0040 -0.0021 -0.0021 -0.0041 -0.0040 -0.0059  -0.0041  -0.0021  -0.0021  -0.0041  -0.0021  -0.0021  -0.0040  -0.0021  -0.0041  -0.0039  -0.0038  -0.0021  -0.0041  -0.0040  -0.0041  -0.0041  -0.0039  -0.0038  -0.0021  -0.0021  -0.0021  -0.0041  -0.0041  -0.0041  -0.0040  -0.0035  -0.0021  -0.0021  -0.0040  -0.0041  -0.0041  -0.0021  -0.0037  -0.0041  -0.0036  -0.0021  -0.0040  -0.0039  -0.0021  -0.0021  -0.0040
25%   0.0174  0.0000  0.0000  0.0000  0.0000  0.0000  0.0000  0.0000  0.0000  0.0000   0.0000   0.0000   0.0000   0.0000   0.0000   0.0000   0.0000   0.0000   0.0000   0.0000   0.0000   0.0000   0.0000   0.0000   0.0000   0.0000   0.0000   0.0000   0.0000   0.0000   0.0000   0.0000   0.0000   0.0000   0.0000   0.0000   0.0000   0.0000   0.0000   0.0000   0.0000   0.0000   0.0000   0.0000   0.0000   0.0000   0.0000   0.0000   0.0000   0.0000   0.0000
50%   0.0838  0.0000  0.0000  0.0000  0.0000  0.0000  0.0000  0.0000  0.0000  0.0000   0.0000   0.0000   0.0000   0.0000   0.0000   0.0000   0.0000   0.0000   0.0000   0.0000   0.0000   0.0000   0.0000   0.0000   0.0000   0.0000   0.0000   0.0000   0.0000   0.0000   0.0000   0.0000   0.0000   0.0000   0.0000   0.0000   0.0000   0.0000   0.0000   0.0000   0.0000   0.0000   0.0000   0.0000   0.0000   0.0000   0.0000   0.0000   0.0000   0.0000   0.0000
75%   0.2464  0.0000  0.0000  0.0000  0.0000  0.0000  0.0000  0.0000  0.0000  0.0000   0.0000   0.0000   0.0000   0.0000   0.0000   0.0000   0.0000   0.0000   0.0000   0.0000   0.0000   0.0000   0.0000   0.0000   0.0000   0.0000   0.0000   0.0000   0.0000   0.0000   0.0000   0.0000   0.0000   0.0000   0.0000   0.0000   0.0000   0.0000   0.0000   0.0000   0.0000   0.0000   0.0000   0.0000   0.0000   0.0000   0.0000   0.0000   0.0000   0.0000   0.0000
max   0.5000  1.0000  1.0014  1.0008  1.0000  1.0000  1.0000  1.0000  1.0000  1.5323   1.9428   1.0000   1.0000   1.0000   1.0000   1.0000   1.0000   1.0000   1.0599   1.0000   1.0000   1.0000   1.1578   1.0014   1.2240   1.1140   1.0225   1.0000   1.0000   1.0000   1.0000   1.0158   1.0066   1.0000   1.1513   1.0000   1.0000   1.0000   1.0000   1.0000   1.0015   1.0000   1.0231   1.0011   1.0000   1.0000   1.0284   1.0027   1.0000   1.0000   1.0068

MAF/LD Score Correlation Matrix
            MAF  SIM1L2      SIM2L2  SIM3L2      SIM4L2  SIM5L2  SIM6L2      SIM7L2      SIM8L2  SIM9L2     SIM10L2  SIM11L2  SIM12L2     SIM13L2  SIM14L2  SIM15L2  SIM16L2  SIM17L2  SIM18L2  SIM19L2     SIM20L2     SIM21L2  SIM22L2  SIM23L2  SIM24L2  SIM25L2  SIM26L2  SIM27L2  SIM28L2  SIM29L2  SIM30L2  SIM31L2  SIM32L2     SIM33L2  SIM34L2     SIM35L2     SIM36L2  SIM37L2  SIM38L2     SIM39L2     SIM40L2  SIM41L2  SIM42L2  SIM43L2  SIM44L2  SIM45L2  SIM46L2     SIM47L2     SIM48L2  SIM49L2  SIM50L2
MAF      1.0000  0.0091  4.7568e-02  0.0238  2.0381e-02  0.0241  0.0144  5.4082e-02  6.5458e-03  0.0433  3.2094e-02   0.0211   0.0113  1.5980e-02   0.0272   0.0139   0.0097   0.0633   0.0341   0.0246  4.2263e-02  5.5514e-02   0.0618   0.0159   0.0229   0.0295   0.0507  -0.0090   0.0229   0.0161   0.0287   0.0402   0.0236  4.7490e-02   0.0021  2.6987e-03  1.9492e-02   0.0218   0.0265  2.3383e-02  2.5532e-02   0.0212   0.0191  -0.0025   0.0273   0.0532   0.0339  5.6339e-02  2.1464e-02   0.0750   0.0146
SIM1L2   0.0091  1.0000 -6.6204e-03 -0.0046  1.5950e-01 -0.0049 -0.0046 -6.5111e-03 -1.9216e-03 -0.0023 -5.3706e-03  -0.0053   0.1441 -6.3571e-03  -0.0044  -0.0035  -0.0046  -0.0076  -0.0072  -0.0053 -5.2243e-03 -5.5209e-03   0.0002  -0.0045   0.0862   0.0598  -0.0003   0.0838  -0.0001   0.0939  -0.0054  -0.0069  -0.0010  6.2195e-02   0.1001 -4.4959e-03 -2.9704e-03  -0.0047   0.0043  9.1797e-04 -1.8490e-03   0.0888   0.1341   0.0022  -0.0032  -0.0045  -0.0067 -5.2440e-03 -7.2259e-03  -0.0069  -0.0022
SIM2L2   0.0476 -0.0066  1.0000e+00 -0.0044 -3.7608e-04 -0.0049 -0.0042  1.9451e-02 -4.6341e-03  0.0180 -5.3055e-03  -0.0038   0.0166 -5.0953e-03   0.0138  -0.0046   0.0054   0.0098  -0.0065  -0.0056 -5.1311e-03 -4.6877e-03  -0.0047  -0.0051  -0.0061   0.0313  -0.0050  -0.0053  -0.0051  -0.0004  -0.0050   0.0039  -0.0057 -5.4226e-03   0.0997 -3.6533e-03 -5.1822e-03  -0.0049  -0.0060  8.5536e-05 -4.8587e-03   0.0035  -0.0047  -0.0049  -0.0045   0.0009   0.0001 -6.2881e-03 -2.9269e-03  -0.0054  -0.0047
SIM3L2   0.0238 -0.0046 -4.3825e-03  1.0000 -5.2272e-03 -0.0012  0.0343 -4.8978e-03 -3.4690e-03 -0.0042  1.5794e-02  -0.0024  -0.0046 -2.2591e-03   0.0011  -0.0035   0.0038   0.0079  -0.0046  -0.0040 -4.1657e-03  7.8891e-03  -0.0042  -0.0026  -0.0053  -0.0028  -0.0035  -0.0030  -0.0035  -0.0052  -0.0038  -0.0050  -0.0041  6.2864e-03  -0.0043  1.1666e-01 -4.0372e-03   0.1878  -0.0020 -4.0685e-03 -1.0053e-03   0.0198   0.0191  -0.0036  -0.0047   0.0003  -0.0044 -4.6862e-03 -5.5351e-03   0.2091  -0.0039
SIM4L2   0.0204  0.1595 -3.7608e-04 -0.0052  1.0000e+00 -0.0039 -0.0051  5.5004e-03  2.1110e-05 -0.0051  3.1890e-03  -0.0051  -0.0067 -4.5311e-03  -0.0063  -0.0045  -0.0045  -0.0039  -0.0072  -0.0062 -5.6866e-03 -5.6469e-03  -0.0041  -0.0062  -0.0077  -0.0059  -0.0021   0.0767  -0.0036   0.0038  -0.0055  -0.0007  -0.0063  1.4910e-02  -0.0045 -5.3740e-03  1.6740e-02  -0.0055  -0.0024 -5.8796e-03  6.6147e-03   0.0121  -0.0062  -0.0059   0.0174  -0.0065  -0.0024  1.3608e-01 -7.5456e-03  -0.0066  -0.0051
SIM5L2   0.0241 -0.0049 -4.8527e-03 -0.0012 -3.8859e-03  1.0000 -0.0046 -5.0534e-03 -1.4350e-03  0.0077 -4.1452e-03  -0.0039  -0.0050 -2.8720e-03  -0.0047  -0.0030  -0.0024  -0.0054  -0.0055  -0.0047 -4.2193e-03  1.9738e-01  -0.0043  -0.0045  -0.0057  -0.0022  -0.0043  -0.0044  -0.0042   0.0587  -0.0041  -0.0034  -0.0037 -5.2593e-03  -0.0045 -3.7985e-03 -3.7949e-03  -0.0039  -0.0015 -4.3028e-03 -3.9127e-03  -0.0054  -0.0046  -0.0027  -0.0047  -0.0034  -0.0049 -5.1765e-03 -3.8815e-03  -0.0036  -0.0034
SIM6L2   0.0144 -0.0046 -4.2027e-03  0.0343 -5.1465e-03 -0.0046  1.0000 -2.1029e-03 -4.2115e-03  0.0053 -4.9864e-03  -0.0039  -0.0059 -2.1004e-04  -0.0054  -0.0029  -0.0039  -0.0051   0.0192  -0.0015 -4.8506e-03 -4.8228e-03  -0.0051   0.0303  -0.0067   0.0079  -0.0050   0.0138  -0.0040  -0.0046  -0.0038   0.0262   0.0493 -5.7377e-03  -0.0040 -3.6091e-04  2.5589e-03  -0.0029  -0.0055  3.5486e-03 -3.5323e-03  -0.0057  -0.0053  -0.0021   0.0014  -0.0056   0.0023 -1.0412e-03 -6.1339e-03  -0.0056  -0.0045
SIM7L2   0.0541 -0.0065  1.9451e-02 -0.0049  5.5004e-03 -0.0051 -0.0021  1.0000e+00  1.4909e-03  0.0090 -5.5201e-03  -0.0046   0.0111 -6.2159e-03   0.0094  -0.0024   0.0049  -0.0027  -0.0069  -0.0044 -5.4575e-03  6.0152e-03   0.0003  -0.0022  -0.0016  -0.0052  -0.0029   0.0026  -0.0040   0.0078  -0.0053  -0.0066  -0.0060 -2.6774e-03  -0.0056 -4.9374e-03 -5.4894e-03  -0.0029   0.0649  5.2844e-03  1.9964e-05   0.0204  -0.0048   0.0389  -0.0048   0.0004  -0.0057 -5.5813e-03 -7.3450e-03   0.0021  -0.0052
SIM8L2   0.0065 -0.0019 -4.6341e-03 -0.0035  2.1110e-05 -0.0014 -0.0042  1.4909e-03  1.0000e+00 -0.0016 -4.1575e-03  -0.0038   0.0349  4.6139e-04  -0.0045  -0.0036  -0.0004  -0.0032   0.0316  -0.0010 -6.6449e-05 -4.0086e-03  -0.0042  -0.0045  -0.0054  -0.0003  -0.0042  -0.0024   0.0201  -0.0038   0.0971  -0.0048  -0.0043 -8.8820e-04  -0.0014 -3.6124e-03 -4.3237e-04  -0.0039  -0.0046 -3.3843e-03 -3.6090e-03  -0.0050  -0.0026  -0.0040  -0.0036   0.0193  -0.0047 -6.9426e-04  1.3708e-02  -0.0019   0.0062
SIM9L2   0.0433 -0.0023  1.8036e-02 -0.0042 -5.1171e-03  0.0077  0.0053  8.9737e-03 -1.5517e-03  1.0000 -3.5140e-03  -0.0041  -0.0054 -2.2429e-03   0.0244  -0.0036   0.0257   0.0563  -0.0021  -0.0015 -2.0269e-03 -1.2931e-03  -0.0046  -0.0041  -0.0028  -0.0049  -0.0047  -0.0037  -0.0039  -0.0044  -0.0016  -0.0053  -0.0035 -4.2820e-03  -0.0035 -3.9638e-03 -2.4389e-03  -0.0043  -0.0051  9.1779e-04  2.7939e-01  -0.0053  -0.0049  -0.0044   0.0182  -0.0050  -0.0034 -4.2385e-03 -5.8111e-03  -0.0053  -0.0003
SIM10L2  0.0321 -0.0054 -5.3055e-03  0.0158  3.1890e-03 -0.0041 -0.0050 -5.5201e-03 -4.1575e-03 -0.0035  1.0000e+00   0.0036   0.0178 -6.7902e-05   0.1679  -0.0036  -0.0037   0.0014   0.0555  -0.0051 -3.2550e-03 -4.5569e-03   0.0095  -0.0033   0.1649   0.0178   0.0031  -0.0001  -0.0046  -0.0057  -0.0044   0.0160   0.0037 -7.9075e-04  -0.0049 -3.9287e-03  4.8383e-02  -0.0019  -0.0036 -4.2895e-03 -3.8278e-03  -0.0056  -0.0050  -0.0046   0.0016   0.0092  -0.0044  5.1185e-02  6.3357e-02  -0.0054   0.0004
SIM11L2  0.0211 -0.0053 -3.7543e-03 -0.0024 -5.0685e-03 -0.0039 -0.0039 -4.5735e-03 -3.7725e-03 -0.0041  3.5941e-03   1.0000  -0.0025  6.9103e-03  -0.0014   0.2112  -0.0033  -0.0056  -0.0053  -0.0045  8.0101e-03 -4.1369e-03  -0.0044  -0.0031  -0.0057   0.0090  -0.0012  -0.0021  -0.0041  -0.0052  -0.0039  -0.0051   0.0226 -2.3219e-03   0.0048  9.9524e-03 -3.8424e-03  -0.0040  -0.0046 -1.9278e-03 -3.3138e-03  -0.0051   0.0117  -0.0030  -0.0046  -0.0045  -0.0049  7.7925e-02 -5.5270e-03   0.0019  -0.0041
SIM12L2  0.0113  0.1441  1.6608e-02 -0.0046 -6.6951e-03 -0.0050 -0.0059  1.1080e-02  3.4931e-02 -0.0054  1.7810e-02  -0.0025   1.0000 -2.2516e-03  -0.0036   0.0265  -0.0043   0.0162   0.0204  -0.0011 -3.5987e-03 -5.4279e-03   0.0010   0.0111  -0.0013   0.0465   0.0110  -0.0052  -0.0024   0.1003  -0.0046   0.0025   0.0211 -3.0885e-03  -0.0050 -4.3343e-03  1.4201e-01  -0.0042   0.0084 -2.8252e-03  1.0729e-02   0.0009   0.1780   0.0177  -0.0050  -0.0052  -0.0045  5.8879e-03 -4.4737e-03   0.0389   0.0031
SIM13L2  0.0160 -0.0064 -5.0953e-03 -0.0023 -4.5311e-03 -0.0029 -0.0002 -6.2159e-03  4.6139e-04 -0.0022 -6.7902e-05   0.0069  -0.0023  1.0000e+00  -0.0053  -0.0044  -0.0040   0.0165   0.0019  -0.0008  1.1810e-01 -4.7199e-03  -0.0039  -0.0053   0.0083   0.0011   0.0098  -0.0049  -0.0049  -0.0062  -0.0048  -0.0060   0.0081  3.6662e-02   0.2424  1.6503e-03 -9.8777e-04  -0.0040   0.2647 -4.2611e-03 -4.8248e-03  -0.0061  -0.0054  -0.0051  -0.0029  -0.0050   0.1981 -5.8661e-03 -5.5500e-03   0.0004  -0.0031
SIM14L2  0.0272 -0.0044  1.3808e-02  0.0011 -6.3039e-03 -0.0047 -0.0054  9.3945e-03 -4.5004e-03  0.0244  1.6794e-01  -0.0014  -0.0036 -5.3426e-03   1.0000  -0.0044  -0.0017  -0.0049  -0.0061  -0.0045  6.5057e-04 -2.7337e-03  -0.0052  -0.0030  -0.0037  -0.0055  -0.0052   0.0357   0.0058  -0.0058  -0.0049  -0.0019  -0.0051  2.2191e-02  -0.0051 -4.4469e-03  2.1165e-02  -0.0039  -0.0057 -3.1688e-03  1.2694e-02  -0.0061  -0.0033   0.0028  -0.0058  -0.0005  -0.0010 -5.5940e-03 -6.2462e-03  -0.0013   0.1051
SIM15L2  0.0139 -0.0035 -4.5676e-03 -0.0035 -4.5464e-03 -0.0030 -0.0029 -2.4044e-03 -3.6337e-03 -0.0036 -3.6188e-03   0.2112   0.0265 -4.3665e-03  -0.0044   1.0000  -0.0028  -0.0052  -0.0051   0.0188 -3.9779e-03  4.3540e-04   0.0988   0.0021  -0.0049  -0.0039   0.1159   0.0627  -0.0033  -0.0027  -0.0029   0.0084  -0.0044 -2.6682e-03  -0.0026  8.9897e-02 -1.5282e-04  -0.0026  -0.0046  2.8569e-03  2.2715e-03   0.0025  -0.0043  -0.0040  -0.0013  -0.0037  -0.0046 -4.0658e-03  2.2823e-02  -0.0014   0.0597
SIM16L2  0.0097 -0.0046  5.3808e-03  0.0038 -4.4763e-03 -0.0024 -0.0039  4.8834e-03 -4.1953e-04  0.0257 -3.7152e-03  -0.0033  -0.0043 -4.0451e-03  -0.0017  -0.0028   1.0000  -0.0048   0.0016  -0.0041 -4.1522e-04 -3.5995e-03  -0.0020  -0.0040  -0.0032   0.0141  -0.0039  -0.0038   0.0296   0.0019   0.0090   0.0023  -0.0040 -3.4479e-03  -0.0038 -3.1352e-03 -3.6314e-03  -0.0033  -0.0010 -3.7478e-03 -3.1368e-03  -0.0035  -0.0034  -0.0037  -0.0040  -0.0039  -0.0042  8.9366e-03 -4.8098e-03   0.0051  -0.0030
SIM17L2  0.0633 -0.0076  9.8319e-03  0.0079 -3.8790e-03 -0.0054 -0.0051 -2.6541e-03 -3.2211e-03  0.0563  1.3985e-03  -0.0056   0.0162  1.6507e-02  -0.0049  -0.0052  -0.0048   1.0000   0.0325  -0.0061 -5.9526e-03 -5.7953e-03  -0.0040  -0.0060   0.0567   0.0840  -0.0051  -0.0061   0.1037   0.0408  -0.0058   0.0383   0.0009 -5.8105e-03  -0.0063 -4.5735e-03 -5.7731e-03  -0.0001   0.0143 -6.1595e-03 -6.0899e-03   0.0154  -0.0065   0.0535  -0.0046   0.1044   0.0801  9.0743e-03  4.9728e-02  -0.0071   0.0008
SIM18L2  0.0341 -0.0072 -6.5324e-03 -0.0046 -7.2252e-03 -0.0055  0.0192 -6.9266e-03  3.1627e-02 -0.0021  5.5454e-02  -0.0053   0.0204  1.8869e-03  -0.0061  -0.0051   0.0016   0.0325   1.0000   0.0151  2.3972e-03 -5.2626e-03   0.1430   0.0570   0.0454  -0.0037  -0.0030   0.0050  -0.0056  -0.0039   0.0277  -0.0061  -0.0043 -5.8644e-03  -0.0049 -5.0668e-03 -3.7619e-03  -0.0055  -0.0020 -4.3633e-03  2.4306e-02  -0.0069  -0.0061   0.0018  -0.0063  -0.0065  -0.0067  1.5325e-02  1.7660e-01   0.0459  -0.0056
SIM19L2  0.0246 -0.0053 -5.5773e-03 -0.0040 -6.1560e-03 -0.0047 -0.0015 -4.4154e-03 -1.0396e-03 -0.0015 -5.1241e-03  -0.0045  -0.0011 -7.6465e-04  -0.0045   0.0188  -0.0041  -0.0061   0.0151   1.0000 -2.1842e-03  1.2041e-02   0.0541  -0.0052   0.0607   0.0269   0.0573   0.0937   0.0027  -0.0055   0.0151  -0.0041  -0.0045  1.7763e-02   0.0007 -4.4157e-03 -1.7197e-03  -0.0040  -0.0048  1.0101e-01 -4.1694e-03  -0.0033  -0.0050  -0.0050  -0.0047  -0.0020   0.0015 -4.5181e-03 -2.5706e-03  -0.0057  -0.0041
SIM20L2  0.0423 -0.0052 -5.1311e-03 -0.0042 -5.6866e-03 -0.0042 -0.0049 -5.4575e-03 -6.6449e-05 -0.0020 -3.2550e-03   0.0080  -0.0036  1.1810e-01   0.0007  -0.0040  -0.0004  -0.0060   0.0024  -0.0022  1.0000e+00 -4.5618e-03   0.0012   0.0005  -0.0061  -0.0035  -0.0047   0.0013  -0.0023   0.0418  -0.0042  -0.0049  -0.0049  1.0045e-02   0.0807 -3.9998e-03 -4.3383e-03   0.0196   0.1863  1.2598e-02 -4.1417e-03   0.0140  -0.0048  -0.0045  -0.0038  -0.0050   0.0604 -5.4812e-03 -5.6613e-03  -0.0035  -0.0022
SIM21L2  0.0555 -0.0055 -4.6877e-03  0.0079 -5.6469e-03  0.1974 -0.0048  6.0152e-03 -4.0086e-03 -0.0013 -4.5569e-03  -0.0041  -0.0054 -4.7199e-03  -0.0027   0.0004  -0.0036  -0.0058  -0.0053   0.0120 -4.5618e-03  1.0000e+00  -0.0046   0.0027   0.0515  -0.0049   0.0207  -0.0046  -0.0044  -0.0050  -0.0042  -0.0053  -0.0049 -5.6921e-03  -0.0042 -2.9654e-03 -4.4477e-03  -0.0042  -0.0040 -4.5903e-03  6.1428e-03   0.0012  -0.0048  -0.0045  -0.0030  -0.0039   0.0059 -5.4455e-03  6.1376e-05  -0.0040  -0.0021
SIM22L2  0.0618  0.0002 -4.7338e-03 -0.0042 -4.1029e-03 -0.0043 -0.0051  2.9237e-04 -4.2261e-03 -0.0046  9.4917e-03  -0.0044   0.0010 -3.9475e-03  -0.0052   0.0988  -0.0020  -0.0040   0.1430   0.0541  1.2274e-03 -4.6296e-03   1.0000   0.1907  -0.0064  -0.0052   0.3030   0.0069  -0.0047   0.0157  -0.0045   0.0942  -0.0049 -5.4302e-03  -0.0048 -4.1944e-03  5.3114e-03  -0.0045  -0.0049 -4.4320e-03 -4.5377e-03   0.0033  -0.0051  -0.0043  -0.0052  -0.0013  -0.0034 -5.4395e-03  2.3865e-03   0.1509  -0.0041
SIM23L2  0.0159 -0.0045 -5.0577e-03 -0.0026 -6.2032e-03 -0.0045  0.0303 -2.1511e-03 -4.4589e-03 -0.0041 -3.2718e-03  -0.0031   0.0111 -5.3370e-03  -0.0030   0.0021  -0.0040  -0.0060   0.0570  -0.0052  4.8823e-04  2.7096e-03   0.1907   1.0000  -0.0030  -0.0048   0.0134   0.0189  -0.0048   0.0002  -0.0047   0.0002   0.0077 -5.7535e-03  -0.0008 -4.0264e-03  2.7088e-03   0.0322  -0.0056 -3.4652e-03  8.0600e-04  -0.0046  -0.0053  -0.0002  -0.0040  -0.0057  -0.0058 -5.8733e-03 -6.2113e-03   0.2258   0.0192
SIM24L2  0.0229  0.0862 -6.0795e-03 -0.0053 -7.6986e-03 -0.0057 -0.0067 -1.6036e-03 -5.4335e-03 -0.0028  1.6493e-01  -0.0057  -0.0013  8.2951e-03  -0.0037  -0.0049  -0.0032   0.0567   0.0454   0.0607 -6.1461e-03  5.1525e-02  -0.0064  -0.0030   1.0000   0.1088  -0.0064   0.0514  -0.0003  -0.0076   0.0429  -0.0035   0.1820 -4.2265e-03   0.0138 -5.3516e-03 -6.1589e-03  -0.0058  -0.0013  5.5817e-02 -6.2934e-03  -0.0052  -0.0063  -0.0063  -0.0066   0.0412   0.0003 -7.2410e-03  6.8671e-02   0.0193  -0.0060
SIM25L2  0.0295  0.0598  3.1265e-02 -0.0028 -5.8986e-03 -0.0022  0.0079 -5.2206e-03 -2.6129e-04 -0.0049  1.7786e-02   0.0090   0.0465  1.0654e-03  -0.0055  -0.0039   0.0141   0.0840  -0.0037   0.0269 -3.4537e-03 -4.8825e-03  -0.0052  -0.0048   0.1088   1.0000  -0.0033  -0.0051  -0.0040  -0.0048  -0.0047   0.0046   0.1271  6.3939e-02   0.0541  1.5602e-04 -3.7256e-04  -0.0047  -0.0053 -3.6651e-03 -2.5838e-03  -0.0060  -0.0052  -0.0043  -0.0052  -0.0052  -0.0058  3.1227e-04 -5.3330e-03   0.0379  -0.0001
SIM26L2  0.0507 -0.0003 -5.0307e-03 -0.0035 -2.1294e-03 -0.0043 -0.0050 -2.9327e-03 -4.1653e-03 -0.0047  3.1371e-03  -0.0012   0.0110  9.7797e-03  -0.0052   0.1159  -0.0039  -0.0051  -0.0030   0.0573 -4.7050e-03  2.0699e-02   0.3030   0.0134  -0.0064  -0.0033   1.0000  -0.0036  -0.0046  -0.0029  -0.0045  -0.0051  -0.0050 -6.0301e-03  -0.0048 -4.2225e-03  1.3508e-02  -0.0029  -0.0046  2.0858e-02  7.4114e-03   0.0012   0.0079  -0.0050  -0.0037  -0.0016  -0.0055 -5.7659e-03 -6.2558e-03   0.0037  -0.0046
SIM27L2 -0.0090  0.0838 -5.3256e-03 -0.0030  7.6664e-02 -0.0044  0.0138  2.5824e-03 -2.3902e-03 -0.0037 -1.4554e-04  -0.0021  -0.0052 -4.9290e-03   0.0357   0.0627  -0.0038  -0.0061   0.0050   0.0937  1.2762e-03 -4.5529e-03   0.0069   0.0189   0.0514  -0.0051  -0.0036   1.0000   0.2044   0.0904  -0.0038   0.0066   0.0314 -4.1857e-03   0.0735  2.2472e-01 -4.6663e-03  -0.0028  -0.0054  9.1492e-02 -1.0160e-03  -0.0057  -0.0051   0.0217   0.0502  -0.0054   0.0091  5.9609e-02 -5.9697e-03  -0.0008  -0.0037
SIM28L2  0.0229 -0.0001 -5.0716e-03 -0.0035 -3.5533e-03 -0.0042 -0.0040 -3.9922e-03  2.0149e-02 -0.0039 -4.5517e-03  -0.0041  -0.0024 -4.9000e-03   0.0058  -0.0033   0.0296   0.1037  -0.0056   0.0027 -2.2597e-03 -4.3758e-03  -0.0047  -0.0048  -0.0003  -0.0040  -0.0046   0.2044   1.0000   0.0209  -0.0043  -0.0054  -0.0037 -2.9797e-03   0.0037  2.2124e-01 -4.3985e-03   0.0199   0.0017 -3.2420e-03  1.0750e-02  -0.0054  -0.0048  -0.0044  -0.0047   0.0251   0.0116 -5.6561e-03  1.9128e-02  -0.0048  -0.0021
SIM29L2  0.0161  0.0939 -4.2701e-04 -0.0052  3.7992e-03  0.0587 -0.0046  7.7865e-03 -3.8088e-03 -0.0044 -5.7224e-03  -0.0052   0.1003 -6.2159e-03  -0.0058  -0.0027   0.0019   0.0408  -0.0039  -0.0055  4.1789e-02 -4.9814e-03   0.0157   0.0002  -0.0076  -0.0048  -0.0029   0.0904   0.0209   1.0000  -0.0054   0.0306   0.0188  7.6504e-03   0.1064 -2.3196e-03  1.8168e-01  -0.0054   0.0101 -2.9810e-03  7.8560e-03   0.0385  -0.0013  -0.0032  -0.0058   0.0550  -0.0065 -3.7865e-03  3.9147e-03  -0.0057   0.0044
SIM30L2  0.0287 -0.0054 -4.9508e-03 -0.0038 -5.4739e-03 -0.0041 -0.0038 -5.3010e-03  9.7110e-02 -0.0016 -4.4197e-03  -0.0039  -0.0046 -4.7959e-03  -0.0049  -0.0029   0.0090  -0.0058   0.0277   0.0151 -4.2497e-03 -4.2406e-03  -0.0045  -0.0047   0.0429  -0.0047  -0.0045  -0.0038  -0.0043  -0.0054   1.0000  -0.0052  -0.0040 -5.5147e-03  -0.0045  1.0686e-02 -3.5005e-03  -0.0041   0.0111 -1.3398e-03 -3.9788e-03  -0.0051  -0.0045  -0.0010   0.0075  -0.0041  -0.0050  4.5030e-02 -3.8443e-03  -0.0051  -0.0042
SIM31L2  0.0402 -0.0069  3.8858e-03 -0.0050 -6.9298e-04 -0.0034  0.0262 -6.5592e-03 -4.7681e-03 -0.0053  1.5985e-02  -0.0051   0.0025 -6.0369e-03  -0.0019   0.0084   0.0023   0.0383  -0.0061  -0.0041 -4.8651e-03 -5.2940e-03   0.0942   0.0002  -0.0035   0.0046  -0.0051   0.0066  -0.0054   0.0306  -0.0052   1.0000   0.0022 -1.0054e-03  -0.0058  1.8421e-03  4.0159e-04   0.0029  -0.0024 -5.6029e-03 -4.2731e-03   0.0059  -0.0059  -0.0052  -0.0045  -0.0061  -0.0063 -2.1848e-04 -3.1471e-03   0.0063   0.0068
SIM32L2  0.0236 -0.0010 -5.6627e-03 -0.0041 -6.2742e-03 -0.0037  0.0493 -5.9912e-03 -4.2750e-03 -0.0035  3.6763e-03   0.0226   0.0211  8.0762e-03  -0.0051  -0.0044  -0.0040   0.0009  -0.0043  -0.0045 -4.8830e-03 -4.8985e-03  -0.0049   0.0077   0.1820   0.1271  -0.0050   0.0314  -0.0037   0.0188  -0.0040   0.0022   1.0000 -6.3210e-03  -0.0035 -2.8890e-03  4.5768e-02   0.0585  -0.0057 -4.8340e-03  2.8636e-02  -0.0060  -0.0054  -0.0012   0.0330  -0.0056  -0.0058  4.4298e-02 -4.3972e-03   0.0074  -0.0041
SIM33L2  0.0475  0.0622 -5.4226e-03  0.0063  1.4910e-02 -0.0053 -0.0057 -2.6774e-03 -8.8820e-04 -0.0043 -7.9075e-04  -0.0023  -0.0031  3.6662e-02   0.0222  -0.0027  -0.0034  -0.0058  -0.0059   0.0178  1.0045e-02 -5.6921e-03  -0.0054  -0.0058  -0.0042   0.0639  -0.0060  -0.0042  -0.0030   0.0077  -0.0055  -0.0010  -0.0063  1.0000e+00   0.0287  5.2001e-02 -2.8839e-05  -0.0040  -0.0065  2.0870e-03 -5.4735e-03   0.0592  -0.0062   0.0085  -0.0062  -0.0054  -0.0067 -5.4709e-03 -6.9601e-03   0.0365  -0.0056
SIM34L2  0.0021  0.1001  9.9722e-02 -0.0043 -4.5006e-03 -0.0045 -0.0040 -5.5787e-03 -1.3678e-03 -0.0035 -4.8921e-03   0.0048  -0.0050  2.4243e-01  -0.0051  -0.0026  -0.0038  -0.0063  -0.0049   0.0007  8.0702e-02 -4.1589e-03  -0.0048  -0.0008   0.0138   0.0541  -0.0048   0.0735   0.0037   0.1064  -0.0045  -0.0058  -0.0035  2.8745e-02   1.0000  4.0837e-02  2.7218e-02  -0.0038   0.2042  2.0460e-03 -4.7406e-03  -0.0058  -0.0051  -0.0048  -0.0053   0.0003   0.1695 -3.5007e-03 -6.2636e-03   0.0191   0.0089
SIM35L2  0.0027 -0.0045 -3.6533e-03  0.1167 -5.3740e-03 -0.0038 -0.0004 -4.9374e-03 -3.6124e-03 -0.0040 -3.9287e-03   0.0100  -0.0043  1.6503e-03  -0.0044   0.0899  -0.0031  -0.0046  -0.0051  -0.0044 -3.9998e-03 -2.9654e-03  -0.0042  -0.0040  -0.0054   0.0002  -0.0042   0.2247   0.2212  -0.0023   0.0107   0.0018  -0.0029  5.2001e-02   0.0408  1.0000e+00 -3.8652e-03  -0.0037   0.0065 -4.1366e-03 -4.0614e-03   0.0402  -0.0044  -0.0005  -0.0045  -0.0041   0.0119  4.0752e-06  2.7417e-02   0.0460   0.0623
SIM36L2  0.0195 -0.0030 -5.1822e-03 -0.0040  1.6740e-02 -0.0038  0.0026 -5.4894e-03 -4.3237e-04 -0.0024  4.8383e-02  -0.0038   0.1420 -9.8777e-04   0.0212  -0.0002  -0.0036  -0.0058  -0.0038  -0.0017 -4.3383e-03 -4.4477e-03   0.0053   0.0027  -0.0062  -0.0004   0.0135  -0.0047  -0.0044   0.1817  -0.0035   0.0004   0.0458 -2.8839e-05   0.0272 -3.8652e-03  1.0000e+00  -0.0043  -0.0045 -4.4492e-03  1.4072e-02  -0.0038  -0.0049  -0.0038  -0.0044   0.0218  -0.0052  1.7740e-02 -5.9400e-03  -0.0029   0.0163
SIM37L2  0.0218 -0.0047 -4.9490e-03  0.1878 -5.4834e-03 -0.0039 -0.0029 -2.9020e-03 -3.8926e-03 -0.0043 -1.9291e-03  -0.0040  -0.0042 -4.0138e-03  -0.0039  -0.0026  -0.0033  -0.0001  -0.0055  -0.0040  1.9609e-02 -4.2446e-03  -0.0045   0.0322  -0.0058  -0.0047  -0.0029  -0.0028   0.0199  -0.0054  -0.0041   0.0029   0.0585 -4.0138e-03  -0.0038 -3.7353e-03 -4.3189e-03   1.0000   0.0287 -3.4348e-03 -4.3297e-03  -0.0028  -0.0031  -0.0044  -0.0014  -0.0044  -0.0045  2.0658e-03 -5.6409e-03   0.1363  -0.0040
SIM38L2  0.0265  0.0043 -5.9747e-03 -0.0020 -2.4331e-03 -0.0015 -0.0055  6.4936e-02 -4.6293e-03 -0.0051 -3.5619e-03  -0.0046   0.0084  2.6465e-01  -0.0057  -0.0046  -0.0010   0.0143  -0.0020  -0.0048  1.8626e-01 -4.0160e-03  -0.0049  -0.0056  -0.0013  -0.0053  -0.0046  -0.0054   0.0017   0.0101   0.0111  -0.0024  -0.0057 -6.4776e-03   0.2042  6.4851e-03 -4.4973e-03   0.0287   1.0000 -5.3292e-03 -5.2042e-03  -0.0061  -0.0056   0.0009  -0.0058  -0.0048   0.1679  8.9070e-02  1.7282e-03  -0.0062  -0.0018
SIM39L2  0.0234  0.0009  8.5536e-05 -0.0041 -5.8796e-03 -0.0043  0.0035  5.2844e-03 -3.3843e-03  0.0009 -4.2895e-03  -0.0019  -0.0028 -4.2611e-03  -0.0032   0.0029  -0.0037  -0.0062  -0.0044   0.1010  1.2598e-02 -4.5903e-03  -0.0044  -0.0035   0.0558  -0.0037   0.0209   0.0915  -0.0032  -0.0030  -0.0013  -0.0056  -0.0048  2.0870e-03   0.0020 -4.1366e-03 -4.4492e-03  -0.0034  -0.0053  1.0000e+00 -2.9477e-03   0.0051  -0.0050  -0.0025  -0.0004  -0.0050  -0.0054 -5.6699e-03  2.3570e-03  -0.0042   0.0377
SIM40L2  0.0255 -0.0018 -4.8587e-03 -0.0010  6.6147e-03 -0.0039 -0.0035  1.9964e-05 -3.6090e-03  0.2794 -3.8278e-03  -0.0033   0.0107 -4.8248e-03   0.0127   0.0023  -0.0031  -0.0061   0.0243  -0.0042 -4.1417e-03  6.1428e-03  -0.0045   0.0008  -0.0063  -0.0026   0.0074  -0.0010   0.0108   0.0079  -0.0040  -0.0043   0.0286 -5.4735e-03  -0.0047 -4.0614e-03  1.4072e-02  -0.0043  -0.0052 -2.9477e-03  1.0000e+00   0.0029   0.0053  -0.0045  -0.0052  -0.0051  -0.0052 -5.5106e-03  9.1055e-03   0.0096  -0.0034
SIM41L2  0.0212  0.0888  3.4670e-03  0.0198  1.2088e-02 -0.0054 -0.0057  2.0382e-02 -4.9700e-03 -0.0053 -5.6212e-03  -0.0051   0.0009 -6.1001e-03  -0.0061   0.0025  -0.0035   0.0154  -0.0069  -0.0033  1.4045e-02  1.2024e-03   0.0033  -0.0046  -0.0052  -0.0060   0.0012  -0.0057  -0.0054   0.0385  -0.0051   0.0059  -0.0060  5.9181e-02  -0.0058  4.0191e-02 -3.7768e-03  -0.0028  -0.0061  5.1103e-03  2.9376e-03   1.0000   0.0513   0.0076  -0.0061  -0.0052  -0.0059 -6.7042e-03  1.2748e-01  -0.0059  -0.0034
SIM42L2  0.0191  0.1341 -4.6861e-03  0.0191 -6.1857e-03 -0.0046 -0.0053 -4.7577e-03 -2.5975e-03 -0.0049 -4.9965e-03   0.0117   0.1780 -5.4272e-03  -0.0033  -0.0043  -0.0034  -0.0065  -0.0061  -0.0050 -4.7674e-03 -4.8293e-03  -0.0051  -0.0053  -0.0063  -0.0052   0.0079  -0.0051  -0.0048  -0.0013  -0.0045  -0.0059  -0.0054 -6.2098e-03  -0.0051 -4.3967e-03 -4.8518e-03  -0.0031  -0.0056 -5.0284e-03  5.3118e-03   0.0513   1.0000  -0.0034   0.0465  -0.0027   0.0127 -5.9652e-03 -6.4532e-03  -0.0059   0.0006
SIM43L2 -0.0025  0.0022 -4.9218e-03 -0.0036 -5.8558e-03 -0.0027 -0.0021  3.8947e-02 -4.0395e-03 -0.0044 -4.6444e-03  -0.0030   0.0177 -5.0804e-03   0.0028  -0.0040  -0.0037   0.0535   0.0018  -0.0050 -4.5492e-03 -4.5187e-03  -0.0043  -0.0002  -0.0063  -0.0043  -0.0050   0.0217  -0.0044  -0.0032  -0.0010  -0.0052  -0.0012  8.4929e-03  -0.0048 -4.7813e-04 -3.8027e-03  -0.0044   0.0009 -2.4881e-03 -4.5030e-03   0.0076  -0.0034   1.0000   0.0390  -0.0052  -0.0053 -5.5651e-03 -4.6707e-03  -0.0005  -0.0040
SIM44L2  0.0273 -0.0032 -4.4629e-03 -0.0047  1.7449e-02 -0.0047  0.0014 -4.8364e-03 -3.6423e-03  0.0182  1.5771e-03  -0.0046  -0.0050 -2.9430e-03  -0.0058  -0.0013  -0.0040  -0.0046  -0.0063  -0.0047 -3.7786e-03 -3.0455e-03  -0.0052  -0.0040  -0.0066  -0.0052  -0.0037   0.0502  -0.0047  -0.0058   0.0075  -0.0045   0.0330 -6.1831e-03  -0.0053 -4.4658e-03 -4.4453e-03  -0.0014  -0.0058 -4.2793e-04 -5.1619e-03  -0.0061   0.0465   0.0390   1.0000  -0.0038   0.0143 -4.0533e-03 -6.6261e-03  -0.0052  -0.0050
SIM45L2  0.0532 -0.0045  9.2523e-04  0.0003 -6.5320e-03 -0.0034 -0.0056  4.4166e-04  1.9254e-02 -0.0050  9.1764e-03  -0.0045  -0.0052 -4.9922e-03  -0.0005  -0.0037  -0.0039   0.1044  -0.0065  -0.0020 -4.9656e-03 -3.8713e-03  -0.0013  -0.0057   0.0412  -0.0052  -0.0016  -0.0054   0.0251   0.0550  -0.0041  -0.0061  -0.0056 -5.3596e-03   0.0003 -4.1281e-03  2.1833e-02  -0.0044  -0.0048 -5.0444e-03 -5.0831e-03  -0.0052  -0.0027  -0.0052  -0.0038   1.0000   0.0003 -5.8355e-03  1.8307e-02  -0.0061   0.0195
SIM46L2  0.0339 -0.0067  1.0080e-04 -0.0044 -2.4428e-03 -0.0049  0.0023 -5.7480e-03 -4.7326e-03 -0.0034 -4.4397e-03  -0.0049  -0.0045  1.9815e-01  -0.0010  -0.0046  -0.0042   0.0801  -0.0067   0.0015  6.0388e-02  5.8531e-03  -0.0034  -0.0058   0.0003  -0.0058  -0.0055   0.0091   0.0116  -0.0065  -0.0050  -0.0063  -0.0058 -6.7068e-03   0.1695  1.1895e-02 -5.2434e-03  -0.0045   0.1679 -5.4115e-03 -5.2470e-03  -0.0059   0.0127  -0.0053   0.0143   0.0003   1.0000 -6.0146e-03  1.6222e-02  -0.0063  -0.0042
SIM47L2  0.0563 -0.0052 -6.2881e-03 -0.0047  1.3608e-01 -0.0052 -0.0010 -5.5813e-03 -6.9426e-04 -0.0042  5.1185e-02   0.0779   0.0059 -5.8661e-03  -0.0056  -0.0041   0.0089   0.0091   0.0153  -0.0045 -5.4812e-03 -5.4455e-03  -0.0054  -0.0059  -0.0072   0.0003  -0.0058   0.0596  -0.0057  -0.0038   0.0450  -0.0002   0.0443 -5.4709e-03  -0.0035  4.0752e-06  1.7740e-02   0.0021   0.0891 -5.6699e-03 -5.5106e-03  -0.0067  -0.0060  -0.0056  -0.0041  -0.0058  -0.0060  1.0000e+00 -6.0281e-03  -0.0025  -0.0049
SIM48L2  0.0215 -0.0072 -2.9269e-03 -0.0055 -7.5456e-03 -0.0039 -0.0061 -7.3450e-03  1.3708e-02 -0.0058  6.3357e-02  -0.0055  -0.0045 -5.5500e-03  -0.0062   0.0228  -0.0048   0.0497   0.1766  -0.0026 -5.6613e-03  6.1376e-05   0.0024  -0.0062   0.0687  -0.0053  -0.0063  -0.0060   0.0191   0.0039  -0.0038  -0.0031  -0.0044 -6.9601e-03  -0.0063  2.7417e-02 -5.9400e-03  -0.0056   0.0017  2.3570e-03  9.1055e-03   0.1275  -0.0065  -0.0047  -0.0066   0.0183   0.0162 -6.0281e-03  1.0000e+00  -0.0071  -0.0056
SIM49L2  0.0750 -0.0069 -5.4473e-03  0.2091 -6.5515e-03 -0.0036 -0.0056  2.0722e-03 -1.8522e-03 -0.0053 -5.3683e-03   0.0019   0.0389  4.4294e-04  -0.0013  -0.0014   0.0051  -0.0071   0.0459  -0.0057 -3.4700e-03 -4.0108e-03   0.1509   0.2258   0.0193   0.0379   0.0037  -0.0008  -0.0048  -0.0057  -0.0051   0.0063   0.0074  3.6512e-02   0.0191  4.6014e-02 -2.9138e-03   0.1363  -0.0062 -4.1721e-03  9.5935e-03  -0.0059  -0.0059  -0.0005  -0.0052  -0.0061  -0.0063 -2.5318e-03 -7.1354e-03   1.0000  -0.0052
SIM50L2  0.0146 -0.0022 -4.6682e-03 -0.0039 -5.1275e-03 -0.0034 -0.0045 -5.2020e-03  6.1616e-03 -0.0003  4.0941e-04  -0.0041   0.0031 -3.1234e-03   0.1051   0.0597  -0.0030   0.0008  -0.0056  -0.0041 -2.2109e-03 -2.1480e-03  -0.0041   0.0192  -0.0060  -0.0001  -0.0046  -0.0037  -0.0021   0.0044  -0.0042   0.0068  -0.0041 -5.5832e-03   0.0089  6.2257e-02  1.6277e-02  -0.0040  -0.0018  3.7732e-02 -3.3983e-03  -0.0034   0.0006  -0.0040  -0.0050   0.0195  -0.0042 -4.9199e-03 -5.5963e-03  -0.0052   1.0000

LD Score Matrix Condition Number
2.6796

Annotation Correlation Matrix
             SIM1        SIM2        SIM3        SIM4        SIM5        SIM6        SIM7        SIM8        SIM9       SIM10       SIM11       SIM12       SIM13       SIM14       SIM15       SIM16       SIM17       SIM18       SIM19       SIM20       SIM21       SIM22       SIM23       SIM24       SIM25       SIM26       SIM27       SIM28       SIM29       SIM30       SIM31       SIM32       SIM33       SIM34       SIM35       SIM36       SIM37       SIM38       SIM39       SIM40       SIM41       SIM42       SIM43       SIM44       SIM45       SIM46       SIM47       SIM48       SIM49       SIM50
SIM1   1.0000e+00 -5.4819e-05 -5.4819e-05 -5.5950e-05 -4.7475e-05 -5.9212e-05 -5.7058e-05 -5.0043e-05 -5.4819e-05 -5.5950e-05 -4.7475e-05 -6.2304e-05 -6.3301e-05 -6.0260e-05 -4.7475e-05 -4.4759e-05 -5.9212e-05 -5.7058e-05 -5.5950e-05 -4.7475e-05 -4.4759e-05 -5.0043e-05 -5.7058e-05 -6.4282e-05  4.3469e-02 -5.1279e-05 -5.7058e-05 -5.4819e-05 -5.8145e-05 -5.2485e-05 -6.6202e-05 -5.1279e-05 -5.5950e-05 -5.8145e-05 -5.0043e-05 -4.7475e-05 -4.7475e-05  4.3469e-02 -5.4819e-05 -5.8145e-05 -5.7058e-05 -5.0043e-05 -5.4819e-05 -5.7058e-05 -5.9212e-05 -5.0043e-05 -5.4819e-05 -5.8145e-05 -5.7058e-05 -5.4819e-05
SIM2  -5.4819e-05  1.0000e+00 -5.4819e-05 -5.5950e-05 -4.7475e-05 -5.9212e-05 -5.7058e-05 -5.0043e-05 -5.4819e-05 -5.5950e-05 -4.7475e-05  3.6602e-02 -6.3301e-05 -6.0260e-05 -4.7475e-05 -4.4759e-05 -5.9212e-05 -5.7058e-05 -5.5950e-05 -4.7475e-05 -4.4759e-05 -5.0043e-05 -5.7058e-05 -6.4282e-05 -5.2485e-05 -5.1279e-05 -5.7058e-05 -5.4819e-05 -5.8145e-05 -5.2485e-05 -6.6202e-05 -5.1279e-05 -5.5950e-05 -5.8145e-05 -5.0043e-05 -4.7475e-05 -4.7475e-05 -5.2485e-05 -5.4819e-05 -5.8145e-05 -5.7058e-05 -5.0043e-05 -5.4819e-05 -5.7058e-05 -5.9212e-05 -5.0043e-05 -5.4819e-05 -5.8145e-05 -5.7058e-05 -5.4819e-05
SIM3  -5.4819e-05 -5.4819e-05  1.0000e+00 -5.5950e-05 -4.7475e-05 -5.9212e-05 -5.7058e-05 -5.0043e-05 -5.4819e-05 -5.5950e-05 -4.7475e-05 -6.2304e-05 -6.3301e-05 -6.0260e-05 -4.7475e-05 -4.4759e-05 -5.9212e-05 -5.7058e-05 -5.5950e-05 -4.7475e-05 -4.4759e-05 -5.0043e-05  3.9977e-02 -6.4282e-05 -5.2485e-05 -5.1279e-05 -5.7058e-05 -5.4819e-05 -5.8145e-05 -5.2485e-05 -6.6202e-05 -5.1279e-05 -5.5950e-05 -5.8145e-05 -5.0043e-05 -4.7475e-05 -4.7475e-05 -5.2485e-05 -5.4819e-05 -5.8145e-05 -5.7058e-05 -5.0043e-05 -5.4819e-05 -5.7058e-05 -5.9212e-05 -5.0043e-05 -5.4819e-05 -5.8145e-05  3.9977e-02 -5.4819e-05
SIM4  -5.5950e-05 -5.5950e-05 -5.5950e-05  1.0000e+00 -4.8454e-05 -6.0433e-05 -5.8235e-05 -5.1075e-05 -5.5950e-05 -5.7104e-05 -4.8454e-05 -6.3588e-05 -6.4606e-05 -6.1503e-05 -4.8454e-05 -4.5682e-05 -6.0433e-05 -5.8235e-05 -5.7104e-05 -4.8454e-05 -4.5682e-05 -5.1075e-05 -5.8235e-05 -6.5608e-05 -5.3568e-05 -5.2336e-05 -5.8235e-05 -5.5950e-05 -5.9344e-05 -5.3568e-05 -6.7567e-05 -5.2336e-05 -5.7104e-05 -5.9344e-05 -5.1075e-05 -4.8454e-05 -4.8454e-05 -5.3568e-05 -5.5950e-05 -5.9344e-05 -5.8235e-05 -5.1075e-05 -5.5950e-05 -5.8235e-05 -6.0433e-05 -5.1075e-05 -5.5950e-05 -5.9344e-05 -5.8235e-05 -5.5950e-05
SIM5  -4.7475e-05 -4.7475e-05 -4.7475e-05 -4.8454e-05  1.0000e+00 -5.1279e-05 -4.9413e-05 -4.3338e-05 -4.7475e-05 -4.8454e-05 -4.1114e-05 -5.3956e-05 -5.4820e-05 -5.2186e-05 -4.1114e-05 -3.8763e-05 -5.1279e-05 -4.9413e-05 -4.8454e-05 -4.1114e-05 -3.8763e-05 -4.3338e-05 -4.9413e-05 -5.5670e-05 -4.5453e-05 -4.4408e-05 -4.9413e-05 -4.7475e-05 -5.0355e-05 -4.5453e-05 -5.7332e-05 -4.4408e-05 -4.8454e-05 -5.0355e-05 -4.3338e-05 -4.1114e-05 -4.1114e-05 -4.5453e-05 -4.7475e-05 -5.0355e-05 -4.9413e-05 -4.3338e-05 -4.7475e-05 -4.9413e-05 -5.1279e-05 -4.3338e-05 -4.7475e-05 -5.0355e-05 -4.9413e-05 -4.7475e-05
SIM6  -5.9212e-05 -5.9212e-05 -5.9212e-05 -6.0433e-05 -5.1279e-05  1.0000e+00 -6.1630e-05 -5.4053e-05 -5.9212e-05 -6.0433e-05 -5.1279e-05 -6.7296e-05 -6.8373e-05 -6.5089e-05 -5.1279e-05 -4.8346e-05 -6.3957e-05 -6.1630e-05 -6.0433e-05 -5.1279e-05 -4.8346e-05 -5.4053e-05 -6.1630e-05 -6.9433e-05 -5.6691e-05 -5.5388e-05 -6.1630e-05 -5.9212e-05 -6.2804e-05 -5.6691e-05  3.1875e-02 -5.5388e-05 -6.0433e-05 -6.2804e-05 -5.4053e-05 -5.1279e-05 -5.1279e-05 -5.6691e-05 -5.9212e-05 -6.2804e-05 -6.1630e-05 -5.4053e-05 -5.9212e-05 -6.1630e-05 -6.3957e-05 -5.4053e-05  3.8519e-02 -6.2804e-05 -6.1630e-05 -5.9212e-05
SIM7  -5.7058e-05 -5.7058e-05 -5.7058e-05 -5.8235e-05 -4.9413e-05 -6.1630e-05  1.0000e+00 -5.2086e-05 -5.7058e-05 -5.8235e-05 -4.9413e-05 -6.4848e-05 -6.5886e-05 -6.2721e-05 -4.9413e-05 -4.6587e-05 -6.1630e-05 -5.9388e-05 -5.8235e-05 -4.9413e-05 -4.6587e-05 -5.2086e-05 -5.9388e-05 -6.6907e-05 -5.4629e-05 -5.3373e-05 -5.9388e-05 -5.7058e-05 -6.0519e-05 -5.4629e-05 -6.8905e-05 -5.3373e-05 -5.8235e-05 -6.0519e-05 -5.2086e-05 -4.9413e-05 -4.9413e-05 -5.4629e-05 -5.7058e-05 -6.0519e-05 -5.9388e-05 -5.2086e-05 -5.7058e-05 -5.9388e-05 -6.1630e-05 -5.2086e-05 -5.7058e-05 -6.0519e-05 -5.9388e-05 -5.7058e-05
SIM8  -5.0043e-05 -5.0043e-05 -5.0043e-05 -5.1075e-05 -4.3338e-05 -5.4053e-05 -5.2086e-05  1.0000e+00 -5.0043e-05 -5.1075e-05 -4.3338e-05 -5.6875e-05  3.9473e-02 -5.5010e-05 -4.3338e-05 -4.0859e-05 -5.4053e-05 -5.2086e-05 -5.1075e-05 -4.3338e-05 -4.0859e-05 -4.5682e-05 -5.2086e-05 -5.8681e-05 -4.7912e-05 -4.6811e-05 -5.2086e-05 -5.0043e-05 -5.3079e-05 -4.7912e-05 -6.0433e-05 -4.6811e-05 -5.1075e-05 -5.3079e-05 -4.5682e-05 -4.3338e-05 -4.3338e-05 -4.7912e-05 -5.0043e-05 -5.3079e-05 -5.2086e-05 -4.5682e-05 -5.0043e-05 -5.2086e-05 -5.4053e-05 -4.5682e-05 -5.0043e-05 -5.3079e-05 -5.2086e-05 -5.0043e-05
SIM9  -5.4819e-05 -5.4819e-05 -5.4819e-05 -5.5950e-05 -4.7475e-05 -5.9212e-05 -5.7058e-05 -5.0043e-05  1.0000e+00 -5.5950e-05 -4.7475e-05 -6.2304e-05 -6.3301e-05 -6.0260e-05 -4.7475e-05 -4.4759e-05  3.8519e-02 -5.7058e-05 -5.5950e-05 -4.7475e-05 -4.4759e-05 -5.0043e-05 -5.7058e-05 -6.4282e-05 -5.2485e-05 -5.1279e-05 -5.7058e-05 -5.4819e-05 -5.8145e-05 -5.2485e-05 -6.6202e-05 -5.1279e-05 -5.5950e-05 -5.8145e-05 -5.0043e-05 -4.7475e-05 -4.7475e-05 -5.2485e-05 -5.4819e-05 -5.8145e-05 -5.7058e-05 -5.0043e-05 -5.4819e-05 -5.7058e-05 -5.9212e-05 -5.0043e-05 -5.4819e-05 -5.8145e-05 -5.7058e-05 -5.4819e-05
SIM10 -5.5950e-05 -5.5950e-05 -5.5950e-05 -5.7104e-05 -4.8454e-05 -6.0433e-05 -5.8235e-05 -5.1075e-05 -5.5950e-05  1.0000e+00 -4.8454e-05 -6.3588e-05 -6.4606e-05 -6.1503e-05 -4.8454e-05 -4.5682e-05 -6.0433e-05 -5.8235e-05 -5.7104e-05 -4.8454e-05 -4.5682e-05 -5.1075e-05 -5.8235e-05 -6.5608e-05 -5.3568e-05 -5.2336e-05 -5.8235e-05 -5.5950e-05 -5.9344e-05 -5.3568e-05 -6.7567e-05 -5.2336e-05  3.9945e-02 -5.9344e-05 -5.1075e-05 -4.8454e-05 -4.8454e-05 -5.3568e-05 -5.5950e-05 -5.9344e-05 -5.8235e-05 -5.1075e-05 -5.5950e-05 -5.8235e-05 -6.0433e-05 -5.1075e-05 -5.5950e-05 -5.9344e-05 -5.8235e-05 -5.5950e-05
SIM11 -4.7475e-05 -4.7475e-05 -4.7475e-05 -4.8454e-05 -4.1114e-05 -5.1279e-05 -4.9413e-05 -4.3338e-05 -4.7475e-05 -4.8454e-05  1.0000e+00 -5.3956e-05 -5.4820e-05 -5.2186e-05  5.5517e-02 -3.8763e-05 -5.1279e-05 -4.9413e-05 -4.8454e-05 -4.1114e-05 -3.8763e-05 -4.3338e-05 -4.9413e-05 -5.5670e-05 -4.5453e-05 -4.4408e-05 -4.9413e-05 -4.7475e-05 -5.0355e-05 -4.5453e-05 -5.7332e-05 -4.4408e-05 -4.8454e-05 -5.0355e-05 -4.3338e-05 -4.1114e-05 -4.1114e-05 -4.5453e-05 -4.7475e-05 -5.0355e-05 -4.9413e-05  5.2664e-02 -4.7475e-05 -4.9413e-05 -5.1279e-05 -4.3338e-05  4.8067e-02 -5.0355e-05 -4.9413e-05 -4.7475e-05
SIM12 -6.2304e-05  3.6602e-02 -6.2304e-05 -6.3588e-05 -5.3956e-05 -6.7296e-05 -6.4848e-05 -5.6875e-05 -6.2304e-05 -6.3588e-05 -5.3956e-05  1.0000e+00 -7.1943e-05 -6.8487e-05 -5.3956e-05 -5.0870e-05 -6.7296e-05 -6.4848e-05 -6.3588e-05 -5.3956e-05 -5.0870e-05 -5.6875e-05 -6.4848e-05 -7.3058e-05 -5.9651e-05 -5.8279e-05 -6.4848e-05 -6.2304e-05  3.4501e-02 -5.9651e-05 -7.5240e-05 -5.8279e-05 -6.3588e-05 -6.6083e-05 -5.6875e-05 -5.3956e-05 -5.3956e-05 -5.9651e-05 -6.2304e-05 -6.6083e-05 -6.4848e-05 -5.6875e-05 -6.2304e-05 -6.4848e-05 -6.7296e-05 -5.6875e-05 -6.2304e-05 -6.6083e-05 -6.4848e-05 -6.2304e-05
