*********************************************************************
* LD Score Regression (LDSC)
* Version 1.0.1
* (C) 2014-2019 Brendan Bulik-Sullivan and Hilary Finucane
* Broad Institute of MIT and Harvard / MIT Department of Mathematics
* GNU General Public License v3
*********************************************************************
Call: 
./ldsc.py \
--out /data/sbcs/GuoLab/backup/liq17/CRC_TF_TWAS_zhishan2024/NC_revision_OceanCode/v2_NC_revision//84Tracks//ldscores_sim5000//10 \
--bfile /data/sbcs/GuoLab/backup/liq17/ref/Alkesgroup/1000G_EUR_Phase3_plink_hg38/1000G.EUR.QC.10 \
--annot /data/sbcs/GuoLab/backup/liq17/CRC_TF_TWAS_zhishan2024/NC_revision_OceanCode/v2_NC_revision//84Tracks//annots_sim5000//10.annot.txt \
--l2  \
--ld-wind-kb 100.0 

Beginning analysis at Sun Oct 26 23:34:07 2025
Read list of 510396 SNPs from /data/sbcs/GuoLab/backup/liq17/ref/Alkesgroup/1000G_EUR_Phase3_plink_hg38/1000G.EUR.QC.10.bim
Read 50 annotations for 510396 SNPs from /data/sbcs/GuoLab/backup/liq17/CRC_TF_TWAS_zhishan2024/NC_revision_OceanCode/v2_NC_revision//84Tracks//annots_sim5000//10.annot.txt
Read list of 489 individuals from /data/sbcs/GuoLab/backup/liq17/ref/Alkesgroup/1000G_EUR_Phase3_plink_hg38/1000G.EUR.QC.10.fam
Reading genotypes from /data/sbcs/GuoLab/backup/liq17/ref/Alkesgroup/1000G_EUR_Phase3_plink_hg38/1000G.EUR.QC.10.bed
Estimating LD Score.
Writing LD Scores for 510396 SNPs to /data/sbcs/GuoLab/backup/liq17/CRC_TF_TWAS_zhishan2024/NC_revision_OceanCode/v2_NC_revision//84Tracks//ldscores_sim5000//10.l2.ldscore.gz

Summary of LD Scores in /data/sbcs/GuoLab/backup/liq17/CRC_TF_TWAS_zhishan2024/NC_revision_OceanCode/v2_NC_revision//84Tracks//ldscores_sim5000//10.l2.ldscore.gz
         MAF  SIM1L2  SIM2L2  SIM3L2  SIM4L2  SIM5L2  SIM6L2  SIM7L2  SIM8L2  SIM9L2  SIM10L2  SIM11L2  SIM12L2  SIM13L2  SIM14L2  SIM15L2  SIM16L2  SIM17L2  SIM18L2  SIM19L2  SIM20L2  SIM21L2  SIM22L2  SIM23L2  SIM24L2  SIM25L2  SIM26L2  SIM27L2  SIM28L2  SIM29L2  SIM30L2  SIM31L2     SIM32L2  SIM33L2  SIM34L2  SIM35L2  SIM36L2  SIM37L2  SIM38L2  SIM39L2  SIM40L2  SIM41L2  SIM42L2  SIM43L2  SIM44L2  SIM45L2  SIM46L2  SIM47L2  SIM48L2  SIM49L2  SIM50L2
mean  0.1474  0.0348  0.0320  0.0303  0.0363  0.0315  0.0332  0.0326  0.0310  0.0274   0.0276   0.0305   0.0298   0.0366   0.0319   0.0332   0.0343   0.0301   0.0307   0.0270   0.0305   0.0351   0.0318   0.0297   0.0295   0.0340   0.0386   0.0351   0.0369   0.0336   0.0355   0.0350  3.3133e-02   0.0342   0.0316   0.0339   0.0334   0.0357   0.0349   0.0320   0.0346   0.0321   0.0420   0.0344   0.0346   0.0332   0.0353   0.0335   0.0342   0.0324   0.0339
std   0.1486  0.1519  0.1409  0.1337  0.1474  0.1314  0.1440  0.1386  0.1342  0.1289   0.1277   0.1347   0.1326   0.1488   0.1382   0.1471   0.1503   0.1329   0.1370   0.1236   0.1354   0.1542   0.1379   0.1365   0.1371   0.1446   0.1548   0.1449   0.1560   0.1486   0.1494   0.1433  1.4146e-01   0.1515   0.1433   0.1504   0.1372   0.1597   0.1490   0.1418   0.1478   0.1400   0.1658   0.1463   0.1424   0.1460   0.1518   0.1385   0.1479   0.1530   0.1415
min   0.0051 -0.0081 -0.0081 -0.0073 -0.0076 -0.0074 -0.0076 -0.0084 -0.0078 -0.0120  -0.0081  -0.0073  -0.0080  -0.0078  -0.0085  -0.0101  -0.0088  -0.0084  -0.0070  -0.0062  -0.0092  -0.0074  -0.0061  -0.0091  -0.0081  -0.0097  -0.0078  -0.0083  -0.0076  -0.0113  -0.0091  -0.0090 -8.9706e-03  -0.0069  -0.0076  -0.0074  -0.0076  -0.0077  -0.0086  -0.0086  -0.0095  -0.0094  -0.0073  -0.0079  -0.0083  -0.0089  -0.0076  -0.0078  -0.0075  -0.0083  -0.0085
25%   0.0194  0.0000  0.0000  0.0000  0.0000  0.0000  0.0000  0.0000  0.0000  0.0000   0.0000   0.0000   0.0000   0.0000   0.0000   0.0000   0.0000   0.0000   0.0000   0.0000   0.0000   0.0000   0.0000   0.0000   0.0000   0.0000   0.0000   0.0000   0.0000   0.0000   0.0000   0.0000  0.0000e+00   0.0000   0.0000   0.0000   0.0000   0.0000   0.0000   0.0000   0.0000   0.0000   0.0000   0.0000   0.0000   0.0000   0.0000   0.0000   0.0000   0.0000   0.0000
50%   0.0869  0.0000  0.0000  0.0000  0.0000  0.0000  0.0000  0.0000  0.0000  0.0000   0.0000   0.0000   0.0000   0.0000   0.0000   0.0000   0.0000   0.0000   0.0000   0.0000   0.0000   0.0000   0.0000   0.0000   0.0000   0.0000   0.0000   0.0000   0.0000   0.0000   0.0000   0.0000  0.0000e+00   0.0000   0.0000   0.0000   0.0000   0.0000   0.0000   0.0000   0.0000   0.0000   0.0000   0.0000   0.0000   0.0000   0.0000   0.0000   0.0000   0.0000   0.0000
75%   0.2505  0.0004  0.0000  0.0000  0.0009  0.0000  0.0003  0.0001  0.0000  0.0000   0.0000   0.0004   0.0000   0.0008   0.0000   0.0000   0.0000   0.0000   0.0000   0.0000   0.0000   0.0005   0.0000   0.0000   0.0000   0.0006   0.0005   0.0007   0.0012   0.0000   0.0003   0.0011  9.6593e-05   0.0000   0.0000   0.0000   0.0011   0.0002   0.0007   0.0000   0.0005   0.0000   0.0012   0.0000   0.0006   0.0000   0.0001   0.0008   0.0003   0.0000   0.0008
max   0.5000  2.0790  1.8485  1.7099  2.0000  1.5818  1.9779  2.1365  1.4235  1.9550   2.0000   2.0248   1.8697   2.0463   1.6668   1.9953   2.1255   1.6311   1.9828   1.9945   2.0000   2.0698   2.0000   1.9912   1.9996   1.9966   1.9874   2.0000   2.0008   2.0008   2.0141   2.1137  1.9917e+00   2.0396   2.1878   2.5781   2.0000   3.0343   2.0000   1.9909   2.0009   2.0160   2.0000   2.0000   2.0000   2.0082   2.0840   2.0121   2.2323   2.3404   2.1542

MAF/LD Score Correlation Matrix
            MAF  SIM1L2  SIM2L2  SIM3L2  SIM4L2  SIM5L2  SIM6L2  SIM7L2  SIM8L2  SIM9L2  SIM10L2  SIM11L2  SIM12L2  SIM13L2  SIM14L2  SIM15L2  SIM16L2  SIM17L2  SIM18L2  SIM19L2  SIM20L2  SIM21L2  SIM22L2  SIM23L2  SIM24L2  SIM25L2  SIM26L2  SIM27L2  SIM28L2  SIM29L2  SIM30L2  SIM31L2  SIM32L2  SIM33L2  SIM34L2  SIM35L2  SIM36L2  SIM37L2  SIM38L2  SIM39L2  SIM40L2  SIM41L2  SIM42L2  SIM43L2  SIM44L2  SIM45L2  SIM46L2  SIM47L2  SIM48L2  SIM49L2  SIM50L2
MAF      1.0000  0.1227  0.0446  0.0885  0.0962  0.1252  0.0873  0.1084  0.0957  0.0672   0.0895   0.0895   0.0827   0.1218   0.1052   0.0833   0.0882   0.0963   0.0805   0.1242   0.0930   0.0545   0.0861   0.0908   0.0765   0.0766   0.1166   0.1032   0.1033   0.1030   0.0955   0.0940   0.0781   0.0747   0.0857   0.0758   0.0983   0.0817   0.0799   0.0823   0.0909   0.0769   0.0961   0.0893   0.1142   0.0860   0.1002   0.0988   0.0793   0.1081   0.0982
SIM1L2   0.1227  1.0000  0.0815  0.0857  0.0124  0.0884  0.1325  0.0467  0.0170  0.0835   0.0610   0.0502   0.1018   0.1481   0.0177   0.0187   0.0623   0.0389   0.0515   0.0693   0.0253   0.0498   0.1003   0.0305   0.0176   0.0286   0.1075   0.1095   0.0974   0.0594   0.0650   0.0252   0.0569   0.0822   0.0845   0.0380   0.0721   0.0554   0.0938   0.0479   0.0443   0.0441   0.1410   0.1060   0.0647   0.0482   0.0267   0.0051   0.0668   0.1327   0.0558
SIM2L2   0.0446  0.0815  1.0000  0.0515  0.0520  0.0905  0.0915  0.1047  0.0400  0.0970   0.0431   0.0710   0.1000   0.0647   0.0642   0.0135   0.0588   0.1051   0.0604   0.0837   0.1005   0.0952   0.1116   0.0115   0.0791   0.1252   0.0413   0.0727   0.0456   0.0622   0.1049   0.1242   0.0203   0.0633   0.0406   0.1391   0.0471   0.0932   0.1217   0.1004   0.0522   0.0576   0.1036   0.0267   0.1126   0.0646   0.0925   0.0297   0.0715   0.0546   0.0762
SIM3L2   0.0885  0.0857  0.0515  1.0000  0.0783  0.0544  0.0909  0.0356  0.0316  0.0541   0.0638   0.1096   0.0985   0.0709   0.0840   0.0517   0.0689   0.0331   0.0145   0.1194   0.0709   0.0762   0.0569   0.0658   0.0608   0.0607   0.0977   0.0830   0.0736   0.1162   0.1072   0.0882   0.0677   0.0849   0.0788   0.1374   0.0758   0.0782   0.0475   0.0464   0.1041   0.0490   0.0674   0.0621   0.0573   0.1177   0.0505   0.0948   0.0688   0.0619   0.0551
SIM4L2   0.0962  0.0124  0.0520  0.0783  1.0000  0.0313  0.0497  0.0514  0.0725  0.0600   0.0229   0.0091   0.0904   0.0253   0.0501   0.0571   0.0502   0.0639   0.0596   0.0288   0.0564   0.0813   0.0929   0.0653   0.0619   0.0644   0.0753   0.0495   0.0534   0.1054   0.1085   0.0874   0.0453   0.0364   0.1084   0.1112   0.0344   0.0515   0.1254   0.0227   0.0622   0.0450   0.0920   0.0322   0.0772   0.0248   0.0539   0.0941   0.0739   0.1194   0.0581
SIM5L2   0.1252  0.0884  0.0905  0.0544  0.0313  1.0000  0.0576  0.0796  0.0406  0.0734   0.0445   0.0759   0.1178   0.0867   0.0821   0.0479   0.0511   0.0939   0.0270   0.0723   0.1076   0.0712   0.0364   0.0341   0.0582   0.1035   0.1167   0.0660   0.1016   0.0799   0.0778   0.0569   0.0921   0.0805   0.0586   0.0422   0.0638   0.0706   0.0676   0.0957   0.0730   0.0672   0.1316   0.0306   0.0832   0.0902   0.1059   0.0675   0.0430   0.0464   0.0842
SIM6L2   0.0873  0.1325  0.0915  0.0909  0.0497  0.0576  1.0000  0.0313  0.0799  0.0583   0.0976   0.0978   0.0215   0.0510   0.0489   0.0335   0.1269   0.0546   0.0681   0.0921   0.0499   0.0224   0.0505   0.0387   0.0417   0.0393   0.0698   0.1086   0.0636   0.1018   0.0455   0.0478   0.0635   0.0869   0.0886   0.1034   0.0582   0.0943   0.0710   0.0910   0.0988   0.0334   0.1570   0.1001   0.0741   0.1082   0.1130   0.0434   0.0560   0.0699   0.1084
SIM7L2   0.1084  0.0467  0.1047  0.0356  0.0514  0.0796  0.0313  1.0000  0.0696  0.0438   0.0476   0.0588   0.0373   0.0776   0.0772   0.0706   0.0354   0.1222   0.0490   0.0779   0.0737   0.0129   0.0696   0.0664   0.1099   0.0789   0.0751   0.0666   0.0867   0.0970   0.0761   0.0400   0.0499   0.0442   0.0619   0.1097   0.0805   0.0533   0.0868   0.0993   0.0779   0.0409   0.0839   0.0542   0.0984   0.0686   0.1132   0.0322   0.1165   0.0325   0.1158
SIM8L2   0.0957  0.0170  0.0400  0.0316  0.0725  0.0406  0.0799  0.0696  1.0000  0.0918   0.0264   0.0683   0.0125   0.1028   0.1262   0.0744   0.0948   0.0539   0.0974   0.0516   0.0919   0.0623   0.0834   0.0360   0.0747   0.0639   0.0557   0.0277   0.0437   0.0646   0.0655   0.0216   0.1041   0.0763   0.0574   0.0602   0.0452   0.0459   0.0683   0.0611   0.0543   0.0116   0.0735   0.0735   0.0669   0.0231   0.0963   0.0298   0.0480   0.0699   0.1022
SIM9L2   0.0672  0.0835  0.0970  0.0541  0.0600  0.0734  0.0583  0.0438  0.0918  1.0000   0.0280   0.0687   0.0847   0.0672   0.0697   0.0218   0.0378   0.0329   0.0526   0.0236   0.0524   0.0790   0.0997   0.0225   0.0455   0.1097   0.0645   0.1241   0.0449   0.0329   0.1060   0.0984   0.0669   0.0685   0.0529   0.0963   0.0647   0.0938   0.0889   0.0447   0.0049   0.0869   0.0922   0.0362   0.0996   0.0317   0.0980   0.0684   0.0576  -0.0063   0.0616
SIM10L2  0.0895  0.0610  0.0431  0.0638  0.0229  0.0445  0.0976  0.0476  0.0264  0.0280   1.0000   0.0880   0.1003   0.0782   0.0318   0.0145   0.0599   0.0304   0.0421   0.0914   0.0661   0.0948   0.0291   0.0554   0.0585   0.0119   0.0897   0.0210   0.0366   0.1008   0.0347   0.0652   0.0526   0.0569   0.0924   0.0584   0.0819   0.0544   0.0639   0.1366   0.0989   0.0245   0.0768   0.0806   0.0476   0.0892   0.0497   0.0857   0.0661   0.0894   0.0739
SIM11L2  0.0895  0.0502  0.0710  0.1096  0.0091  0.0759  0.0978  0.0588  0.0683  0.0687   0.0880   1.0000   0.0512   0.0530   0.0536   0.0613   0.0306   0.0836   0.0387   0.0182   0.0843   0.0842   0.0410   0.0174   0.0716   0.0468   0.0937   0.0734   0.0625   0.0826   0.0329   0.0917   0.0739   0.0659   0.0776   0.0449   0.0212   0.0902   0.0347   0.0824   0.0740   0.0325   0.0872   0.0412   0.0466   0.0864   0.0662   0.0595   0.0825   0.0630   0.0853
SIM12L2  0.0827  0.1018  0.1000  0.0985  0.0904  0.1178  0.0215  0.0373  0.0125  0.0847   0.1003   0.0512   1.0000   0.0398   0.0964   0.0454   0.0246   0.0435   0.0358   0.0571   0.1190   0.0816   0.0785   0.1291   0.0299   0.0462   0.1156   0.0517   0.0463   0.0125   0.0894   0.1221   0.0907   0.1104   0.0808   0.1695   0.0820   0.0521   0.1010   0.0615   0.0337   0.0465   0.0677   0.0672   0.0942   0.1010   0.1048   0.0669   0.0792   0.0797   0.0636
SIM13L2  0.1218  0.1481  0.0647  0.0709  0.0253  0.0867  0.0510  0.0776  0.1028  0.0672   0.0782   0.0530   0.0398   1.0000   0.0733   0.0426   0.0604   0.1189   0.1100   0.0334   0.0994   0.0538   0.0413   0.0668   0.0696   0.0855   0.0979   0.0621   0.1151   0.0573   0.0721   0.0849   0.0905   0.0679   0.0577   0.0316   0.1230   0.0709   0.0942   0.0821   0.0755   0.0764   0.1677   0.0504   0.0747   0.0301   0.0918   0.0569   0.0534   0.1688   0.0363
SIM14L2  0.1052  0.0177  0.0642  0.0840  0.0501  0.0821  0.0489  0.0772  0.1262  0.0697   0.0318   0.0536   0.0964   0.0733   1.0000   0.0576   0.0041   0.0528   0.0551   0.1177   0.0653   0.0524   0.0464   0.0404   0.0175   0.0153   0.1278   0.0180   0.0595   0.0229   0.0860   0.1093   0.0214   0.0372   0.0888   0.0672   0.0496   0.0974   0.0686   0.0854   0.0683   0.0036   0.0364   0.0549   0.0677   0.0171   0.0673   0.0520   0.1081   0.0472   0.0272
SIM15L2  0.0833  0.0187  0.0135  0.0517  0.0571  0.0479  0.0335  0.0706  0.0744  0.0218   0.0145   0.0613   0.0454   0.0426   0.0576   1.0000   0.0389   0.0023   0.0484   0.0316   0.0386   0.0771   0.0337   0.0495   0.0576   0.0360   0.0779   0.0832   0.0209   0.0503   0.0573   0.0233   0.0888   0.1013   0.0561   0.1028   0.0811   0.0491   0.0617   0.0271   0.0575   0.0361   0.0863   0.0963   0.0960   0.0996   0.0479   0.0806   0.0295   0.1016   0.0632
SIM16L2  0.0882  0.0623  0.0588  0.0689  0.0502  0.0511  0.1269  0.0354  0.0948  0.0378   0.0599   0.0306   0.0246   0.0604   0.0041   0.0389   1.0000   0.0708   0.0741   0.0865   0.1395   0.0635   0.0292   0.0546   0.0464   0.0866   0.0807   0.0621   0.0870   0.1015   0.0671   0.0459   0.0712   0.1057   0.0322   0.0723   0.0869   0.0268   0.0580   0.0666   0.0433   0.0665   0.1176   0.1544   0.0532   0.0977   0.0899   0.0918   0.0733   0.0732   0.0676
SIM17L2  0.0963  0.0389  0.1051  0.0331  0.0639  0.0939  0.0546  0.1222  0.0539  0.0329   0.0304   0.0836   0.0435   0.1189   0.0528   0.0023   0.0708   1.0000   0.0559   0.0396   0.1124   0.1126   0.0361   0.0390   0.0291   0.1014   0.0415   0.0444   0.0432   0.0311   0.0643   0.1065   0.0334   0.0569   0.0428   0.0968   0.0514   0.0623   0.0543   0.0618   0.0785   0.1088   0.1380   0.0281   0.0402   0.0534   0.0861   0.0486   0.1054   0.0573   0.0855
SIM18L2  0.0805  0.0515  0.0604  0.0145  0.0596  0.0270  0.0681  0.0490  0.0974  0.0526   0.0421   0.0387   0.0358   0.1100   0.0551   0.0484   0.0741   0.0559   1.0000   0.0118   0.0637   0.0716   0.0805   0.0969   0.0365   0.0399   0.0156   0.0869   0.0323   0.0531   0.1154   0.0766   0.1421   0.0844   0.0330   0.0436   0.0536   0.0617   0.0648   0.0939   0.0380   0.0733   0.1388   0.0879   0.0605   0.0519   0.0750   0.0457   0.1091   0.0365   0.0533
SIM19L2  0.1242  0.0693  0.0837  0.1194  0.0288  0.0723  0.0921  0.0779  0.0516  0.0236   0.0914   0.0182   0.0571   0.0334   0.1177   0.0316   0.0865   0.0396   0.0118   1.0000   0.0465   0.0609   0.0285   0.0738   0.1006   0.0831   0.0999   0.0566   0.0414   0.0956   0.0349   0.0701   0.0641   0.0384   0.0855   0.1194   0.0497   0.0603   0.0304   0.0528   0.0950   0.0151   0.0786   0.0364   0.0318   0.1059   0.1106   0.0634   0.1106   0.0362   0.0599
SIM20L2  0.0930  0.0253  0.1005  0.0709  0.0564  0.1076  0.0499  0.0737  0.0919  0.0524   0.0661   0.0843   0.1190   0.0994   0.0653   0.0386   0.1395   0.1124   0.0637   0.0465   1.0000   0.0971   0.0974   0.0525   0.0222   0.0948   0.0656   0.0320   0.0699   0.0507   0.1183   0.0838   0.0389   0.0597   0.0917   0.0370   0.0306   0.0358   0.0964   0.1062   0.0645   0.0401   0.0796   0.0547   0.0374   0.1098   0.1261   0.0616   0.0535   0.0843   0.0364
SIM21L2  0.0545  0.0498  0.0952  0.0762  0.0813  0.0712  0.0224  0.0129  0.0623  0.0790   0.0948   0.0842   0.0816   0.0538   0.0524   0.0771   0.0635   0.1126   0.0716   0.0609   0.0971   1.0000   0.1111   0.0639   0.1239   0.0537   0.0833   0.0697   0.0490   0.0513   0.1508   0.0866   0.0336   0.0770   0.0763   0.1116   0.0486   0.0519   0.0735   0.1572   0.0349   0.1331   0.0801   0.0628   0.0831   0.0599   0.1055   0.0497   0.0619   0.1081   0.0976
SIM22L2  0.0861  0.1003  0.1116  0.0569  0.0929  0.0364  0.0505  0.0696  0.0834  0.0997   0.0291   0.0410   0.0785   0.0413   0.0464   0.0337   0.0292   0.0361   0.0805   0.0285   0.0974   0.1111   1.0000   0.0445   0.0328   0.0712   0.0745   0.0631   0.0038   0.0626   0.1127   0.0716   0.0232   0.0446   0.0605   0.1083  -0.0084   0.1022   0.1193   0.0425   0.0388   0.0674   0.0722   0.0946   0.0723   0.0781   0.0722   0.0007   0.0309   0.0616   0.1070
SIM23L2  0.0908  0.0305  0.0115  0.0658  0.0653  0.0341  0.0387  0.0664  0.0360  0.0225   0.0554   0.0174   0.1291   0.0668   0.0404   0.0495   0.0546   0.0390   0.0969   0.0738   0.0525   0.0639   0.0445   1.0000   0.0730   0.0454   0.0919   0.0405   0.0546   0.0725   0.0254   0.0393   0.0506   0.0834   0.0198   0.0749   0.0210   0.0734   0.0386   0.0694   0.0270   0.0734   0.0930   0.0499   0.0232   0.0358   0.0853   0.0385   0.1448   0.0644   0.0880
SIM24L2  0.0765  0.0176  0.0791  0.0608  0.0619  0.0582  0.0417  0.1099  0.0747  0.0455   0.0585   0.0716   0.0299   0.0696   0.0175   0.0576   0.0464   0.0291   0.0365   0.1006   0.0222   0.1239   0.0328   0.0730   1.0000   0.0654   0.0432   0.0588   0.0893   0.1083   0.0695   0.0506   0.0862   0.0264   0.0415   0.0899   0.0546   0.0620   0.0632   0.0907   0.0463   0.0286   0.0362   0.0429   0.0806   0.0584   0.0605   0.0355   0.0508   0.0165   0.1289
SIM25L2  0.0766  0.0286  0.1252  0.0607  0.0644  0.1035  0.0393  0.0789  0.0639  0.1097   0.0119   0.0468   0.0462   0.0855   0.0153   0.0360   0.0866   0.1014   0.0399   0.0831   0.0948   0.0537   0.0712   0.0454   0.0654   1.0000   0.0681   0.1141   0.0547   0.0557   0.0454   0.0435   0.1032   0.1366   0.0509   0.0968   0.0819   0.0539   0.0558   0.0417   0.0714   0.0443   0.1121   0.0823   0.0689   0.0571   0.0524   0.0775   0.0333   0.0375   0.0888
SIM26L2  0.1166  0.1075  0.0413  0.0977  0.0753  0.1167  0.0698  0.0751  0.0557  0.0645   0.0897   0.0937   0.1156   0.0979   0.1278   0.0779   0.0807   0.0415   0.0156   0.0999   0.0656   0.0833   0.0745   0.0919   0.0432   0.0681   1.0000   0.0846   0.0769   0.0985   0.0552   0.1260   0.0895   0.0700   0.1446   0.1040   0.1070   0.1232   0.0613   0.0791   0.1439   0.0163   0.1048   0.0814   0.0856   0.0937   0.0963   0.0873   0.0917   0.0916   0.0832
SIM27L2  0.1032  0.1095  0.0727  0.0830  0.0495  0.0660  0.1086  0.0666  0.0277  0.1241   0.0210   0.0734   0.0517   0.0621   0.0180   0.0832   0.0621   0.0444   0.0869   0.0566   0.0320   0.0697   0.0631   0.0405   0.0588   0.1141   0.0846   1.0000   0.0798   0.0635   0.0657   0.0389   0.0608   0.0570   0.0541   0.0763   0.0897   0.0938   0.0624   0.0526   0.0958   0.1140   0.1019   0.0736   0.0965   0.0361   0.0528   0.0594   0.0776   0.0827   0.0947
SIM28L2  0.1033  0.0974  0.0456  0.0736  0.0534  0.1016  0.0636  0.0867  0.0437  0.0449   0.0366   0.0625   0.0463   0.1151   0.0595   0.0209   0.0870   0.0432   0.0323   0.0414   0.0699   0.0490   0.0038   0.0546   0.0893   0.0547   0.0769   0.0798   1.0000   0.0640   0.0707   0.0783   0.0784   0.0732   0.0738   0.0789   0.0592   0.1708   0.0631   0.0564   0.0924   0.0873   0.1296   0.1071   0.0687   0.0495   0.0420   0.0625   0.0682   0.0868   0.0552
SIM29L2  0.1030  0.0594  0.0622  0.1162  0.1054  0.0799  0.1018  0.0970  0.0646  0.0329   0.1008   0.0826   0.0125   0.0573   0.0229   0.0503   0.1015   0.0311   0.0531   0.0956   0.0507   0.0513   0.0626   0.0725   0.1083   0.0557   0.0985   0.0635   0.0640   1.0000   0.0872   0.0892   0.0671   0.0307   0.1035   0.0793   0.0699   0.0813   0.0590   0.0604   0.0643   0.0532   0.1037   0.0460   0.0543   0.1270   0.0534   0.0500   0.0721   0.0567   0.0544
SIM30L2  0.0955  0.0650  0.1049  0.1072  0.1085  0.0778  0.0455  0.0761  0.0655  0.1060   0.0347   0.0329   0.0894   0.0721   0.0860   0.0573   0.0671   0.0643   0.1154   0.0349   0.1183   0.1508   0.1127   0.0254   0.0695   0.0454   0.0552   0.0657   0.0707   0.0872   1.0000   0.1049   0.0251   0.0512   0.0766   0.1540   0.1027   0.0594   0.1191   0.0751   0.0480   0.0379   0.0452   0.0666   0.1388   0.0760   0.0765   0.0946   0.0664   0.0594  -0.0013
SIM31L2  0.0940  0.0252  0.1242  0.0882  0.0874  0.0569  0.0478  0.0400  0.0216  0.0984   0.0652   0.0917   0.1221   0.0849   0.1093   0.0233   0.0459   0.1065   0.0766   0.0701   0.0838   0.0866   0.0716   0.0393   0.0506   0.0435   0.1260   0.0389   0.0783   0.0892   0.1049   1.0000   0.0569   0.0234   0.0786   0.0968   0.0791   0.1084   0.0918   0.0819   0.1181   0.0523   0.0488   0.0556   0.0955   0.1057   0.1043   0.1122   0.1117   0.0726   0.0969
SIM32L2  0.0781  0.0569  0.0203  0.0677  0.0453  0.0921  0.0635  0.0499  0.1041  0.0669   0.0526   0.0739   0.0907   0.0905   0.0214   0.0888   0.0712   0.0334   0.1421   0.0641   0.0389   0.0336   0.0232   0.0506   0.0862   0.1032   0.0895   0.0608   0.0784   0.0671   0.0251   0.0569   1.0000   0.1032   0.0541   0.1237   0.0594   0.0266   0.0566   0.0621   0.0720   0.0603   0.1144   0.0685   0.0529   0.0971   0.0704   0.1038   0.0580   0.0361   0.1344
SIM33L2  0.0747  0.0822  0.0633  0.0849  0.0364  0.0805  0.0869  0.0442  0.0763  0.0685   0.0569   0.0659   0.1104   0.0679   0.0372   0.1013   0.1057   0.0569   0.0844   0.0384   0.0597   0.0770   0.0446   0.0834   0.0264   0.1366   0.0700   0.0570   0.0732   0.0307   0.0512   0.0234   0.1032   1.0000   0.0241   0.0817   0.0995   0.0822   0.0868   0.0739   0.0285   0.0080   0.1190   0.1845   0.0998   0.1331   0.0763   0.0847   0.0228   0.0250   0.0555
SIM34L2  0.0857  0.0845  0.0406  0.0788  0.1084  0.0586  0.0886  0.0619  0.0574  0.0529   0.0924   0.0776   0.0808   0.0577   0.0888   0.0561   0.0322   0.0428   0.0330   0.0855   0.0917   0.0763   0.0605   0.0198   0.0415   0.0509   0.1446   0.0541   0.0738   0.1035   0.0766   0.0786   0.0541   0.0241   1.0000   0.1075   0.0219   0.0337   0.0634   0.0594   0.0868   0.0143   0.1272   0.0492   0.1065   0.0597   0.0460   0.1122   0.0721   0.0811   0.0457
SIM35L2  0.0758  0.0380  0.1391  0.1374  0.1112  0.0422  0.1034  0.1097  0.0602  0.0963   0.0584   0.0449   0.1695   0.0316   0.0672   0.1028   0.0723   0.0968   0.0436   0.1194   0.0370   0.1116   0.1083   0.0749   0.0899   0.0968   0.1040   0.0763   0.0789   0.0793   0.1540   0.0968   0.1237   0.0817   0.1075   1.0000   0.0688   0.0419   0.0461   0.0625   0.0297   0.1130   0.0782   0.0458   0.1017   0.0985   0.0988   0.1040   0.0850   0.0632   0.0983
SIM36L2  0.0983  0.0721  0.0471  0.0758  0.0344  0.0638  0.0582  0.0805  0.0452  0.0647   0.0819   0.0212   0.0820   0.1230   0.0496   0.0811   0.0869   0.0514   0.0536   0.0497   0.0306   0.0486  -0.0084   0.0210   0.0546   0.0819   0.1070   0.0897   0.0592   0.0699   0.1027   0.0791   0.0594   0.0995   0.0219   0.0688   1.0000   0.0757   0.0579   0.0492   0.0433   0.0737   0.1203   0.1046   0.0739   0.0643   0.0994   0.0468   0.0593   0.0921   0.0528
SIM37L2  0.0817  0.0554  0.0932  0.0782  0.0515  0.0706  0.0943  0.0533  0.0459  0.0938   0.0544   0.0902   0.0521   0.0709   0.0974   0.0491   0.0268   0.0623   0.0617   0.0603   0.0358   0.0519   0.1022   0.0734   0.0620   0.0539   0.1232   0.0938   0.1708   0.0813   0.0594   0.1084   0.0266   0.0822   0.0337   0.0419   0.0757   1.0000   0.0673   0.0393   0.0808   0.0985   0.0931   0.1355   0.0396   0.0483   0.0954   0.0129   0.0469   0.0291   0.0447
SIM38L2  0.0799  0.0938  0.1217  0.0475  0.1254  0.0676  0.0710  0.0868  0.0683  0.0889   0.0639   0.0347   0.1010   0.0942   0.0686   0.0617   0.0580   0.0543   0.0648   0.0304   0.0964   0.0735   0.1193   0.0386   0.0632   0.0558   0.0613   0.0624   0.0631   0.0590   0.1191   0.0918   0.0566   0.0868   0.0634   0.0461   0.0579   0.0673   1.0000   0.0925   0.0560   0.0741   0.1222   0.0352   0.1080   0.0357   0.0936   0.0470   0.0532   0.0900   0.0336
SIM39L2  0.0823  0.0479  0.1004  0.0464  0.0227  0.0957  0.0910  0.0993  0.0611  0.0447   0.1366   0.0824   0.0615   0.0821   0.0854   0.0271   0.0666   0.0618   0.0939   0.0528   0.1062   0.1572   0.0425   0.0694   0.0907   0.0417   0.0791   0.0526   0.0564   0.0604   0.0751   0.0819   0.0621   0.0739   0.0594   0.0625   0.0492   0.0393   0.0925   1.0000   0.0701   0.1077   0.0808   0.0606   0.0814   0.0578   0.1476   0.0410   0.1395   0.0670   0.0666
SIM40L2  0.0909  0.0443  0.0522  0.1041  0.0622  0.0730  0.0988  0.0779  0.0543  0.0049   0.0989   0.0740   0.0337   0.0755   0.0683   0.0575   0.0433   0.0785   0.0380   0.0950   0.0645   0.0349   0.0388   0.0270   0.0463   0.0714   0.1439   0.0958   0.0924   0.0643   0.0480   0.1181   0.0720   0.0285   0.0868   0.0297   0.0433   0.0808   0.0560   0.0701   1.0000   0.0412   0.0579   0.0760   0.0615   0.0859   0.0353   0.0789   0.1372   0.1148   0.0815
SIM41L2  0.0769  0.0441  0.0576  0.0490  0.0450  0.0672  0.0334  0.0409  0.0116  0.0869   0.0245   0.0325   0.0465   0.0764   0.0036   0.0361   0.0665   0.1088   0.0733   0.0151   0.0401   0.1331   0.0674   0.0734   0.0286   0.0443   0.0163   0.1140   0.0873   0.0532   0.0379   0.0523   0.0603   0.0080   0.0143   0.1130   0.0737   0.0985   0.0741   0.1077   0.0412   1.0000   0.0760   0.0375   0.0373   0.0488   0.0678   0.0460   0.0760   0.0659   0.0714
SIM42L2  0.0961  0.1410  0.1036  0.0674  0.0920  0.1316  0.1570  0.0839  0.0735  0.0922   0.0768   0.0872   0.0677   0.1677   0.0364   0.0863   0.1176   0.1380   0.1388   0.0786   0.0796   0.0801   0.0722   0.0930   0.0362   0.1121   0.1048   0.1019   0.1296   0.1037   0.0452   0.0488   0.1144   0.1190   0.1272   0.0782   0.1203   0.0931   0.1222   0.0808   0.0579   0.0760   1.0000   0.0704   0.0554   0.1015   0.1669   0.0387   0.0693   0.0855   0.1204
SIM43L2  0.0893  0.1060  0.0267  0.0621  0.0322  0.0306  0.1001  0.0542  0.0735  0.0362   0.0806   0.0412   0.0672   0.0504   0.0549   0.0963   0.1544   0.0281   0.0879   0.0364   0.0547   0.0628   0.0946   0.0499   0.0429   0.0823   0.0814   0.0736   0.1071   0.0460   0.0666   0.0556   0.0685   0.1845   0.0492   0.0458   0.1046   0.1355   0.0352   0.0606   0.0760   0.0375   0.0704   1.0000   0.0536   0.1548   0.0323   0.0749   0.0352   0.0811   0.0397
SIM44L2  0.1142  0.0647  0.1126  0.0573  0.0772  0.0832  0.0741  0.0984  0.0669  0.0996   0.0476   0.0466   0.0942   0.0747   0.0677   0.0960   0.0532   0.0402   0.0605   0.0318   0.0374   0.0831   0.0723   0.0232   0.0806   0.0689   0.0856   0.0965   0.0687   0.0543   0.1388   0.0955   0.0529   0.0998   0.1065   0.1017   0.0739   0.0396   0.1080   0.0814   0.0615   0.0373   0.0554   0.0536   1.0000   0.0513   0.0751   0.0940   0.0172   0.0507   0.0690
SIM45L2  0.0860  0.0482  0.0646  0.1177  0.0248  0.0902  0.1082  0.0686  0.0231  0.0317   0.0892   0.0864   0.1010   0.0301   0.0171   0.0996   0.0977   0.0534   0.0519   0.1059   0.1098   0.0599   0.0781   0.0358   0.0584   0.0571   0.0937   0.0361   0.0495   0.1270   0.0760   0.1057   0.0971   0.1331   0.0597   0.0985   0.0643   0.0483   0.0357   0.0578   0.0859   0.0488   0.1015   0.1548   0.0513   1.0000   0.0862   0.0452   0.0911   0.0229   0.0739
SIM46L2  0.1002  0.0267  0.0925  0.0505  0.0539  0.1059  0.1130  0.1132  0.0963  0.0980   0.0497   0.0662   0.1048   0.0918   0.0673   0.0479   0.0899   0.0861   0.0750   0.1106   0.1261   0.1055   0.0722   0.0853   0.0605   0.0524   0.0963   0.0528   0.0420   0.0534   0.0765   0.1043   0.0704   0.0763   0.0460   0.0988   0.0994   0.0954   0.0936   0.1476   0.0353   0.0678   0.1669   0.0323   0.0751   0.0862   1.0000   0.0876   0.0833   0.1045   0.0824
SIM47L2  0.0988  0.0051  0.0297  0.0948  0.0941  0.0675  0.0434  0.0322  0.0298  0.0684   0.0857   0.0595   0.0669   0.0569   0.0520   0.0806   0.0918   0.0486   0.0457   0.0634   0.0616   0.0497   0.0007   0.0385   0.0355   0.0775   0.0873   0.0594   0.0625   0.0500   0.0946   0.1122   0.1038   0.0847   0.1122   0.1040   0.0468   0.0129   0.0470   0.0410   0.0789   0.0460   0.0387   0.0749   0.0940   0.0452   0.0876   1.0000   0.0721   0.0888   0.0598
SIM48L2  0.0793  0.0668  0.0715  0.0688  0.0739  0.0430  0.0560  0.1165  0.0480  0.0576   0.0661   0.0825   0.0792   0.0534   0.1081   0.0295   0.0733   0.1054   0.1091   0.1106   0.0535   0.0619   0.0309   0.1448   0.0508   0.0333   0.0917   0.0776   0.0682   0.0721   0.0664   0.1117   0.0580   0.0228   0.0721   0.0850   0.0593   0.0469   0.0532   0.1395   0.1372   0.0760   0.0693   0.0352   0.0172   0.0911   0.0833   0.0721   1.0000   0.1198   0.0907
SIM49L2  0.1081  0.1327  0.0546  0.0619  0.1194  0.0464  0.0699  0.0325  0.0699 -0.0063   0.0894   0.0630   0.0797   0.1688   0.0472   0.1016   0.0732   0.0573   0.0365   0.0362   0.0843   0.1081   0.0616   0.0644   0.0165   0.0375   0.0916   0.0827   0.0868   0.0567   0.0594   0.0726   0.0361   0.0250   0.0811   0.0632   0.0921   0.0291   0.0900   0.0670   0.1148   0.0659   0.0855   0.0811   0.0507   0.0229   0.1045   0.0888   0.1198   1.0000   0.0589
SIM50L2  0.0982  0.0558  0.0762  0.0551  0.0581  0.0842  0.1084  0.1158  0.1022  0.0616   0.0739   0.0853   0.0636   0.0363   0.0272   0.0632   0.0676   0.0855   0.0533   0.0599   0.0364   0.0976   0.1070   0.0880   0.1289   0.0888   0.0832   0.0947   0.0552   0.0544  -0.0013   0.0969   0.1344   0.0555   0.0457   0.0983   0.0528   0.0447   0.0336   0.0666   0.0815   0.0714   0.1204   0.0397   0.0690   0.0739   0.0824   0.0598   0.0907   0.0589   1.0000

LD Score Matrix Condition Number
3.4979

Annotation Correlation Matrix
         SIM1    SIM2    SIM3    SIM4    SIM5    SIM6    SIM7    SIM8    SIM9   SIM10   SIM11   SIM12   SIM13   SIM14   SIM15   SIM16   SIM17   SIM18   SIM19   SIM20   SIM21   SIM22   SIM23   SIM24   SIM25   SIM26   SIM27   SIM28   SIM29   SIM30   SIM31   SIM32   SIM33   SIM34   SIM35   SIM36   SIM37   SIM38   SIM39   SIM40   SIM41   SIM42   SIM43   SIM44   SIM45   SIM46   SIM47   SIM48   SIM49   SIM50
SIM1   1.0000  0.0111  0.0034  0.0031  0.0033  0.0107  0.0069  0.0071  0.0034 -0.0005 -0.0005 -0.0005  0.0142 -0.0005 -0.0005  0.0069  0.0113  0.0034  0.0077  0.0033  0.0103 -0.0005  0.0070  0.0033  0.0177  0.0176 -0.0005  0.0031  0.0069  0.0033  0.0140 -0.0005 -0.0005  0.0148  0.0034  0.0138  0.0069  0.0067  0.0069  0.0068  0.0188  0.0069  0.0072  0.0108  0.0033  0.0067  0.0105  0.0185  0.0034  0.0104
SIM2   0.0111  1.0000 -0.0005  0.0032  0.0190  0.0072  0.0033  0.0073 -0.0005  0.0074  0.0033  0.0158  0.0071 -0.0005 -0.0005  0.0109  0.0036  0.0035  0.0037  0.0231  0.0069  0.0113 -0.0005  0.0113  0.0107  0.0032  0.0108  0.0069  0.0071  0.0034  0.0257 -0.0005  0.0034  0.0074 -0.0005  0.0031  0.0033  0.0106  0.0110  0.0070  0.0114  0.0071 -0.0005  0.0034  0.0073  0.0070  0.0147  0.0073  0.0075 -0.0005
SIM3   0.0034 -0.0005  1.0000  0.0148 -0.0005 -0.0005  0.0034  0.0075 -0.0005  0.0115  0.0111  0.0078  0.0072 -0.0005  0.0073  0.0150  0.0078  0.0077 -0.0005 -0.0005  0.0033 -0.0005  0.0114 -0.0005 -0.0005  0.0033  0.0110  0.0108  0.0151  0.0074  0.0224  0.0073 -0.0005  0.0076 -0.0005  0.0032  0.0191  0.0033  0.0073  0.0072  0.0036  0.0112  0.0116  0.0153  0.0075  0.0071  0.0227  0.0075  0.0036 -0.0005
SIM4   0.0031  0.0032  0.0148  1.0000  0.0068  0.0067 -0.0005  0.0142  0.0109  0.0069 -0.0005  0.0072  0.0030  0.0031  0.0104  0.0030  0.0110 -0.0005  0.0114  0.0106 -0.0006  0.0107  0.0142  0.0143  0.0136  0.0171  0.0209  0.0135  0.0067  0.0031  0.0101  0.0067  0.0032  0.0107  0.0070  0.0029  0.0104  0.0100  0.0031  0.0030  0.0070  0.0103  0.0069  0.0068  0.0105  0.0030  0.0174  0.0069  0.0070  0.0171
SIM5   0.0033  0.0190 -0.0005  0.0068  1.0000  0.0033  0.0108  0.0110  0.0114  0.0111  0.0144  0.0075  0.0107 -0.0005  0.0070  0.0069 -0.0005  0.0074  0.0119  0.0034  0.0031  0.0111  0.0110  0.0072  0.0032 -0.0005  0.0069  0.0067  0.0032 -0.0005  0.0032  0.0070 -0.0005  0.0111  0.0112  0.0031 -0.0005  0.0031  0.0070  0.0106 -0.0005  0.0107  0.0034  0.0109  0.0148  0.0142  0.0069  0.0072  0.0034  0.0142
SIM6   0.0107  0.0072 -0.0005  0.0067  0.0033  1.0000  0.0032  0.0070 -0.0005 -0.0005  0.0178 -0.0005  0.0179  0.0070  0.0069  0.0068  0.0074  0.0034  0.0076  0.0071  0.0066  0.0071  0.0070  0.0033  0.0067  0.0176  0.0068  0.0066  0.0069  0.0032  0.0031  0.0217  0.0033  0.0033 -0.0005 -0.0006  0.0181  0.0175  0.0181  0.0031 -0.0005  0.0069  0.0033  0.0070  0.0070  0.0140 -0.0005  0.0033  0.0226  0.0139
SIM7   0.0069  0.0033  0.0034 -0.0005  0.0108  0.0032  1.0000  0.0032 -0.0005 -0.0005  0.0105  0.0034  0.0105  0.0070  0.0106 -0.0005  0.0073  0.0150  0.0157  0.0033  0.0102  0.0033  0.0070  0.0033  0.0103  0.0175  0.0031  0.0245  0.0032  0.0032  0.0176  0.0069  0.0033  0.0033  0.0110  0.0066  0.0106  0.0102  0.0143  0.0067  0.0149 -0.0005  0.0033  0.0070  0.0070  0.0067  0.0031  0.0146  0.0072  0.0211
SIM8   0.0071  0.0073  0.0075  0.0142  0.0110  0.0070  0.0032  1.0000  0.0074  0.0111  0.0107 -0.0005  0.0032  0.0071  0.0108  0.0107  0.0155  0.0152  0.0078 -0.0005  0.0031  0.0189  0.0033  0.0034  0.0105  0.0105  0.0106 -0.0005  0.0070  0.0033  0.0068  0.0108  0.0033  0.0073  0.0034  0.0067  0.0070  0.0068  0.0033  0.0069  0.0034  0.0070  0.0189 -0.0005  0.0110  0.0068  0.0144  0.0072  0.0034  0.0105
SIM9   0.0034 -0.0005 -0.0005  0.0109  0.0114 -0.0005 -0.0005  0.0074  1.0000  0.0035  0.0072  0.0037  0.0033 -0.0005  0.0073 -0.0005  0.0036  0.0158 -0.0005  0.0075  0.0070  0.0115 -0.0005  0.0035  0.0033  0.0147  0.0110  0.0183  0.0072  0.0192 -0.0005 -0.0005  0.0154  0.0035  0.0116  0.0181 -0.0005  0.0108 -0.0005  0.0071  0.0076  0.0111  0.0075 -0.0005  0.0074  0.0185  0.0149  0.0074  0.0076  0.0033
SIM10 -0.0005  0.0074  0.0115  0.0069  0.0111 -0.0005 -0.0005  0.0111  0.0035  1.0000  0.0070  0.0156  0.0070  0.0033  0.0109  0.0108 -0.0005  0.0114  0.0078  0.0073  0.0068  0.0034  0.0033  0.0190  0.0032  0.0069  0.0107  0.0068  0.0033 -0.0005  0.0069 -0.0005  0.0111 -0.0005  0.0113  0.0068  0.0033  0.0032  0.0033  0.0107 -0.0005  0.0071 -0.0005  0.0148  0.0034  0.0069  0.0070  0.0034  0.0113  0.0106
SIM11 -0.0005  0.0033  0.0111 -0.0005  0.0144  0.0178  0.0105  0.0107  0.0072  0.0070  1.0000  0.0034  0.0031  0.0069  0.0068  0.0104  0.0111  0.0033  0.0075  0.0108 -0.0006 -0.0005  0.0106  0.0107  0.0066  0.0066  0.0067  0.0101  0.0031  0.0181  0.0210  0.0178  0.0144 -0.0005  0.0071  0.0065  0.0068 -0.0006  0.0215  0.0103  0.0033  0.0141  0.0033  0.0069  0.0069  0.0066  0.0067  0.0032  0.0033  0.0137
SIM12 -0.0005  0.0158  0.0078  0.0072  0.0075 -0.0005  0.0034 -0.0005  0.0037  0.0156  0.0034  1.0000  0.0034  0.0075 -0.0005  0.0034  0.0037 -0.0005  0.0124 -0.0005 -0.0005 -0.0005 -0.0005 -0.0005  0.0033  0.0110  0.0072  0.0147  0.0034  0.0035 -0.0005  0.0073 -0.0005  0.0076  0.0159  0.0108 -0.0005  0.0185  0.0231 -0.0005 -0.0005 -0.0005  0.0036  0.0154  0.0035  0.0033  0.0073  0.0035  0.0036  0.0072
SIM13  0.0142  0.0071  0.0072  0.0030  0.0107  0.0179  0.0105  0.0032  0.0033  0.0070  0.0031  0.0034  1.0000  0.0107  0.0105  0.0067  0.0034  0.0033  0.0116  0.0033  0.0065  0.0108  0.0069  0.0145  0.0066  0.0030  0.0067  0.0065  0.0031  0.0032  0.0066  0.0141  0.0107  0.0033  0.0071  0.0135  0.0031  0.0066  0.0105  0.0175  0.0071  0.0068  0.0033  0.0032  0.0032  0.0102  0.0104 -0.0005  0.0147  0.0030
SIM14 -0.0005 -0.0005 -0.0005  0.0031 -0.0005  0.0070  0.0070  0.0071 -0.0005  0.0033  0.0069  0.0075  0.0107  1.0000  0.0032  0.0032 -0.0005 -0.0005  0.0077  0.0111  0.0176  0.0072  0.0033 -0.0005 -0.0005 -0.0005  0.0069  0.0031  0.0032  0.0033  0.0031  0.0032  0.0148  0.0034  0.0073  0.0067  0.0108  0.0068  0.0032  0.0069 -0.0005  0.0032  0.0150 -0.0005 -0.0005  0.0068  0.0069  0.0033 -0.0005  0.0068
SIM15 -0.0005 -0.0005  0.0073  0.0104  0.0070  0.0069  0.0106  0.0108  0.0073  0.0109  0.0068 -0.0005  0.0105  0.0032  1.0000  0.0068 -0.0005  0.0072  0.0117  0.0033  0.0030  0.0033  0.0070 -0.0005  0.0176  0.0067  0.0141 -0.0005  0.0069  0.0108  0.0067  0.0106 -0.0005  0.0148  0.0072  0.0101  0.0032  0.0103  0.0069  0.0104  0.0110  0.0069  0.0071 -0.0005  0.0070  0.0031  0.0105  0.0070 -0.0005 -0.0005
SIM16  0.0069  0.0109  0.0150  0.0030  0.0069  0.0068 -0.0005  0.0107 -0.0005  0.0108  0.0104  0.0034  0.0067  0.0032  0.0068  1.0000  0.0112  0.0186 -0.0005  0.0033 -0.0006  0.0070  0.0144  0.0145  0.0174  0.0066  0.0067  0.0030  0.0068  0.0032  0.0174  0.0031  0.0070  0.0070  0.0033  0.0100  0.0031  0.0066  0.0142  0.0031  0.0071  0.0068  0.0033  0.0069  0.0032 -0.0005  0.0067  0.0032 -0.0005  0.0030
SIM17  0.0113  0.0036  0.0078  0.0110 -0.0005  0.0074  0.0073  0.0155  0.0036 -0.0005  0.0111  0.0037  0.0034 -0.0005 -0.0005  0.0112  1.0000 -0.0005  0.0167  0.0035  0.0033  0.0035  0.0075  0.0076  0.0033  0.0071  0.0034  0.0033  0.0034  0.0075 -0.0005  0.0073  0.0155  0.0076  0.0036  0.0070 -0.0005  0.0033  0.0034  0.0072  0.0077  0.0073 -0.0005  0.0114  0.0075  0.0033  0.0073  0.0075  0.0036  0.0071
SIM18  0.0034  0.0035  0.0077 -0.0005  0.0074  0.0034  0.0150  0.0152  0.0158  0.0114  0.0033 -0.0005  0.0033 -0.0005  0.0072  0.0186 -0.0005  1.0000 -0.0005  0.0154  0.0107  0.0114 -0.0005 -0.0005  0.0070  0.0070  0.0071  0.0069  0.0149  0.0231  0.0070  0.0072 -0.0005 -0.0005  0.0075  0.0180  0.0072  0.0107 -0.0005 -0.0005  0.0075  0.0110  0.0154 -0.0005  0.0074  0.0146  0.0033 -0.0005  0.0035  0.0070
SIM19  0.0077  0.0037 -0.0005  0.0114  0.0119  0.0076  0.0157  0.0078 -0.0005  0.0078  0.0075  0.0124  0.0116  0.0077  0.0117 -0.0005  0.0167 -0.0005  1.0000  0.0037  0.0152  0.0079  0.0077 -0.0005  0.0154  0.0074  0.0035  0.0073 -0.0005  0.0077  0.0035  0.0076  0.0037 -0.0005  0.0206  0.0073  0.0198  0.0231 -0.0005  0.0075  0.0037 -0.0005  0.0037  0.0036  0.0160  0.0035  0.0115  0.0119  0.0037  0.0114
SIM20  0.0033  0.0231 -0.0005  0.0106  0.0034  0.0071  0.0033 -0.0005  0.0075  0.0073  0.0108 -0.0005  0.0033  0.0111  0.0033  0.0033  0.0035  0.0154  0.0037  1.0000  0.0031 -0.0005 -0.0005 -0.0005 -0.0005  0.0032  0.0107  0.0142  0.0071  0.0034  0.0106  0.0033  0.0073  0.0191 -0.0005  0.0068  0.0071  0.0142  0.0033 -0.0005 -0.0005  0.0109  0.0152  0.0225 -0.0005 -0.0005 -0.0005  0.0073  0.0035  0.0106
SIM21  0.0103  0.0069  0.0033 -0.0006  0.0031  0.0066  0.0102  0.0031  0.0070  0.0068 -0.0006 -0.0005  0.0065  0.0176  0.0030 -0.0006  0.0033  0.0107  0.0152  0.0031  1.0000  0.0142  0.0031  0.0142  0.0029  0.0099  0.0030  0.0064  0.0209  0.0067  0.0205  0.0030  0.0104 -0.0005  0.0032  0.0029  0.0030  0.0099  0.0102  0.0100  0.0106  0.0066  0.0068  0.0067  0.0140  0.0134  0.0065 -0.0005  0.0069  0.0064
SIM22 -0.0005  0.0113 -0.0005  0.0107  0.0111  0.0071  0.0033  0.0189  0.0115  0.0034 -0.0005 -0.0005  0.0108  0.0072  0.0033  0.0070  0.0035  0.0114  0.0079 -0.0005  0.0142  1.0000  0.0150  0.0034  0.0032  0.0218  0.0107 -0.0005  0.0033  0.0072  0.0032  0.0185  0.0073  0.0034  0.0074  0.0104  0.0071  0.0106  0.0033  0.0145  0.0114 -0.0005  0.0113  0.0033  0.0034  0.0069 -0.0005 -0.0005  0.0193  0.0218
SIM23  0.0070 -0.0005  0.0114  0.0142  0.0110  0.0070  0.0070  0.0033 -0.0005  0.0033  0.0106 -0.0005  0.0069  0.0033  0.0070  0.0144  0.0075 -0.0005  0.0077 -0.0005  0.0031  0.0150  1.0000  0.0033  0.0105  0.0031 -0.0005  0.0067  0.0032  0.0033  0.0031  0.0070  0.0110 -0.0005  0.0073 -0.0005  0.0032  0.0068  0.0183  0.0106  0.0112  0.0032  0.0034  0.0071  0.0033  0.0105  0.0069  0.0110  0.0073  0.0178
SIM24  0.0033  0.0113 -0.0005  0.0143  0.0072  0.0033  0.0033  0.0034  0.0035  0.0190  0.0107 -0.0005  0.0145 -0.0005 -0.0005  0.0145  0.0076 -0.0005 -0.0005 -0.0005  0.0142  0.0034  0.0033  1.0000  0.0181  0.0069  0.0032  0.0105  0.0071  0.0072  0.0032  0.0109  0.0034 -0.0005  0.0074  0.0068  0.0071  0.0032  0.0109  0.0069  0.0034  0.0071  0.0073  0.0033  0.0072  0.0032  0.0070  0.0034 -0.0005  0.0032
SIM25  0.0177  0.0107 -0.0005  0.0136  0.0032  0.0067  0.0103  0.0105  0.0033  0.0032  0.0066  0.0033  0.0066 -0.0005  0.0176  0.0174  0.0033  0.0070  0.0154 -0.0005  0.0029  0.0032  0.0105  0.0181  1.0000  0.0101  0.0066  0.0029  0.0031  0.0142  0.0136  0.0139  0.0142  0.0107 -0.0005  0.0029  0.0031  0.0170  0.0140  0.0137  0.0070  0.0031  0.0181  0.0031  0.0032  0.0101  0.0174  0.0032  0.0032  0.0065
