*********************************************************************
* LD Score Regression (LDSC)
* Version 1.0.1
* (C) 2014-2019 Brendan Bulik-Sullivan and Hilary Finucane
* Broad Institute of MIT and Harvard / MIT Department of Mathematics
* GNU General Public License v3
*********************************************************************
Call: 
./ldsc.py \
--out /data/sbcs/GuoLab/backup/liq17/CRC_TF_TWAS_zhishan2024/NC_revision_OceanCode/v2_NC_revision//84Tracks//ldscores_sim5000//12 \
--bfile /data/sbcs/GuoLab/backup/liq17/ref/Alkesgroup/1000G_EUR_Phase3_plink_hg38/1000G.EUR.QC.12 \
--annot /data/sbcs/GuoLab/backup/liq17/CRC_TF_TWAS_zhishan2024/NC_revision_OceanCode/v2_NC_revision//84Tracks//annots_sim5000//12.annot.txt \
--l2  \
--ld-wind-kb 100.0 

Beginning analysis at Sun Oct 26 23:56:14 2025
Read list of 480032 SNPs from /data/sbcs/GuoLab/backup/liq17/ref/Alkesgroup/1000G_EUR_Phase3_plink_hg38/1000G.EUR.QC.12.bim
Read 50 annotations for 480032 SNPs from /data/sbcs/GuoLab/backup/liq17/CRC_TF_TWAS_zhishan2024/NC_revision_OceanCode/v2_NC_revision//84Tracks//annots_sim5000//12.annot.txt
Read list of 489 individuals from /data/sbcs/GuoLab/backup/liq17/ref/Alkesgroup/1000G_EUR_Phase3_plink_hg38/1000G.EUR.QC.12.fam
Reading genotypes from /data/sbcs/GuoLab/backup/liq17/ref/Alkesgroup/1000G_EUR_Phase3_plink_hg38/1000G.EUR.QC.12.bed
Estimating LD Score.
Writing LD Scores for 480032 SNPs to /data/sbcs/GuoLab/backup/liq17/CRC_TF_TWAS_zhishan2024/NC_revision_OceanCode/v2_NC_revision//84Tracks//ldscores_sim5000//12.l2.ldscore.gz

Summary of LD Scores in /data/sbcs/GuoLab/backup/liq17/CRC_TF_TWAS_zhishan2024/NC_revision_OceanCode/v2_NC_revision//84Tracks//ldscores_sim5000//12.l2.ldscore.gz
         MAF  SIM1L2  SIM2L2  SIM3L2  SIM4L2  SIM5L2  SIM6L2  SIM7L2  SIM8L2  SIM9L2  SIM10L2  SIM11L2  SIM12L2  SIM13L2  SIM14L2  SIM15L2  SIM16L2  SIM17L2  SIM18L2  SIM19L2  SIM20L2  SIM21L2  SIM22L2  SIM23L2  SIM24L2  SIM25L2  SIM26L2  SIM27L2     SIM28L2  SIM29L2  SIM30L2  SIM31L2  SIM32L2  SIM33L2  SIM34L2  SIM35L2  SIM36L2  SIM37L2  SIM38L2  SIM39L2  SIM40L2  SIM41L2  SIM42L2  SIM43L2  SIM44L2  SIM45L2  SIM46L2  SIM47L2  SIM48L2  SIM49L2  SIM50L2
mean  0.1479  0.0371  0.0335  0.0398  0.0317  0.0328  0.0280  0.0334  0.0282  0.0332   0.0406   0.0326   0.0305   0.0320   0.0349   0.0318   0.0338   0.0367   0.0358   0.0364   0.0335   0.0322   0.0355   0.0314   0.0360   0.0351   0.0292   0.0313  3.4635e-02   0.0327   0.0323   0.0333   0.0312   0.0321   0.0341   0.0345   0.0305   0.0351   0.0350   0.0328   0.0318   0.0338   0.0332   0.0366   0.0324   0.0327   0.0304   0.0299   0.0297   0.0313   0.0345
std   0.1493  0.1530  0.1452  0.1553  0.1366  0.1431  0.1290  0.1470  0.1269  0.1518   0.1609   0.1417   0.1343   0.1400   0.1432   0.1428   0.1431   0.1490   0.1480   0.1532   0.1441   0.1395   0.1450   0.1488   0.1433   0.1493   0.1309   0.1379  1.4389e-01   0.1497   0.1431   0.1388   0.1403   0.1393   0.1436   0.1509   0.1413   0.1471   0.1445   0.1405   0.1395   0.1426   0.1419   0.1560   0.1415   0.1404   0.1302   0.1349   0.1327   0.1303   0.1471
min   0.0051 -0.0095 -0.0076 -0.0092 -0.0075 -0.0075 -0.0071 -0.0079 -0.0078 -0.0076  -0.0104  -0.0081  -0.0088  -0.0076  -0.0132  -0.0081  -0.0080  -0.0074  -0.0070  -0.0093  -0.0082  -0.0086  -0.0077  -0.0099  -0.0073  -0.0092  -0.0074  -0.0078 -8.3854e-03  -0.0098  -0.0075  -0.0079  -0.0085  -0.0091  -0.0077  -0.0092  -0.0084  -0.0079  -0.0093  -0.0081  -0.0081  -0.0074  -0.0078  -0.0077  -0.0093  -0.0097  -0.0092  -0.0092  -0.0080  -0.0075  -0.0081
25%   0.0184  0.0000  0.0000  0.0000  0.0000  0.0000  0.0000  0.0000  0.0000  0.0000   0.0000   0.0000   0.0000   0.0000   0.0000   0.0000   0.0000   0.0000   0.0000   0.0000   0.0000   0.0000   0.0000   0.0000   0.0000   0.0000   0.0000   0.0000  0.0000e+00   0.0000   0.0000   0.0000   0.0000   0.0000   0.0000   0.0000   0.0000   0.0000   0.0000   0.0000   0.0000   0.0000   0.0000   0.0000   0.0000   0.0000   0.0000   0.0000   0.0000   0.0000   0.0000
50%   0.0859  0.0000  0.0000  0.0000  0.0000  0.0000  0.0000  0.0000  0.0000  0.0000   0.0000   0.0000   0.0000   0.0000   0.0000   0.0000   0.0000   0.0000   0.0000   0.0000   0.0000   0.0000   0.0000   0.0000   0.0000   0.0000   0.0000   0.0000  0.0000e+00   0.0000   0.0000   0.0000   0.0000   0.0000   0.0000   0.0000   0.0000   0.0000   0.0000   0.0000   0.0000   0.0000   0.0000   0.0000   0.0000   0.0000   0.0000   0.0000   0.0000   0.0000   0.0000
75%   0.2566  0.0002  0.0000  0.0018  0.0000  0.0000  0.0000  0.0001  0.0000  0.0000   0.0010   0.0000   0.0000   0.0000   0.0005   0.0000   0.0004   0.0013   0.0005   0.0001   0.0003   0.0000   0.0014   0.0000   0.0010   0.0006   0.0000   0.0000  4.1957e-05   0.0000   0.0000   0.0005   0.0000   0.0001   0.0006   0.0005   0.0000   0.0007   0.0008   0.0000   0.0000   0.0005   0.0004   0.0008   0.0000   0.0002   0.0004   0.0000   0.0000   0.0002   0.0006
max   0.5000  2.0000  1.8520  1.9916  1.4376  2.0000  1.9249  1.9849  1.8872  2.4365   2.0000   2.1122   1.9788   2.0350   1.6975   2.0270   2.0183   1.9709   2.0296   2.0000   2.0067   2.0000   2.0000   2.9779   1.9660   2.0000   1.9960   1.9400  2.0028e+00   2.4560   2.0000   1.8897   2.0288   1.9325   2.0329   2.0031   2.1753   2.0000   2.1002   2.0000   1.9987   1.7227   1.9893   1.9919   2.1261   1.9639   1.9961   2.0000   1.8442   1.2286   2.0620

MAF/LD Score Correlation Matrix
            MAF  SIM1L2  SIM2L2  SIM3L2  SIM4L2  SIM5L2  SIM6L2  SIM7L2  SIM8L2  SIM9L2  SIM10L2  SIM11L2  SIM12L2  SIM13L2  SIM14L2  SIM15L2  SIM16L2  SIM17L2  SIM18L2  SIM19L2  SIM20L2  SIM21L2  SIM22L2  SIM23L2  SIM24L2  SIM25L2  SIM26L2  SIM27L2  SIM28L2  SIM29L2  SIM30L2  SIM31L2  SIM32L2  SIM33L2  SIM34L2  SIM35L2  SIM36L2  SIM37L2  SIM38L2  SIM39L2  SIM40L2  SIM41L2  SIM42L2  SIM43L2  SIM44L2  SIM45L2  SIM46L2  SIM47L2  SIM48L2  SIM49L2  SIM50L2
MAF      1.0000  0.1137  0.1032  0.0974  0.1176  0.0929  0.0862  0.0993  0.0839  0.1171   0.1256   0.0952   0.0940   0.1043   0.0890   0.0742   0.1254   0.1469   0.1494   0.1026   0.1146   0.1036   0.1247   0.0992   0.1206   0.1061   0.0760   0.0948   0.1064   0.0646   0.0680   0.1027   0.0853   0.1061   0.0982   0.0860   0.0814   0.0987   0.1075   0.0979   0.0994   0.1225   0.0830   0.0939   0.0949   0.0934   0.0929   0.1066   0.0839   0.1051   0.0925
SIM1L2   0.1137  1.0000  0.1323  0.0769  0.0627  0.0607  0.0432  0.0536  0.0477  0.0330   0.0735   0.0852   0.0507   0.0631   0.0652   0.0353   0.0796   0.0459   0.0663   0.0297   0.0645   0.0385   0.1011   0.0946   0.0679   0.1022   0.0378   0.0750   0.0876   0.0511   0.0725   0.0347   0.1061   0.0443   0.0502   0.0738   0.0422   0.1160   0.1099   0.1184   0.0895   0.0616   0.1001   0.0537   0.0548   0.0756   0.0612   0.0389   0.1086   0.0190   0.1199
SIM2L2   0.1032  0.1323  1.0000  0.1079  0.1015  0.0770  0.0332  0.0341  0.0556  0.0854   0.0856   0.0742   0.0368   0.0455   0.0825   0.0636   0.0980   0.0909   0.0452   0.0916   0.0950   0.0813   0.0675   0.0394   0.0823   0.0720   0.0726   0.0617   0.0717   0.1065   0.1140   0.0879   0.0953   0.0925   0.0517   0.0918   0.0952   0.0275   0.0720   0.1064   0.0807   0.0598   0.0681   0.0340   0.1072   0.0826   0.0825   0.0364   0.1146   0.0579   0.0835
SIM3L2   0.0974  0.0769  0.1079  1.0000  0.1079  0.0675  0.0004  0.0793  0.0385  0.0737   0.0567   0.0722   0.0933   0.0883   0.0521   0.0591   0.1150   0.0801   0.1005   0.0822   0.0863   0.0496   0.0285   0.0563   0.0597   0.0542   0.0411   0.0745   0.0702   0.0735   0.0977   0.0347   0.0776   0.0978   0.0384   0.0933   0.0622   0.0814   0.0991   0.0599   0.0633   0.0134   0.0533   0.0780   0.0950   0.0855   0.0376   0.0769   0.1078   0.0760   0.0489
SIM4L2   0.1176  0.0627  0.1015  0.1079  1.0000  0.0236  0.0605  0.0229  0.0353  0.0659   0.0636   0.0795   0.0805   0.1184   0.0787   0.0489   0.0553   0.0487   0.0933   0.1142   0.0961   0.0498   0.0825   0.0808   0.0902   0.0824   0.0139   0.0563   0.1057   0.1100   0.0371   0.0355   0.0716   0.0350   0.0550   0.0325   0.0732   0.0962   0.0973   0.0921   0.0460   0.0350   0.0314   0.0719   0.0304   0.1355   0.0923   0.0826   0.0442   0.0503   0.0608
SIM5L2   0.0929  0.0607  0.0770  0.0675  0.0236  1.0000  0.0755  0.0622  0.0280  0.0332   0.0299   0.0082   0.0197   0.0975   0.0505   0.0839   0.1117   0.0216   0.0870   0.0578   0.0802   0.0576   0.0604   0.0955   0.0306   0.0722   0.1297   0.0504   0.0905   0.0773   0.1251   0.0770   0.0785   0.0457   0.0327   0.0444   0.1011   0.1107   0.0857   0.0882   0.0722   0.0544   0.0879   0.0487   0.0707   0.0359   0.0264   0.0402   0.0484   0.0231   0.0836
SIM6L2   0.0862  0.0432  0.0332  0.0004  0.0605  0.0755  1.0000  0.0559  0.0482  0.0699   0.0448   0.0365   0.0087   0.0327   0.0233   0.0426   0.0637   0.0877   0.0540   0.0958   0.0382   0.0154   0.0627   0.0289   0.0606   0.0636   0.0600   0.0418   0.0703   0.0117   0.0121   0.0469   0.0292   0.0578   0.0542   0.0039   0.0254   0.0677   0.0623   0.0147   0.0808   0.1022   0.0888   0.0693   0.1084   0.0326   0.1143   0.0678   0.0854   0.0743   0.0521
SIM7L2   0.0993  0.0536  0.0341  0.0793  0.0229  0.0622  0.0559  1.0000  0.0290  0.0263   0.0729   0.0088   0.0452   0.0221   0.0404   0.0353   0.1832   0.0747   0.1436   0.0559   0.0747   0.0467   0.0960   0.2082   0.0559   0.0690   0.0778   0.1363   0.0552   0.0397   0.0548   0.0592   0.0967   0.0533   0.0411   0.0413   0.1477   0.0897   0.0006   0.1103   0.0278   0.0068   0.1061   0.1208   0.0644   0.1152   0.0166   0.0366   0.0268   0.0117   0.0733
SIM8L2   0.0839  0.0477  0.0556  0.0385  0.0353  0.0280  0.0482  0.0290  1.0000  0.0452   0.0671   0.0416   0.0065   0.0219   0.0929   0.0513   0.0292   0.0508   0.0174   0.0577   0.0721   0.0380   0.0538   0.0694   0.0606   0.0806   0.0142   0.0482   0.0251  -0.0071   0.0306   0.0615   0.0197   0.0551   0.0125   0.0937   0.0437   0.0820   0.0542   0.0365   0.0540   0.0445   0.0153   0.0148   0.0451   0.0316   0.0135   0.0628   0.0518   0.0560   0.0544
SIM9L2   0.1171  0.0330  0.0854  0.0737  0.0659  0.0332  0.0699  0.0263  0.0452  1.0000   0.1037   0.1094   0.0461   0.0303   0.0684   0.0450   0.0224   0.0647   0.0722   0.0572   0.0467   0.1453   0.0519   0.0673   0.0638   0.0319   0.0298   0.1017   0.0783   0.0329   0.0382   0.0720   0.0798   0.0552   0.0501   0.1059   0.0377   0.0650   0.0559   0.0187   0.1013   0.1002   0.0271   0.0673   0.0671   0.0497   0.0217   0.0962   0.0158   0.0207   0.1010
SIM10L2  0.1256  0.0735  0.0856  0.0567  0.0636  0.0299  0.0448  0.0729  0.0671  0.1037   1.0000   0.1481   0.0793   0.0373   0.0825   0.1310   0.0816   0.0478   0.0714   0.1051   0.0475   0.0377   0.0982   0.0363   0.0778   0.1042   0.0300   0.0839   0.0792   0.0725   0.0767   0.0733   0.1328   0.0489   0.0533   0.0355   0.0763   0.0600   0.1103   0.0557   0.0830   0.0756   0.0776   0.0788   0.0789   0.0771   0.0633   0.0994   0.0761   0.0793   0.0969
SIM11L2  0.0952  0.0852  0.0742  0.0722  0.0795  0.0082  0.0365  0.0088  0.0416  0.1094   0.1481   1.0000   0.0739   0.0742   0.0837   0.0841   0.0443   0.0613   0.0441   0.0427   0.0869   0.0709   0.0452   0.0559   0.1189   0.0752   0.0675   0.0256   0.0890   0.0846   0.0857   0.0104   0.0998   0.1143   0.0508   0.1112   0.0490   0.0894   0.0758   0.0460   0.0861   0.0687   0.0821   0.0612   0.0290   0.0744   0.0757   0.0992   0.0697   0.1059   0.0890
SIM12L2  0.0940  0.0507  0.0368  0.0933  0.0805  0.0197  0.0087  0.0452  0.0065  0.0461   0.0793   0.0739   1.0000   0.0776   0.0938   0.1193   0.0659   0.0249   0.0860   0.1317   0.0778   0.0338   0.0097   0.0251   0.0827   0.0549   0.0454   0.0442   0.0838   0.1044   0.0532   0.0754   0.0485   0.0953   0.1075   0.0796   0.1169   0.0525   0.0336   0.0731   0.0310   0.0849   0.0808   0.0652   0.1225   0.1181   0.0467   0.0586   0.0581   0.0396   0.0627
SIM13L2  0.1043  0.0631  0.0455  0.0883  0.1184  0.0975  0.0327  0.0221  0.0219  0.0303   0.0373   0.0742   0.0776   1.0000   0.0851   0.0374   0.0682   0.0552   0.0787   0.0916   0.1158   0.1119   0.0483   0.0545   0.0957   0.1339   0.0696   0.0720   0.0953   0.0953   0.0441   0.0523   0.0340   0.1429   0.0316   0.0846   0.0367   0.0533   0.0626   0.0899   0.0456   0.0911   0.0656   0.0247   0.0578   0.0503   0.0138   0.0878   0.1260   0.0587   0.0487
SIM14L2  0.0890  0.0652  0.0825  0.0521  0.0787  0.0505  0.0233  0.0404  0.0929  0.0684   0.0825   0.0837   0.0938   0.0851   1.0000   0.1086   0.0491   0.0816   0.0928   0.0538   0.0581   0.1008   0.0501   0.0501   0.0570   0.1248   0.0779   0.0651   0.0873   0.0739   0.0587   0.0926   0.0310   0.0934   0.0807   0.0765   0.1189   0.0639   0.0642   0.0811   0.0694   0.0617   0.0961   0.0482   0.0576   0.0593   0.0452   0.0174   0.0683   0.0685   0.0475
SIM15L2  0.0742  0.0353  0.0636  0.0591  0.0489  0.0839  0.0426  0.0353  0.0513  0.0450   0.1310   0.0841   0.1193   0.0374   0.1086   1.0000   0.0428   0.0224   0.1001   0.0550   0.0659   0.0331   0.0353   0.0804   0.0698   0.1180   0.0832   0.0431   0.0458   0.0761   0.0175   0.0620   0.0723   0.0763   0.0728   0.0102   0.1333   0.0515   0.0546   0.0944   0.0089   0.0906   0.0717   0.0695   0.0786   0.0546   0.0516   0.0386   0.0508   0.0442   0.0529
SIM16L2  0.1254  0.0796  0.0980  0.1150  0.0553  0.1117  0.0637  0.1832  0.0292  0.0224   0.0816   0.0443   0.0659   0.0682   0.0491   0.0428   1.0000   0.0781   0.1345   0.0778   0.0543   0.0555   0.0801   0.1951   0.0583   0.0402   0.0545   0.0965   0.0392   0.0292   0.0460   0.0431   0.1249   0.0957   0.0594   0.0274   0.1428   0.0941   0.0832   0.0816   0.0513   0.0343   0.1086   0.1171   0.0753   0.1419   0.0448   0.0472   0.0639   0.0374   0.1181
SIM17L2  0.1469  0.0459  0.0909  0.0801  0.0487  0.0216  0.0877  0.0747  0.0508  0.0647   0.0478   0.0613   0.0249   0.0552   0.0816   0.0224   0.0781   1.0000   0.1335   0.1259   0.0749   0.0661   0.0739   0.0624   0.0794   0.0375   0.0181   0.0734   0.0146   0.0648   0.0648   0.0935   0.0682   0.0638   0.0634   0.0818   0.0454   0.0559   0.0454   0.0703   0.0845   0.0616   0.0617   0.0915   0.0842   0.0808   0.0337   0.0574   0.0606   0.0628   0.0402
SIM18L2  0.1494  0.0663  0.0452  0.1005  0.0933  0.0870  0.0540  0.1436  0.0174  0.0722   0.0714   0.0441   0.0860   0.0787   0.0928   0.1001   0.1345   0.1335   1.0000   0.0675   0.0542   0.0452   0.0782   0.1375   0.0559   0.0422   0.0721   0.1107   0.0441   0.0689   0.0836   0.0757   0.0668   0.0893   0.0547   0.0428   0.1266   0.0757   0.1341   0.1034   0.0583   0.0492   0.0878   0.1604   0.0700   0.0946   0.0709   0.0474   0.0611   0.0294   0.0586
SIM19L2  0.1026  0.0297  0.0916  0.0822  0.1142  0.0578  0.0958  0.0559  0.0577  0.0572   0.1051   0.0427   0.1317   0.0916   0.0538   0.0550   0.0778   0.1259   0.0675   1.0000   0.0711   0.0626   0.0996   0.0496   0.0978   0.0801   0.0949   0.0722   0.0683   0.1105   0.0576   0.0588   0.0265   0.0512   0.0563   0.1025   0.0456   0.0904   0.0905   0.1316   0.1315   0.0738   0.0944   0.0835   0.0693   0.1023   0.0746   0.0809   0.0596   0.0586   0.0614
SIM20L2  0.1146  0.0645  0.0950  0.0863  0.0961  0.0802  0.0382  0.0747  0.0721  0.0467   0.0475   0.0869   0.0778   0.1158   0.0581   0.0659   0.0543   0.0749   0.0542   0.0711   1.0000   0.0763   0.0698   0.0395   0.0688   0.0871   0.1300   0.0585   0.0579   0.0830   0.0589   0.1231   0.1067   0.0896   0.0442   0.0549   0.0962   0.0605   0.0656   0.1122   0.0579   0.0952   0.0431   0.0217   0.0687   0.0427   0.0572   0.1278   0.0966   0.0562   0.0369
SIM21L2  0.1036  0.0385  0.0813  0.0496  0.0498  0.0576  0.0154  0.0467  0.0380  0.1453   0.0377   0.0709   0.0338   0.1119   0.1008   0.0331   0.0555   0.0661   0.0452   0.0626   0.0763   1.0000   0.0393   0.0162   0.0949   0.0927   0.0257   0.0387   0.0819   0.0217   0.0368   0.0774   0.0682   0.0901   0.0736   0.0871   0.0550   0.0922   0.0836   0.0552   0.0316   0.0674   0.0566   0.0381   0.0184   0.0301   0.0561   0.0349   0.0868   0.0465   0.0633
SIM22L2  0.1247  0.1011  0.0675  0.0285  0.0825  0.0604  0.0627  0.0960  0.0538  0.0519   0.0982   0.0452   0.0097   0.0483   0.0501   0.0353   0.0801   0.0739   0.0782   0.0996   0.0698   0.0393   1.0000   0.0814   0.0474   0.0697   0.0350   0.0684   0.0470   0.0416   0.0617   0.0445   0.0386   0.0442   0.0525   0.0278   0.0473   0.0101   0.1034   0.1140   0.0698   0.0479   0.0474   0.0679   0.0503   0.0612   0.0569   0.0650   0.0533   0.0073   0.0639
SIM23L2  0.0992  0.0946  0.0394  0.0563  0.0808  0.0955  0.0289  0.2082  0.0694  0.0673   0.0363   0.0559   0.0251   0.0545   0.0501   0.0804   0.1951   0.0624   0.1375   0.0496   0.0395   0.0162   0.0814   1.0000   0.1117   0.0498   0.1045   0.1047   0.0352   0.0009   0.0433   0.0716   0.0768   0.0232   0.0350   0.0703   0.2221   0.1196   0.0317   0.1277   0.0313   0.0773   0.1254   0.1015   0.0409   0.1342   0.0545   0.0699   0.0579   0.0657   0.1616
SIM24L2  0.1206  0.0679  0.0823  0.0597  0.0902  0.0306  0.0606  0.0559  0.0606  0.0638   0.0778   0.1189   0.0827   0.0957   0.0570   0.0698   0.0583   0.0794   0.0559   0.0978   0.0688   0.0949   0.0474   0.1117   1.0000   0.1318   0.0556   0.0560   0.0402   0.0997   0.0447   0.0854   0.0489   0.1039   0.0835   0.0684   0.1200   0.1103   0.0769   0.1014   0.0828   0.0811   0.0489   0.0796   0.0616   0.0974   0.0696   0.0519   0.0968   0.0784   0.0568
SIM25L2  0.1061  0.1022  0.0720  0.0542  0.0824  0.0722  0.0636  0.0690  0.0806  0.0319   0.1042   0.0752   0.0549   0.1339   0.1248   0.1180   0.0402   0.0375   0.0422   0.0801   0.0871   0.0927   0.0697   0.0498   0.1318   1.0000   0.0822   0.0686   0.0852   0.0954   0.0807   0.0349   0.0613   0.1072   0.0841   0.1093   0.0885   0.0599   0.0608   0.0736   0.1144   0.0934   0.0598   0.0528   0.0485   0.0449   0.0544   0.0350   0.0859   0.0893   0.0695
SIM26L2  0.0760  0.0378  0.0726  0.0411  0.0139  0.1297  0.0600  0.0778  0.0142  0.0298   0.0300   0.0675   0.0454   0.0696   0.0779   0.0832   0.0545   0.0181   0.0721   0.0949   0.1300   0.0257   0.0350   0.1045   0.0556   0.0822   1.0000   0.0693   0.0253   0.0728   0.0358   0.0492   0.0675   0.0798   0.0465   0.0657   0.1111   0.0941   0.0482   0.0975   0.0657   0.0572   0.0615   0.0610   0.0175   0.0674   0.0655   0.0936   0.0412   0.0356   0.0838
SIM27L2  0.0948  0.0750  0.0617  0.0745  0.0563  0.0504  0.0418  0.1363  0.0482  0.1017   0.0839   0.0256   0.0442   0.0720   0.0651   0.0431   0.0965   0.0734   0.1107   0.0722   0.0585   0.0387   0.0684   0.1047   0.0560   0.0686   0.0693   1.0000   0.0622   0.0635   0.0824   0.0589   0.0691   0.0382   0.0344   0.0069   0.0817   0.0800   0.0494   0.0778   0.0192   0.0660   0.1128   0.0776   0.0866   0.0797   0.0453   0.1029   0.0789   0.0508   0.0987
SIM28L2  0.1064  0.0876  0.0717  0.0702  0.1057  0.0905  0.0703  0.0552  0.0251  0.0783   0.0792   0.0890   0.0838   0.0953   0.0873   0.0458   0.0392   0.0146   0.0441   0.0683   0.0579   0.0819   0.0470   0.0352   0.0402   0.0852   0.0253   0.0622   1.0000   0.0531   0.0966   0.0644   0.0488   0.0841   0.0632   0.0603   0.0479   0.0723   0.1018   0.0658   0.0511   0.0653   0.0519   0.0394   0.0905   0.0364   0.0722   0.0827   0.0433   0.0599   0.1380
SIM29L2  0.0646  0.0511  0.1065  0.0735  0.1100  0.0773  0.0117  0.0397 -0.0071  0.0329   0.0725   0.0846   0.1044   0.0953   0.0739   0.0761   0.0292   0.0648   0.0689   0.1105   0.0830   0.0217   0.0416   0.0009   0.0997   0.0954   0.0728   0.0635   0.0531   1.0000   0.0731   0.1010   0.0405   0.0954   0.1050   0.1262   0.0715   0.0524   0.0443   0.0445   0.0825   0.0501   0.0341   0.0452   0.0716   0.0597   0.0649   0.0748   0.1306   0.0228   0.0687
SIM30L2  0.0680  0.0725  0.1140  0.0977  0.0371  0.1251  0.0121  0.0548  0.0306  0.0382   0.0767   0.0857   0.0532   0.0441   0.0587   0.0175   0.0460   0.0648   0.0836   0.0576   0.0589   0.0368   0.0617   0.0433   0.0447   0.0807   0.0358   0.0824   0.0966   0.0731   1.0000   0.0791   0.0791   0.0310   0.0746   0.0227   0.0601   0.0361   0.1123   0.0720   0.1054   0.0374   0.0678   0.0424   0.1167   0.0374   0.0632   0.0752   0.0674   0.0687   0.0647
SIM31L2  0.1027  0.0347  0.0879  0.0347  0.0355  0.0770  0.0469  0.0592  0.0615  0.0720   0.0733   0.0104   0.0754   0.0523   0.0926   0.0620   0.0431   0.0935   0.0757   0.0588   0.1231   0.0774   0.0445   0.0716   0.0854   0.0349   0.0492   0.0589   0.0644   0.1010   0.0791   1.0000   0.0358   0.1022   0.0249   0.0709   0.0528   0.0459   0.0180   0.0200   0.1442   0.0710   0.0598   0.0549   0.0897   0.0527   0.0347   0.0743   0.0781   0.0831   0.0527
SIM32L2  0.0853  0.1061  0.0953  0.0776  0.0716  0.0785  0.0292  0.0967  0.0197  0.0798   0.1328   0.0998   0.0485   0.0340   0.0310   0.0723   0.1249   0.0682   0.0668   0.0265   0.1067   0.0682   0.0386   0.0768   0.0489   0.0613   0.0675   0.0691   0.0488   0.0405   0.0791   0.0358   1.0000   0.0769   0.0812   0.0118   0.0699   0.0869   0.1292   0.0624   0.0814   0.0579   0.0923   0.0949   0.0591   0.1370   0.0726   0.0364   0.0456   0.0455   0.1257
SIM33L2  0.1061  0.0443  0.0925  0.0978  0.0350  0.0457  0.0578  0.0533  0.0551  0.0552   0.0489   0.1143   0.0953   0.1429   0.0934   0.0763   0.0957   0.0638   0.0893   0.0512   0.0896   0.0901   0.0442   0.0232   0.1039   0.1072   0.0798   0.0382   0.0841   0.0954   0.0310   0.1022   0.0769   1.0000   0.0375   0.1181   0.0765   0.0820   0.0676   0.0521   0.0892   0.0972   0.0660   0.0412   0.0380   0.0504   0.0569   0.0624   0.1071   0.0409   0.0437
SIM34L2  0.0982  0.0502  0.0517  0.0384  0.0550  0.0327  0.0542  0.0411  0.0125  0.0501   0.0533   0.0508   0.1075   0.0316   0.0807   0.0728   0.0594   0.0634   0.0547   0.0563   0.0442   0.0736   0.0525   0.0350   0.0835   0.0841   0.0465   0.0344   0.0632   0.1050   0.0746   0.0249   0.0812   0.0375   1.0000   0.0592   0.0735   0.0277   0.0823   0.0697   0.0429   0.0552   0.0624   0.0843   0.1054   0.0765   0.0562   0.0349   0.0231   0.0874   0.0563
SIM35L2  0.0860  0.0738  0.0918  0.0933  0.0325  0.0444  0.0039  0.0413  0.0937  0.1059   0.0355   0.1112   0.0796   0.0846   0.0765   0.0102   0.0274   0.0818   0.0428   0.1025   0.0549   0.0871   0.0278   0.0703   0.0684   0.1093   0.0657   0.0069   0.0603   0.1262   0.0227   0.0709   0.0118   0.1181   0.0592   1.0000   0.0261   0.0237   0.0396   0.0437   0.0778   0.0936   0.0641   0.1422   0.0293   0.0344   0.0286   0.0649   0.1006   0.0624   0.0433
SIM36L2  0.0814  0.0422  0.0952  0.0622  0.0732  0.1011  0.0254  0.1477  0.0437  0.0377   0.0763   0.0490   0.1169   0.0367   0.1189   0.1333   0.1428   0.0454   0.1266   0.0456   0.0962   0.0550   0.0473   0.2221   0.1200   0.0885   0.1111   0.0817   0.0479   0.0715   0.0601   0.0528   0.0699   0.0765   0.0735   0.0261   1.0000   0.1174   0.0286   0.1320   0.0458   0.0749   0.1863   0.0680   0.0799   0.1380   0.0996   0.0614   0.0333   0.0641   0.1732
SIM37L2  0.0987  0.1160  0.0275  0.0814  0.0962  0.1107  0.0677  0.0897  0.0820  0.0650   0.0600   0.0894   0.0525   0.0533   0.0639   0.0515   0.0941   0.0559   0.0757   0.0904   0.0605   0.0922   0.0101   0.1196   0.1103   0.0599   0.0941   0.0800   0.0723   0.0524   0.0361   0.0459   0.0869   0.0820   0.0277   0.0237   0.1174   1.0000   0.0581   0.1015   0.0259   0.0682   0.1003   0.0374   0.0222   0.0728   0.1161   0.1021   0.0490   0.0884   0.1115
SIM38L2  0.1075  0.1099  0.0720  0.0991  0.0973  0.0857  0.0623  0.0006  0.0542  0.0559   0.1103   0.0758   0.0336   0.0626   0.0642   0.0546   0.0832   0.0454   0.1341   0.0905   0.0656   0.0836   0.1034   0.0317   0.0769   0.0608   0.0482   0.0494   0.1018   0.0443   0.1123   0.0180   0.1292   0.0676   0.0823   0.0396   0.0286   0.0581   1.0000   0.1108   0.1784   0.0698   0.0518   0.0868   0.0653   0.0869   0.0379   0.0975   0.0266   0.0572   0.1691
SIM39L2  0.0979  0.1184  0.1064  0.0599  0.0921  0.0882  0.0147  0.1103  0.0365  0.0187   0.0557   0.0460   0.0731   0.0899   0.0811   0.0944   0.0816   0.0703   0.1034   0.1316   0.1122   0.0552   0.1140   0.1277   0.1014   0.0736   0.0975   0.0778   0.0658   0.0445   0.0720   0.0200   0.0624   0.0521   0.0697   0.0437   0.1320   0.1015   0.1108   1.0000   0.0669   0.0677   0.1452   0.0815   0.0362   0.0396   0.0505   0.0421   0.0701   0.0246   0.1174
SIM40L2  0.0994  0.0895  0.0807  0.0633  0.0460  0.0722  0.0808  0.0278  0.0540  0.1013   0.0830   0.0861   0.0310   0.0456   0.0694   0.0089   0.0513   0.0845   0.0583   0.1315   0.0579   0.0316   0.0698   0.0313   0.0828   0.1144   0.0657   0.0192   0.0511   0.0825   0.1054   0.1442   0.0814   0.0892   0.0429   0.0778   0.0458   0.0259   0.1784   0.0669   1.0000   0.0909   0.0648   0.0170   0.0427   0.0741  -0.0108   0.0768   0.0748   0.0692   0.0775
SIM41L2  0.1225  0.0616  0.0598  0.0134  0.0350  0.0544  0.1022  0.0068  0.0445  0.1002   0.0756   0.0687   0.0849   0.0911   0.0617   0.0906   0.0343   0.0616   0.0492   0.0738   0.0952   0.0674   0.0479   0.0773   0.0811   0.0934   0.0572   0.0660   0.0653   0.0501   0.0374   0.0710   0.0579   0.0972   0.0552   0.0936   0.0749   0.0682   0.0698   0.0677   0.0909   1.0000   0.0665   0.0199   0.0781   0.0420   0.0758   0.0825   0.0759   0.0926   0.0509
SIM42L2  0.0830  0.1001  0.0681  0.0533  0.0314  0.0879  0.0888  0.1061  0.0153  0.0271   0.0776   0.0821   0.0808   0.0656   0.0961   0.0717   0.1086   0.0617   0.0878   0.0944   0.0431   0.0566   0.0474   0.1254   0.0489   0.0598   0.0615   0.1128   0.0519   0.0341   0.0678   0.0598   0.0923   0.0660   0.0624   0.0641   0.1863   0.1003   0.0518   0.1452   0.0648   0.0665   1.0000   0.0877   0.0544   0.1181   0.0262   0.0535   0.0676   0.0567   0.0981
SIM43L2  0.0939  0.0537  0.0340  0.0780  0.0719  0.0487  0.0693  0.1208  0.0148  0.0673   0.0788   0.0612   0.0652   0.0247   0.0482   0.0695   0.1171   0.0915   0.1604   0.0835   0.0217   0.0381   0.0679   0.1015   0.0796   0.0528   0.0610   0.0776   0.0394   0.0452   0.0424   0.0549   0.0949   0.0412   0.0843   0.1422   0.0680   0.0374   0.0868   0.0815   0.0170   0.0199   0.0877   1.0000   0.0270   0.1476   0.0694   0.0163   0.0578   0.0204   0.0800
SIM44L2  0.0949  0.0548  0.1072  0.0950  0.0304  0.0707  0.1084  0.0644  0.0451  0.0671   0.0789   0.0290   0.1225   0.0578   0.0576   0.0786   0.0753   0.0842   0.0700   0.0693   0.0687   0.0184   0.0503   0.0409   0.0616   0.0485   0.0175   0.0866   0.0905   0.0716   0.1167   0.0897   0.0591   0.0380   0.1054   0.0293   0.0799   0.0222   0.0653   0.0362   0.0427   0.0781   0.0544   0.0270   1.0000   0.1007   0.0544   0.0838   0.0436   0.0499   0.0780
SIM45L2  0.0934  0.0756  0.0826  0.0855  0.1355  0.0359  0.0326  0.1152  0.0316  0.0497   0.0771   0.0744   0.1181   0.0503   0.0593   0.0546   0.1419   0.0808   0.0946   0.1023   0.0427   0.0301   0.0612   0.1342   0.0974   0.0449   0.0674   0.0797   0.0364   0.0597   0.0374   0.0527   0.1370   0.0504   0.0765   0.0344   0.1380   0.0728   0.0869   0.0396   0.0741   0.0420   0.1181   0.1476   0.1007   1.0000   0.0398   0.0833   0.1252   0.0881   0.1062
SIM46L2  0.0929  0.0612  0.0825  0.0376  0.0923  0.0264  0.1143  0.0166  0.0135  0.0217   0.0633   0.0757   0.0467   0.0138   0.0452   0.0516   0.0448   0.0337   0.0709   0.0746   0.0572   0.0561   0.0569   0.0545   0.0696   0.0544   0.0655   0.0453   0.0722   0.0649   0.0632   0.0347   0.0726   0.0569   0.0562   0.0286   0.0996   0.1161   0.0379   0.0505  -0.0108   0.0758   0.0262   0.0694   0.0544   0.0398   1.0000   0.0532   0.0058   0.0679   0.1068
SIM47L2  0.1066  0.0389  0.0364  0.0769  0.0826  0.0402  0.0678  0.0366  0.0628  0.0962   0.0994   0.0992   0.0586   0.0878   0.0174   0.0386   0.0472   0.0574   0.0474   0.0809   0.1278   0.0349   0.0650   0.0699   0.0519   0.0350   0.0936   0.1029   0.0827   0.0748   0.0752   0.0743   0.0364   0.0624   0.0349   0.0649   0.0614   0.1021   0.0975   0.0421   0.0768   0.0825   0.0535   0.0163   0.0838   0.0833   0.0532   1.0000   0.0633   0.0481   0.1008
SIM48L2  0.0839  0.1086  0.1146  0.1078  0.0442  0.0484  0.0854  0.0268  0.0518  0.0158   0.0761   0.0697   0.0581   0.1260   0.0683   0.0508   0.0639   0.0606   0.0611   0.0596   0.0966   0.0868   0.0533   0.0579   0.0968   0.0859   0.0412   0.0789   0.0433   0.1306   0.0674   0.0781   0.0456   0.1071   0.0231   0.1006   0.0333   0.0490   0.0266   0.0701   0.0748   0.0759   0.0676   0.0578   0.0436   0.1252   0.0058   0.0633   1.0000   0.0501   0.0503
SIM49L2  0.1051  0.0190  0.0579  0.0760  0.0503  0.0231  0.0743  0.0117  0.0560  0.0207   0.0793   0.1059   0.0396   0.0587   0.0685   0.0442   0.0374   0.0628   0.0294   0.0586   0.0562   0.0465   0.0073   0.0657   0.0784   0.0893   0.0356   0.0508   0.0599   0.0228   0.0687   0.0831   0.0455   0.0409   0.0874   0.0624   0.0641   0.0884   0.0572   0.0246   0.0692   0.0926   0.0567   0.0204   0.0499   0.0881   0.0679   0.0481   0.0501   1.0000   0.1113
SIM50L2  0.0925  0.1199  0.0835  0.0489  0.0608  0.0836  0.0521  0.0733  0.0544  0.1010   0.0969   0.0890   0.0627   0.0487   0.0475   0.0529   0.1181   0.0402   0.0586   0.0614   0.0369   0.0633   0.0639   0.1616   0.0568   0.0695   0.0838   0.0987   0.1380   0.0687   0.0647   0.0527   0.1257   0.0437   0.0563   0.0433   0.1732   0.1115   0.1691   0.1174   0.0775   0.0509   0.0981   0.0800   0.0780   0.1062   0.1068   0.1008   0.0503   0.1113   1.0000

LD Score Matrix Condition Number
3.5024

Annotation Correlation Matrix
         SIM1    SIM2    SIM3    SIM4    SIM5    SIM6    SIM7    SIM8    SIM9   SIM10   SIM11   SIM12   SIM13   SIM14   SIM15   SIM16   SIM17   SIM18   SIM19   SIM20   SIM21   SIM22   SIM23   SIM24   SIM25   SIM26   SIM27   SIM28   SIM29   SIM30   SIM31   SIM32   SIM33   SIM34   SIM35   SIM36   SIM37   SIM38   SIM39   SIM40   SIM41   SIM42   SIM43   SIM44   SIM45   SIM46   SIM47   SIM48   SIM49   SIM50
SIM1   1.0000  0.0108  0.0066  0.0071  0.0070  0.0110  0.0032  0.0185 -0.0005 -0.0006  0.0150  0.0073  0.0111  0.0140  0.0109  0.0142 -0.0006  0.0071  0.0032  0.0105  0.0071  0.0069  0.0074  0.0031  0.0069  0.0035  0.0147  0.0032  0.0145  0.0032 -0.0006  0.0110  0.0071  0.0032  0.0102 -0.0005  0.0105  0.0068 -0.0005  0.0072 -0.0006  0.0067  0.0102  0.0068  0.0032  0.0032  0.0073 -0.0006  0.0071  0.0067
SIM2   0.0108  1.0000  0.0031  0.0033  0.0033  0.0072  0.0032  0.0033  0.0072  0.0141 -0.0005 -0.0005 -0.0005  0.0068  0.0033  0.0032  0.0070  0.0033  0.0070  0.0069  0.0033  0.0032  0.0035  0.0143 -0.0006  0.0075  0.0071 -0.0005  0.0032  0.0070  0.0068  0.0033  0.0033  0.0069  0.0031  0.0033  0.0032  0.0069  0.0110  0.0073  0.0032  0.0031 -0.0006  0.0181  0.0070  0.0071  0.0114  0.0071  0.0072  0.0067
SIM3   0.0066  0.0031  1.0000  0.0068  0.0031 -0.0006  0.0102  0.0141  0.0069  0.0134  0.0069  0.0070  0.0069  0.0064  0.0178  0.0065  0.0066  0.0104  0.0066 -0.0006  0.0031  0.0101  0.0070  0.0065  0.0174  0.0071  0.0031  0.0103  0.0030  0.0103  0.0100  0.0142  0.0031  0.0030  0.0132  0.0068  0.0100  0.0029  0.0031  0.0032  0.0136  0.0029  0.0063  0.0172  0.0103 -0.0006  0.0070  0.0067 -0.0006  0.0029
SIM4   0.0071  0.0033  0.0068  1.0000 -0.0005 -0.0005  0.0109  0.0111 -0.0005  0.0105  0.0074  0.0035  0.0074  0.0031  0.0072  0.0070  0.0032  0.0150  0.0071  0.0070  0.0072  0.0032  0.0035  0.0070  0.0071  0.0035  0.0072  0.0071  0.0109  0.0033  0.0069  0.0034 -0.0005  0.0146  0.0104  0.0112  0.0032 -0.0006  0.0034  0.0114  0.0107  0.0069  0.0067 -0.0006  0.0033  0.0072 -0.0005 -0.0005  0.0033  0.0031
SIM5   0.0070  0.0033  0.0031 -0.0005  1.0000  0.0072  0.0070 -0.0005  0.0033 -0.0006  0.0073  0.0034  0.0073  0.0068  0.0263 -0.0006  0.0069 -0.0005  0.0070  0.0106  0.0033  0.0107  0.0034  0.0032 -0.0006  0.0075  0.0071  0.0146  0.0184  0.0032  0.0142  0.0033  0.0033  0.0107  0.0103 -0.0005  0.0031 -0.0006  0.0110 -0.0005  0.0032  0.0068  0.0066  0.0069  0.0070  0.0033  0.0034  0.0071  0.0071 -0.0006
SIM6   0.0110  0.0072 -0.0006 -0.0005  0.0072  1.0000  0.0110  0.0034  0.0113 -0.0006  0.0035  0.0075  0.0075  0.0032  0.0034  0.0033  0.0109 -0.0005  0.0110  0.0108  0.0034  0.0033  0.0076  0.0108 -0.0005  0.0159  0.0151  0.0111  0.0072  0.0033  0.0032  0.0074 -0.0005  0.0071  0.0031  0.0073  0.0146  0.0070 -0.0005  0.0075  0.0108  0.0181  0.0068  0.0260 -0.0005  0.0189  0.0035  0.0033  0.0112  0.0106
SIM7   0.0032  0.0032  0.0102  0.0109  0.0070  0.0110  1.0000  0.0032  0.0110  0.0067 -0.0005  0.0073  0.0111  0.0103  0.0032  0.0105  0.0031  0.0032  0.0069  0.0068  0.0108  0.0068  0.0073  0.0031  0.0032 -0.0005  0.0222  0.0032  0.0107  0.0032  0.0104  0.0071  0.0109  0.0031  0.0030  0.0071  0.0104 -0.0006  0.0071  0.0111  0.0105  0.0103  0.0101  0.0141  0.0107  0.0145  0.0112  0.0032  0.0108  0.0030
SIM8   0.0185  0.0033  0.0141  0.0111 -0.0005  0.0034  0.0032  1.0000  0.0034  0.0105  0.0113  0.0035  0.0074  0.0031 -0.0005  0.0032  0.0146  0.0072  0.0146  0.0107  0.0033  0.0108  0.0075 -0.0006  0.0147 -0.0005  0.0033  0.0071  0.0033 -0.0005  0.0143  0.0073  0.0111  0.0108  0.0031  0.0111 -0.0006  0.0069 -0.0005 -0.0005 -0.0006  0.0105  0.0067  0.0145  0.0033 -0.0005  0.0075  0.0110  0.0111  0.0068
SIM9  -0.0005  0.0072  0.0069 -0.0005  0.0033  0.0113  0.0110  0.0034  1.0000  0.0069  0.0035  0.0035  0.0155  0.0032  0.0073  0.0071  0.0147  0.0073  0.0148  0.0070  0.0112 -0.0005  0.0076  0.0146  0.0033  0.0036  0.0112  0.0033  0.0033  0.0111  0.0032 -0.0005  0.0034  0.0071  0.0068  0.0152  0.0108  0.0032  0.0034 -0.0005  0.0070  0.0069 -0.0006  0.0070  0.0072  0.0072 -0.0005 -0.0005  0.0034  0.0069
SIM10 -0.0006  0.0141  0.0134  0.0105 -0.0006 -0.0006  0.0067  0.0105  0.0069  1.0000  0.0183  0.0070  0.0070  0.0100  0.0068  0.0066  0.0066  0.0105  0.0139 -0.0006  0.0105  0.0066  0.0033  0.0101  0.0067  0.0033  0.0068  0.0031  0.0031  0.0103  0.0100  0.0069  0.0031  0.0066  0.0098  0.0068  0.0065  0.0065  0.0142  0.0070  0.0137  0.0135  0.0133  0.0066  0.0067  0.0068  0.0147  0.0068 -0.0006  0.0029
SIM11  0.0150 -0.0005  0.0069  0.0074  0.0073  0.0035 -0.0005  0.0113  0.0035  0.0183  1.0000 -0.0005 -0.0005  0.0108  0.0074  0.0148  0.0033  0.0034  0.0033  0.0033  0.0034  0.0149  0.0077  0.0033  0.0033  0.0160  0.0034  0.0190  0.0034  0.0151 -0.0005  0.0154 -0.0005  0.0110  0.0069  0.0114 -0.0005 -0.0005  0.0074  0.0116  0.0109  0.0032  0.0032  0.0263 -0.0005  0.0112  0.0036  0.0112  0.0113  0.0107
SIM12  0.0073 -0.0005  0.0070  0.0035  0.0034  0.0075  0.0073  0.0035  0.0035  0.0070 -0.0005  1.0000  0.0076  0.0033 -0.0005 -0.0005  0.0033 -0.0005  0.0112  0.0072  0.0114 -0.0005  0.0036  0.0033  0.0112  0.0037  0.0074  0.0152  0.0034  0.0034  0.0033  0.0115  0.0115  0.0033  0.0070  0.0035 -0.0005 -0.0005  0.0035  0.0117  0.0110  0.0071  0.0032  0.0072  0.0073  0.0113  0.0118  0.0074  0.0114  0.0032
SIM13  0.0111 -0.0005  0.0069  0.0074  0.0073  0.0075  0.0111  0.0074  0.0155  0.0070 -0.0005  0.0076  1.0000  0.0032  0.0074  0.0110  0.0110  0.0034  0.0072  0.0033  0.0192  0.0033  0.0118  0.0109  0.0072  0.0202  0.0113  0.0112  0.0112  0.0034  0.0070  0.0074  0.0114  0.0033  0.0106  0.0074  0.0071  0.0071 -0.0005  0.0035  0.0186 -0.0006  0.0069  0.0071  0.0034  0.0034  0.0036  0.0112  0.0034  0.0182
SIM14  0.0140  0.0068  0.0064  0.0031  0.0068  0.0032  0.0103  0.0031  0.0032  0.0100  0.0108  0.0033  0.0032  1.0000  0.0068  0.0066  0.0066  0.0105  0.0031  0.0066  0.0068  0.0030 -0.0005 -0.0006  0.0103  0.0033  0.0068  0.0104  0.0031  0.0067  0.0065  0.0144  0.0106 -0.0006  0.0134  0.0069 -0.0006  0.0065  0.0031 -0.0006  0.0138  0.0029  0.0029  0.0102  0.0031  0.0141  0.0033 -0.0006  0.0105  0.0205
SIM15  0.0109  0.0033  0.0178  0.0072  0.0263  0.0034  0.0032 -0.0005  0.0073  0.0068  0.0074 -0.0005  0.0074  0.0068  1.0000  0.0070  0.0032  0.0150  0.0032  0.0107  0.0150  0.0146  0.0075  0.0107  0.0147  0.0116  0.0111 -0.0005  0.0033  0.0109  0.0069  0.0073  0.0073  0.0070 -0.0006  0.0034 -0.0006  0.0106 -0.0005  0.0034 -0.0006  0.0105  0.0031  0.0032  0.0109  0.0033  0.0235 -0.0005  0.0072  0.0068
SIM16  0.0142  0.0032  0.0065  0.0070 -0.0006  0.0033  0.0105  0.0032  0.0071  0.0066  0.0148 -0.0005  0.0110  0.0066  0.0070  1.0000  0.0104  0.0070  0.0068  0.0067  0.0070  0.0141  0.0034  0.0140 -0.0006  0.0073  0.0032  0.0069  0.0068  0.0032  0.0103  0.0108  0.0070  0.0031  0.0101  0.0070  0.0103 -0.0006  0.0032 -0.0005  0.0177  0.0066  0.0171  0.0067  0.0031  0.0106  0.0033  0.0069  0.0032  0.0101
SIM17 -0.0006  0.0070  0.0066  0.0032  0.0069  0.0109  0.0031  0.0146  0.0147  0.0066  0.0033  0.0033  0.0110  0.0066  0.0032  0.0104  1.0000  0.0184  0.0031  0.0031  0.0070 -0.0006 -0.0005  0.0031  0.0143  0.0074  0.0032  0.0032  0.0069  0.0106 -0.0006  0.0033  0.0108  0.0068  0.0066  0.0070  0.0067  0.0067  0.0070  0.0072  0.0031  0.0103  0.0136 -0.0006  0.0181  0.0070  0.0073  0.0032  0.0032 -0.0006
SIM18  0.0071  0.0033  0.0104  0.0150 -0.0005 -0.0005  0.0032  0.0072  0.0073  0.0105  0.0034 -0.0005  0.0034  0.0105  0.0150  0.0070  0.0184  1.0000  0.0070  0.0107  0.0111  0.0032  0.0035  0.0107  0.0071  0.0035  0.0111  0.0071  0.0109  0.0186 -0.0006  0.0034  0.0034  0.0108  0.0031  0.0073  0.0219  0.0144  0.0189  0.0113 -0.0006  0.0068  0.0104  0.0145  0.0147  0.0033  0.0035  0.0033  0.0072  0.0031
SIM19  0.0032  0.0070  0.0066  0.0071  0.0070  0.0110  0.0069  0.0146  0.0148  0.0139  0.0033  0.0112  0.0072  0.0031  0.0032  0.0068  0.0031  0.0070  1.0000  0.0031 -0.0005  0.0031 -0.0005  0.0178  0.0032  0.0154  0.0032  0.0069  0.0107  0.0069  0.0031  0.0033  0.0033  0.0068  0.0066  0.0033  0.0141  0.0067  0.0071  0.0111  0.0031 -0.0006  0.0066  0.0031  0.0107  0.0183  0.0190  0.0108  0.0070  0.0066
SIM20  0.0105  0.0069 -0.0006  0.0070  0.0106  0.0108  0.0068  0.0107  0.0070 -0.0006  0.0033  0.0072  0.0033  0.0066  0.0107  0.0067  0.0031  0.0107  0.0031  1.0000  0.0032  0.0031  0.0072  0.0031  0.0031  0.0191  0.0069  0.0031  0.0068  0.0069  0.0175  0.0108  0.0070 -0.0006  0.0065  0.0108  0.0103 -0.0006 -0.0006  0.0109  0.0067  0.0102 -0.0006  0.0031  0.0031 -0.0006  0.0188  0.0069  0.0107  0.0030
SIM21  0.0071  0.0033  0.0031  0.0072  0.0033  0.0034  0.0108  0.0033  0.0112  0.0105  0.0034  0.0114  0.0192  0.0068  0.0150  0.0070  0.0070  0.0111 -0.0005  0.0032  1.0000  0.0183  0.0075 -0.0006  0.0185  0.0076  0.0072  0.0071  0.0033  0.0071  0.0032  0.0112  0.0111  0.0183  0.0177  0.0111  0.0069  0.0144  0.0072 -0.0005  0.0032  0.0105  0.0031  0.0070  0.0033  0.0033  0.0075 -0.0005  0.0150  0.0031
SIM22  0.0069  0.0032  0.0101  0.0032  0.0107  0.0033  0.0068  0.0108 -0.0005  0.0066  0.0149 -0.0005  0.0033  0.0030  0.0146  0.0141 -0.0006  0.0032  0.0031  0.0031  0.0183  1.0000  0.0112  0.0031  0.0180  0.0034  0.0032 -0.0006 -0.0006  0.0143  0.0067  0.0033  0.0070 -0.0006  0.0101  0.0108  0.0067  0.0103  0.0032  0.0033  0.0104  0.0066 -0.0006  0.0067  0.0106  0.0069 -0.0005  0.0069  0.0108 -0.0006
SIM23  0.0074  0.0035  0.0070  0.0035  0.0034  0.0076  0.0073  0.0075  0.0076  0.0033  0.0077  0.0036  0.0118 -0.0005  0.0075  0.0034 -0.0005  0.0035 -0.0005  0.0072  0.0075  0.0112  1.0000 -0.0005  0.0113  0.0079  0.0035  0.0074 -0.0005  0.0153 -0.0005  0.0035  0.0075  0.0073  0.0108  0.0035  0.0072  0.0111 -0.0005  0.0077  0.0111 -0.0005  0.0108  0.0072  0.0074  0.0074  0.0119  0.0035  0.0115  0.0147
SIM24  0.0031  0.0143  0.0065  0.0070  0.0032  0.0108  0.0031 -0.0006  0.0146  0.0101  0.0033  0.0033  0.0109 -0.0006  0.0107  0.0140  0.0031  0.0107  0.0178  0.0031 -0.0006  0.0031 -0.0005  1.0000  0.0031  0.0034 -0.0006  0.0179  0.0031 -0.0006  0.0102 -0.0006  0.0070  0.0213  0.0029  0.0183  0.0175  0.0139  0.0257 -0.0005 -0.0006 -0.0006  0.0170  0.0067  0.0142  0.0032  0.0033  0.0106  0.0069 -0.0006
SIM25  0.0069 -0.0006  0.0174  0.0071 -0.0006 -0.0005  0.0032  0.0147  0.0033  0.0067  0.0033  0.0112  0.0072  0.0103  0.0147 -0.0006  0.0143  0.0071  0.0032  0.0031  0.0185  0.0180  0.0113  0.0031  1.0000 -0.0005  0.0070  0.0070  0.0069 -0.0006  0.0031  0.0148  0.0071  0.0180  0.0102  0.0033  0.0068  0.0031  0.0033  0.0189 -0.0006  0.0103 -0.0006  0.0105  0.0182  0.0032  0.0073  0.0070  0.0109  0.0066
