*********************************************************************
* LD Score Regression (LDSC)
* Version 1.0.1
* (C) 2014-2019 Brendan Bulik-Sullivan and Hilary Finucane
* Broad Institute of MIT and Harvard / MIT Department of Mathematics
* GNU General Public License v3
*********************************************************************
Call: 
./ldsc.py \
--out /data/sbcs/GuoLab/backup/liq17/CRC_TF_TWAS_zhishan2024/NC_revision_OceanCode/v2_NC_revision//84Tracks//ldscores_sim5000//13 \
--bfile /data/sbcs/GuoLab/backup/liq17/ref/Alkesgroup/1000G_EUR_Phase3_plink_hg38/1000G.EUR.QC.13 \
--annot /data/sbcs/GuoLab/backup/liq17/CRC_TF_TWAS_zhishan2024/NC_revision_OceanCode/v2_NC_revision//84Tracks//annots_sim5000//13.annot.txt \
--l2  \
--ld-wind-kb 100.0 

Beginning analysis at Mon Oct 27 00:06:57 2025
Read list of 366088 SNPs from /data/sbcs/GuoLab/backup/liq17/ref/Alkesgroup/1000G_EUR_Phase3_plink_hg38/1000G.EUR.QC.13.bim
Read 50 annotations for 366088 SNPs from /data/sbcs/GuoLab/backup/liq17/CRC_TF_TWAS_zhishan2024/NC_revision_OceanCode/v2_NC_revision//84Tracks//annots_sim5000//13.annot.txt
Read list of 489 individuals from /data/sbcs/GuoLab/backup/liq17/ref/Alkesgroup/1000G_EUR_Phase3_plink_hg38/1000G.EUR.QC.13.fam
Reading genotypes from /data/sbcs/GuoLab/backup/liq17/ref/Alkesgroup/1000G_EUR_Phase3_plink_hg38/1000G.EUR.QC.13.bed
Estimating LD Score.
Writing LD Scores for 366088 SNPs to /data/sbcs/GuoLab/backup/liq17/CRC_TF_TWAS_zhishan2024/NC_revision_OceanCode/v2_NC_revision//84Tracks//ldscores_sim5000//13.l2.ldscore.gz

Summary of LD Scores in /data/sbcs/GuoLab/backup/liq17/CRC_TF_TWAS_zhishan2024/NC_revision_OceanCode/v2_NC_revision//84Tracks//ldscores_sim5000//13.l2.ldscore.gz
         MAF  SIM1L2  SIM2L2  SIM3L2  SIM4L2  SIM5L2  SIM6L2  SIM7L2  SIM8L2  SIM9L2  SIM10L2  SIM11L2  SIM12L2  SIM13L2  SIM14L2  SIM15L2  SIM16L2  SIM17L2  SIM18L2  SIM19L2  SIM20L2  SIM21L2  SIM22L2  SIM23L2  SIM24L2  SIM25L2  SIM26L2  SIM27L2  SIM28L2  SIM29L2  SIM30L2  SIM31L2  SIM32L2  SIM33L2  SIM34L2  SIM35L2  SIM36L2  SIM37L2  SIM38L2  SIM39L2  SIM40L2  SIM41L2  SIM42L2  SIM43L2  SIM44L2  SIM45L2  SIM46L2  SIM47L2  SIM48L2  SIM49L2  SIM50L2
mean  0.1493  0.0256  0.0264  0.0251  0.0220  0.0279  0.0234  0.0237  0.0283  0.0236   0.0276   0.0259   0.0284   0.0252   0.0231   0.0325   0.0246   0.0281   0.0290   0.0234   0.0312   0.0251   0.0256   0.0258   0.0315   0.0252   0.0220   0.0251   0.0282   0.0264   0.0234   0.0272   0.0298   0.0317   0.0238   0.0261   0.0285   0.0270   0.0295   0.0246   0.0198   0.0230   0.0226   0.0230   0.0236   0.0263   0.0267   0.0254   0.0267   0.0275   0.0277
std   0.1496  0.1234  0.1265  0.1257  0.1104  0.1285  0.1145  0.1204  0.1282  0.1143   0.1294   0.1274   0.1341   0.1231   0.1190   0.1410   0.1231   0.1297   0.1293   0.1181   0.1414   0.1254   0.1235   0.1292   0.1412   0.1324   0.1186   0.1265   0.1291   0.1299   0.1184   0.1244   0.1320   0.1357   0.1161   0.1265   0.1322   0.1276   0.1365   0.1208   0.1072   0.1144   0.1159   0.1161   0.1236   0.1269   0.1278   0.1274   0.1315   0.1325   0.1322
min   0.0051 -0.0078 -0.0073 -0.0078 -0.0065 -0.0079 -0.0073 -0.0074 -0.0086 -0.0078  -0.0074  -0.0059  -0.0056  -0.0072  -0.0083  -0.0075  -0.0092  -0.0073  -0.0075  -0.0061  -0.0092  -0.0097  -0.0085  -0.0066  -0.0082  -0.0061  -0.0076  -0.0079  -0.0088  -0.0061  -0.0072  -0.0089  -0.0083  -0.0076  -0.0074  -0.0081  -0.0076  -0.0074  -0.0061  -0.0074  -0.0077  -0.0073  -0.0058  -0.0091  -0.0072  -0.0070  -0.0060  -0.0062  -0.0078  -0.0093  -0.0081
25%   0.0194  0.0000  0.0000  0.0000  0.0000  0.0000  0.0000  0.0000  0.0000  0.0000   0.0000   0.0000   0.0000   0.0000   0.0000   0.0000   0.0000   0.0000   0.0000   0.0000   0.0000   0.0000   0.0000   0.0000   0.0000   0.0000   0.0000   0.0000   0.0000   0.0000   0.0000   0.0000   0.0000   0.0000   0.0000   0.0000   0.0000   0.0000   0.0000   0.0000   0.0000   0.0000   0.0000   0.0000   0.0000   0.0000   0.0000   0.0000   0.0000   0.0000   0.0000
50%   0.0879  0.0000  0.0000  0.0000  0.0000  0.0000  0.0000  0.0000  0.0000  0.0000   0.0000   0.0000   0.0000   0.0000   0.0000   0.0000   0.0000   0.0000   0.0000   0.0000   0.0000   0.0000   0.0000   0.0000   0.0000   0.0000   0.0000   0.0000   0.0000   0.0000   0.0000   0.0000   0.0000   0.0000   0.0000   0.0000   0.0000   0.0000   0.0000   0.0000   0.0000   0.0000   0.0000   0.0000   0.0000   0.0000   0.0000   0.0000   0.0000   0.0000   0.0000
75%   0.2566  0.0000  0.0000  0.0000  0.0000  0.0000  0.0000  0.0000  0.0000  0.0000   0.0000   0.0000   0.0000   0.0000   0.0000   0.0000   0.0000   0.0000   0.0000   0.0000   0.0000   0.0000   0.0000   0.0000   0.0000   0.0000   0.0000   0.0000   0.0000   0.0000   0.0000   0.0000   0.0000   0.0000   0.0000   0.0000   0.0000   0.0000   0.0000   0.0000   0.0000   0.0000   0.0000   0.0000   0.0000   0.0000   0.0000   0.0000   0.0000   0.0000   0.0000
max   0.5000  1.9991  1.4328  2.0520  1.6859  1.9267  1.3646  2.0040  1.9983  1.5779   1.7001   2.0107   2.0250   2.0009   1.9294   1.6746   2.0000   1.9941   1.6303   2.1751   2.0227   2.0042   2.0000   1.8217   2.1523   2.9187   1.8867   1.9808   1.7566   2.0000   2.0000   2.0000   2.0013   1.6399   1.9786   1.8530   1.7395   2.0325   1.7363   1.7631   2.0000   1.5098   1.3951   1.5762   2.0000   1.5920   2.0034   1.6346   1.9887   2.8514   1.7638

MAF/LD Score Correlation Matrix
            MAF  SIM1L2  SIM2L2  SIM3L2  SIM4L2  SIM5L2  SIM6L2  SIM7L2  SIM8L2  SIM9L2  SIM10L2  SIM11L2  SIM12L2  SIM13L2  SIM14L2  SIM15L2  SIM16L2  SIM17L2  SIM18L2  SIM19L2  SIM20L2  SIM21L2  SIM22L2  SIM23L2  SIM24L2  SIM25L2  SIM26L2  SIM27L2  SIM28L2  SIM29L2  SIM30L2  SIM31L2  SIM32L2  SIM33L2  SIM34L2  SIM35L2  SIM36L2  SIM37L2  SIM38L2  SIM39L2  SIM40L2  SIM41L2  SIM42L2  SIM43L2  SIM44L2  SIM45L2  SIM46L2  SIM47L2  SIM48L2  SIM49L2  SIM50L2
MAF      1.0000  0.0699  0.0928  0.0850  0.1088  0.1151  0.0710  0.0852  0.0669  0.1072   0.1389   0.1046   0.0837   0.0580   0.1101   0.0606   0.0882   0.0857   0.0933   0.0978   0.0974   0.0685   0.0743   0.0528   0.0641   0.0479   0.0828   0.0865   0.1180   0.1023   0.0808   0.0930   0.0969   0.1110   0.0923   0.0714   0.0787   0.1099   0.1025   0.0961   0.0813   0.0922   0.1145   0.0771   0.0659   0.0996   0.0680   0.1025   0.0670   0.1120   0.1038
SIM1L2   0.0699  1.0000  0.0363  0.0525  0.0190  0.0453  0.0026  0.0382  0.0558  0.0664   0.0758   0.0107   0.0504   0.0871   0.0402   0.1014   0.0168   0.0802   0.0077   0.1325   0.0188   0.0006   0.0811   0.0689   0.0718   0.0079  -0.0064   0.1227   0.0149   0.0251   0.0296   0.0348   0.1069   0.0407   0.0490   0.0362   0.0189   0.0808   0.0888   0.0679   0.0557   0.0758   0.0585   0.0215   0.0117   0.0515   0.0968   0.0521   0.0729   0.0164   0.0971
SIM2L2   0.0928  0.0363  1.0000  0.0374  0.0951  0.0613  0.1074  0.0644  0.0726  0.0491   0.0426   0.1061   0.0130   0.0899   0.0753   0.0614   0.0973   0.0327   0.0945   0.0359   0.1700   0.0310   0.0201   0.0190   0.0743   0.0073   0.1389   0.0071   0.1434   0.1013   0.0569   0.1230   0.0700   0.0425   0.0226   0.0434   0.1095   0.0556   0.0616   0.0861   0.0421   0.0619   0.0916   0.0633   0.0071   0.1151   0.0981   0.0427   0.0525   0.0848   0.0447
SIM3L2   0.0850  0.0525  0.0374  1.0000  0.0495  0.0310  0.0154  0.0722  0.0291  0.0631   0.0763   0.2193   0.0566   0.0446   0.0327   0.0360   0.0913   0.1296   0.0907   0.0393   0.1166   0.0175   0.0777  -0.0143   0.0621   0.0556   0.0619   0.0518   0.1254   0.1690   0.0619   0.0390   0.0933   0.1224   0.0261   0.0241   0.0269   0.0541   0.0537   0.0449   0.1229   0.0613   0.0699   0.0444   0.0652   0.0395   0.0189   0.0157   0.0759   0.0468   0.1053
SIM4L2   0.1088  0.0190  0.0951  0.0495  1.0000  0.0976  0.0530  0.0862  0.0605  0.0433   0.0765   0.0532   0.0593   0.0433   0.0532   0.0495   0.0951   0.0205   0.0901   0.0500   0.0897   0.0720   0.0375   0.0224   0.0260   0.0408   0.0702  -0.0009   0.0486   0.0736   0.0947   0.0663   0.0512   0.0637   0.0708   0.0908   0.0644   0.0478   0.0791   0.0020   0.1016   0.0555   0.1246   0.0572   0.0547   0.0624   0.0825   0.0106   0.0524   0.1554   0.0045
SIM5L2   0.1151  0.0453  0.0613  0.0310  0.0976  1.0000  0.0288  0.0826  0.0217  0.0222   0.0527   0.0493   0.0782   0.0308   0.0682   0.0407   0.0181   0.0309   0.0569   0.0162   0.0470   0.1159   0.0463   0.0240   0.0475   0.0520   0.0128   0.0332   0.0481   0.0669   0.0745   0.0453   0.0527   0.0499   0.0293   0.0177   0.1463   0.0707   0.0573   0.0424   0.0831   0.0944   0.1192   0.0268   0.0381   0.0614   0.0382   0.0301   0.0563   0.0720   0.0853
SIM6L2   0.0710  0.0026  0.1074  0.0154  0.0530  0.0288  1.0000  0.0461  0.0348  0.0781   0.0665   0.0246   0.0006   0.0498   0.0798   0.0513   0.0175   0.0433   0.0102  -0.0083   0.0756   0.1455   0.0507   0.0538   0.0622   0.0337   0.0505   0.0640   0.0211   0.0473   0.0315   0.0399   0.0287   0.0236   0.0909   0.0543   0.0562   0.0874   0.0404   0.0425   0.0454   0.0706  -0.0024   0.0452   0.0657   0.0568  -0.0012   0.0600   0.0510   0.0599   0.0056
SIM7L2   0.0852  0.0382  0.0644  0.0722  0.0862  0.0826  0.0461  1.0000  0.0797  0.0327   0.1297   0.0760   0.0929   0.0013   0.0385   0.0648   0.0673   0.0379   0.0524   0.0817   0.1110   0.0612   0.1098   0.0441   0.0350   0.0501   0.0928   0.1008   0.0773   0.0733   0.0900   0.0233   0.0703   0.1050   0.0152   0.0485   0.1429   0.0732   0.1070   0.0428   0.0183   0.1032   0.1109   0.0909   0.0501   0.0341   0.0177   0.0372   0.0776   0.0195   0.0319
SIM8L2   0.0669  0.0558  0.0726  0.0291  0.0605  0.0217  0.0348  0.0797  1.0000  0.0240   0.0932   0.0570   0.1081   0.0705   0.0706   0.0737   0.1527   0.0377   0.0505   0.0487   0.0733   0.0750   0.1446   0.0557   0.1347   0.1451   0.1024   0.0748   0.0028   0.0453   0.0507   0.1095   0.0534   0.1191   0.0567   0.0941   0.0429   0.1382   0.0725   0.0642   0.0033   0.0927   0.0224   0.0780   0.0313   0.1430   0.1195   0.0691   0.0492   0.0854   0.0591
SIM9L2   0.1072  0.0664  0.0491  0.0631  0.0433  0.0222  0.0781  0.0327  0.0240  1.0000   0.1093   0.1094   0.0797   0.0577   0.1148   0.0468   0.0839   0.0454   0.0604   0.0322   0.0913   0.0570   0.0626   0.0427   0.0365   0.0700   0.0172   0.0541   0.0945   0.1009   0.0928   0.0158   0.0777   0.0511   0.0304   0.0645   0.0554   0.0651   0.0508   0.0805   0.0886   0.0673   0.1244   0.0076   0.0543   0.0766   0.0023   0.0777   0.0865   0.0513   0.1236
SIM10L2  0.1389  0.0758  0.0426  0.0763  0.0765  0.0527  0.0665  0.1297  0.0932  0.1093   1.0000   0.1029   0.0734   0.0487   0.0551   0.1102   0.0818   0.0771   0.0578   0.0243   0.0250   0.1020   0.0078   0.0868   0.0927   0.0819   0.0264   0.0718   0.1014   0.0655   0.0508   0.0447   0.0484   0.0893   0.0699   0.1131   0.0453   0.1510   0.1383   0.1166   0.0247   0.0601   0.0396   0.0575   0.1183   0.1040   0.0578   0.0959   0.0633   0.0360   0.0638
SIM11L2  0.1046  0.0107  0.1061  0.2193  0.0532  0.0493  0.0246  0.0760  0.0570  0.1094   0.1029   1.0000   0.0962   0.0126   0.1028   0.0782   0.1379   0.1012   0.1037   0.0356   0.1101   0.0283   0.0529   0.0080   0.0749   0.0970   0.1116   0.1112   0.1182   0.1482   0.0649   0.0924   0.0654   0.0624   0.0314   0.0521   0.0409   0.1294   0.1520   0.0490   0.1058   0.0669   0.1084   0.0321   0.1410   0.1523   0.0785   0.0547   0.0527   0.0838   0.1456
SIM12L2  0.0837  0.0504  0.0130  0.0566  0.0593  0.0782  0.0006  0.0929  0.1081  0.0797   0.0734   0.0962   1.0000   0.0688   0.0757   0.0947   0.1594   0.1193   0.0197   0.0384   0.1315  -0.0007   0.0500   0.0225   0.0355   0.0703   0.0242   0.0680   0.0816   0.0840   0.0380   0.0615   0.0743   0.0653   0.0123   0.0939   0.0749   0.1663   0.1242   0.1102   0.0553   0.0810   0.1403   0.0720   0.0901   0.0735   0.0582   0.1071   0.0928   0.0261   0.1447
SIM13L2  0.0580  0.0871  0.0899  0.0446  0.0433  0.0308  0.0498  0.0013  0.0705  0.0577   0.0487   0.0126   0.0688   1.0000   0.0638   0.0382   0.0524   0.0723   0.0481   0.0692   0.0810   0.0102   0.0393   0.0273   0.1193   0.0322   0.0224   0.0531  -0.0044   0.0169   0.0268   0.0390   0.0628   0.0710   0.0456   0.0633   0.0434   0.0576   0.0304   0.0957   0.0272   0.0630   0.0979   0.0437   0.0604   0.0738   0.0742   0.0896   0.0815   0.0208   0.0892
SIM14L2  0.1101  0.0402  0.0753  0.0327  0.0532  0.0682  0.0798  0.0385  0.0706  0.1148   0.0551   0.1028   0.0757   0.0638   1.0000   0.0763   0.0951   0.0451   0.0305   0.0245   0.0960   0.0665   0.0556   0.0266   0.0945   0.0887   0.0161   0.0518   0.0345   0.0269   0.0306   0.0688   0.0561   0.0586   0.0728   0.0993   0.0685   0.0754   0.0556   0.0783   0.0507   0.0351   0.1036   0.0265   0.0352   0.1104   0.0895   0.1015   0.0910   0.1024   0.0721
SIM15L2  0.0606  0.1014  0.0614  0.0360  0.0495  0.0407  0.0513  0.0648  0.0737  0.0468   0.1102   0.0782   0.0947   0.0382   0.0763   1.0000   0.0928   0.1021   0.0576   0.0364   0.0564   0.0585   0.0513   0.0732   0.1054   0.0514   0.0508   0.0827   0.1038   0.0241   0.0519   0.0171   0.0413   0.1076   0.0697   0.1042   0.0291   0.1257   0.1593   0.0778   0.0281   0.0359   0.0276   0.0173   0.0739   0.0999   0.0808   0.0916   0.0774   0.0212   0.0751
SIM16L2  0.0882  0.0168  0.0973  0.0913  0.0951  0.0181  0.0175  0.0673  0.1527  0.0839   0.0818   0.1379   0.1594   0.0524   0.0951   0.0928   1.0000   0.1235   0.0565   0.0236   0.1428   0.0310   0.0555  -0.0080   0.0365   0.0401   0.0911   0.0480   0.0747   0.0404   0.0446   0.1139   0.0751   0.0777   0.0419   0.0769   0.0147   0.0714   0.1545   0.0955   0.0922   0.0613   0.0375   0.0295   0.0507   0.0885   0.0575   0.1004   0.0406   0.0821   0.1357
SIM17L2  0.0857  0.0802  0.0327  0.1296  0.0205  0.0309  0.0433  0.0379  0.0377  0.0454   0.0771   0.1012   0.1193   0.0723   0.0451   0.1021   0.1235   1.0000   0.0456   0.0450   0.0289   0.0151   0.1159   0.0248   0.0393  -0.0097   0.0341   0.0597   0.0456   0.0224   0.0374   0.0221   0.0646   0.0703   0.0162   0.0680   0.0005   0.1105   0.1372   0.0419   0.0218   0.0713   0.1092   0.0377   0.0745   0.1362   0.0384   0.0362   0.0112   0.0052   0.0286
SIM18L2  0.0933  0.0077  0.0945  0.0907  0.0901  0.0569  0.0102  0.0524  0.0505  0.0604   0.0578   0.1037   0.0197   0.0481   0.0305   0.0576   0.0565   0.0456   1.0000   0.0263   0.1094   0.0466   0.0446   0.0914   0.0891   0.0157   0.0999   0.0296   0.0532   0.0891   0.0710   0.0724   0.0391   0.0412   0.0218   0.0376   0.0205   0.0204   0.0942   0.0630   0.1025  -0.0055   0.0824   0.0397   0.0157   0.0770   0.0977   0.0613   0.0747   0.0792   0.0294
SIM19L2  0.0978  0.1325  0.0359  0.0393  0.0500  0.0162 -0.0083  0.0817  0.0487  0.0322   0.0243   0.0356   0.0384   0.0692   0.0245   0.0364   0.0236   0.0450   0.0263   1.0000   0.0452   0.0231   0.1235   0.0585   0.0487   0.0469   0.0025   0.0983   0.0601   0.0839   0.0832   0.0851   0.0932   0.0615   0.0157   0.0966   0.0592   0.0046   0.0275   0.1019   0.0432   0.0336   0.0570   0.0487   0.0626   0.0752   0.0273   0.0832   0.0519   0.0241   0.1083
SIM20L2  0.0974  0.0188  0.1700  0.1166  0.0897  0.0470  0.0756  0.1110  0.0733  0.0913   0.0250   0.1101   0.1315   0.0810   0.0960   0.0564   0.1428   0.0289   0.1094   0.0452   1.0000   0.0571   0.1016   0.0052   0.0480   0.0194   0.1189   0.1134   0.0777   0.1219   0.0194   0.0953   0.0149   0.0469   0.0009   0.0408   0.0521   0.0549   0.1178   0.0442   0.0510   0.0873   0.0831   0.0247   0.0685   0.0851   0.0552   0.0708   0.0563   0.0863   0.0412
SIM21L2  0.0685  0.0006  0.0310  0.0175  0.0720  0.1159  0.1455  0.0612  0.0750  0.0570   0.1020   0.0283  -0.0007   0.0102   0.0665   0.0585   0.0310   0.0151   0.0466   0.0231   0.0571   1.0000   0.0645   0.0925   0.0729   0.0292   0.0639   0.0281   0.0328   0.0523   0.0089   0.0481   0.0148   0.0372   0.0431   0.0472   0.0612   0.0688   0.0418   0.0585   0.0733   0.0605   0.0304   0.0884   0.0811   0.0747   0.0352   0.0693   0.0565   0.1195   0.0044
SIM22L2  0.0743  0.0811  0.0201  0.0777  0.0375  0.0463  0.0507  0.1098  0.1446  0.0626   0.0078   0.0529   0.0500   0.0393   0.0556   0.0513   0.0555   0.1159   0.0446   0.1235   0.1016   0.0645   1.0000   0.0694   0.0112   0.0439   0.0390   0.1352   0.0688   0.0539   0.0997   0.0275   0.0482   0.0783   0.0637   0.0830   0.0259   0.0857   0.1154   0.0508   0.0213   0.1402   0.0310   0.0378   0.1126   0.0877   0.0191   0.0572   0.0430   0.0882   0.0540
SIM23L2  0.0528  0.0689  0.0190 -0.0143  0.0224  0.0240  0.0538  0.0441  0.0557  0.0427   0.0868   0.0080   0.0225   0.0273   0.0266   0.0732  -0.0080   0.0248   0.0914   0.0585   0.0052   0.0925   0.0694   1.0000   0.0958   0.0491   0.0559   0.0683  -0.0023   0.0392   0.0161   0.0523   0.0425   0.0913   0.0480   0.0239   0.0573   0.0306   0.0627   0.1207   0.0051   0.0621   0.0246   0.0182  -0.0119   0.0645   0.1087   0.1466   0.0968   0.1026   0.0986
SIM24L2  0.0641  0.0718  0.0743  0.0621  0.0260  0.0475  0.0622  0.0350  0.1347  0.0365   0.0927   0.0749   0.0355   0.1193   0.0945   0.1054   0.0365   0.0393   0.0891   0.0487   0.0480   0.0729   0.0112   0.0958   1.0000   0.0856   0.0765   0.0314  -0.0025   0.0774   0.0371   0.0452   0.0625   0.0992   0.0731   0.0675   0.1053   0.0572   0.0590   0.1088   0.1340   0.1036   0.0744   0.0144   0.0117   0.0833   0.0848   0.1327   0.0784   0.0321   0.0564
SIM25L2  0.0479  0.0079  0.0073  0.0556  0.0408  0.0520  0.0337  0.0501  0.1451  0.0700   0.0819   0.0970   0.0703   0.0322   0.0887   0.0514   0.0401  -0.0097   0.0157   0.0469   0.0194   0.0292   0.0439   0.0491   0.0856   1.0000  -0.0097   0.0215  -0.0059   0.0474   0.0673   0.1160   0.0699   0.1163   0.0558   0.0647   0.0323   0.0543   0.0249   0.0335   0.0859   0.0514   0.0508   0.0134   0.0378   0.0785   0.0590   0.0031   0.0227   0.0428   0.0220
SIM26L2  0.0828 -0.0064  0.1389  0.0619  0.0702  0.0128  0.0505  0.0928  0.1024  0.0172   0.0264   0.1116   0.0242   0.0224   0.0161   0.0508   0.0911   0.0341   0.0999   0.0025   0.1189   0.0639   0.0390   0.0559   0.0765  -0.0097   1.0000   0.0217   0.1291   0.0990   0.0494   0.0925  -0.0094   0.0525   0.0026   0.0080   0.0166   0.0611   0.0537   0.0408   0.0501   0.0606   0.0631   0.0428   0.0505   0.0382   0.0937   0.0328   0.0494   0.0949   0.0395
SIM27L2  0.0865  0.1227  0.0071  0.0518 -0.0009  0.0332  0.0640  0.1008  0.0748  0.0541   0.0718   0.1112   0.0680   0.0531   0.0518   0.0827   0.0480   0.0597   0.0296   0.0983   0.1134   0.0281   0.1352   0.0683   0.0314   0.0215   0.0217   1.0000   0.0709   0.0543   0.0513   0.0347   0.0700   0.0873   0.0811   0.0383   0.0329   0.0812   0.0819   0.0972   0.0316   0.1171   0.0346   0.0204   0.0132   0.1072  -0.0168   0.0945   0.0959   0.0998   0.0764
SIM28L2  0.1180  0.0149  0.1434  0.1254  0.0486  0.0481  0.0211  0.0773  0.0028  0.0945   0.1014   0.1182   0.0816  -0.0044   0.0345   0.1038   0.0747   0.0456   0.0532   0.0601   0.0777   0.0328   0.0688  -0.0023  -0.0025  -0.0059   0.1291   0.0709   1.0000   0.1672   0.0838   0.0370   0.0192   0.0815   0.0279   0.0865   0.0288   0.0837   0.0963   0.0115   0.1014   0.1042   0.1202   0.0373   0.1242   0.0767   0.0210   0.0478   0.0473   0.0305   0.1434
SIM29L2  0.1023  0.0251  0.1013  0.1690  0.0736  0.0669  0.0473  0.0733  0.0453  0.1009   0.0655   0.1482   0.0840   0.0169   0.0269   0.0241   0.0404   0.0224   0.0891   0.0839   0.1219   0.0523   0.0539   0.0392   0.0774   0.0474   0.0990   0.0543   0.1672   1.0000   0.1186   0.0667   0.0463   0.0508   0.0231   0.0470   0.0682   0.0559   0.0294   0.0710   0.1627   0.0762   0.1197   0.0328   0.0709   0.0443   0.0527   0.0413   0.0474   0.0363   0.1025
SIM30L2  0.0808  0.0296  0.0569  0.0619  0.0947  0.0745  0.0315  0.0900  0.0507  0.0928   0.0508   0.0649   0.0380   0.0268   0.0306   0.0519   0.0446   0.0374   0.0710   0.0832   0.0194   0.0089   0.0997   0.0161   0.0371   0.0673   0.0494   0.0513   0.0838   0.1186   1.0000   0.0423   0.0535   0.0496   0.0260   0.0135   0.0766   0.0568   0.0717   0.0273   0.0697   0.1061   0.2086   0.0709   0.1374   0.0021   0.0057   0.0433   0.0032   0.0670   0.0144
SIM31L2  0.0930  0.0348  0.1230  0.0390  0.0663  0.0453  0.0399  0.0233  0.1095  0.0158   0.0447   0.0924   0.0615   0.0390   0.0688   0.0171   0.1139   0.0221   0.0724   0.0851   0.0953   0.0481   0.0275   0.0523   0.0452   0.1160   0.0925   0.0347   0.0370   0.0667   0.0423   1.0000   0.0499   0.0835   0.0038   0.0500   0.0337   0.0162   0.0679   0.1192   0.0285   0.0369   0.0128   0.0718   0.0010   0.0620   0.1165   0.0606   0.0181   0.0993   0.0560
SIM32L2  0.0969  0.1069  0.0700  0.0933  0.0512  0.0527  0.0287  0.0703  0.0534  0.0777   0.0484   0.0654   0.0743   0.0628   0.0561   0.0413   0.0751   0.0646   0.0391   0.0932   0.0149   0.0148   0.0482   0.0425   0.0625   0.0699  -0.0094   0.0700   0.0192   0.0463   0.0535   0.0499   1.0000   0.0896   0.0409   0.0472   0.0644   0.0201   0.0398   0.0649   0.0158   0.1048   0.0351   0.0329   0.0240   0.0198   0.0479   0.0298   0.0480   0.0310   0.1197
SIM33L2  0.1110  0.0407  0.0425  0.1224  0.0637  0.0499  0.0236  0.1050  0.1191  0.0511   0.0893   0.0624   0.0653   0.0710   0.0586   0.1076   0.0777   0.0703   0.0412   0.0615   0.0469   0.0372   0.0783   0.0913   0.0992   0.1163   0.0525   0.0873   0.0815   0.0508   0.0496   0.0835   0.0896   1.0000   0.1073   0.0288   0.0861   0.0633   0.1014   0.1285   0.0553   0.1253   0.0047   0.0192   0.0100   0.0178   0.0596   0.0245   0.0197   0.0353   0.1142
SIM34L2  0.0923  0.0490  0.0226  0.0261  0.0708  0.0293  0.0909  0.0152  0.0567  0.0304   0.0699   0.0314   0.0123   0.0456   0.0728   0.0697   0.0419   0.0162   0.0218   0.0157   0.0009   0.0431   0.0637   0.0480   0.0731   0.0558   0.0026   0.0811   0.0279   0.0231   0.0260   0.0038   0.0409   0.1073   1.0000   0.0830   0.0519   0.0620   0.0897   0.0213   0.0512   0.0545   0.0149   0.0122   0.0289   0.0101   0.0272   0.0659   0.0229   0.0902   0.0945
SIM35L2  0.0714  0.0362  0.0434  0.0241  0.0908  0.0177  0.0543  0.0485  0.0941  0.0645   0.1131   0.0521   0.0939   0.0633   0.0993   0.1042   0.0769   0.0680   0.0376   0.0966   0.0408   0.0472   0.0830   0.0239   0.0675   0.0647   0.0080   0.0383   0.0865   0.0470   0.0135   0.0500   0.0472   0.0288   0.0830   1.0000   0.0638   0.1215   0.1178   0.0664   0.0442   0.0871   0.0380   0.0173   0.1339   0.0884   0.0311   0.1226   0.0621   0.0033   0.0430
SIM36L2  0.0787  0.0189  0.1095  0.0269  0.0644  0.1463  0.0562  0.1429  0.0429  0.0554   0.0453   0.0409   0.0749   0.0434   0.0685   0.0291   0.0147   0.0005   0.0205   0.0592   0.0521   0.0612   0.0259   0.0573   0.1053   0.0323   0.0166   0.0329   0.0288   0.0682   0.0766   0.0337   0.0644   0.0861   0.0519   0.0638   1.0000   0.0533   0.0642   0.0630   0.0441   0.0641   0.0887   0.0419   0.0220   0.0433   0.0490   0.0174   0.0419   0.0293   0.0311
SIM37L2  0.1099  0.0808  0.0556  0.0541  0.0478  0.0707  0.0874  0.0732  0.1382  0.0651   0.1510   0.1294   0.1663   0.0576   0.0754   0.1257   0.0714   0.1105   0.0204   0.0046   0.0549   0.0688   0.0857   0.0306   0.0572   0.0543   0.0611   0.0812   0.0837   0.0559   0.0568   0.0162   0.0201   0.0633   0.0620   0.1215   0.0533   1.0000   0.1576   0.0624   0.0283   0.0680   0.0316   0.1154   0.1292   0.0694   0.0125   0.1504   0.0263   0.0278   0.0688
SIM38L2  0.1025  0.0888  0.0616  0.0537  0.0791  0.0573  0.0404  0.1070  0.0725  0.0508   0.1383   0.1520   0.1242   0.0304   0.0556   0.1593   0.1545   0.1372   0.0942   0.0275   0.1178   0.0418   0.1154   0.0627   0.0590   0.0249   0.0537   0.0819   0.0963   0.0294   0.0717   0.0679   0.0398   0.1014   0.0897   0.1178   0.0642   0.1576   1.0000   0.0496   0.0710   0.0455   0.0238   0.1295   0.1527   0.1562   0.0969   0.1288   0.0589   0.1027   0.0916
SIM39L2  0.0961  0.0679  0.0861  0.0449  0.0020  0.0424  0.0425  0.0428  0.0642  0.0805   0.1166   0.0490   0.1102   0.0957   0.0783   0.0778   0.0955   0.0419   0.0630   0.1019   0.0442   0.0585   0.0508   0.1207   0.1088   0.0335   0.0408   0.0972   0.0115   0.0710   0.0273   0.1192   0.0649   0.1285   0.0213   0.0664   0.0630   0.0624   0.0496   1.0000   0.0678   0.0515   0.1230   0.0478   0.0278   0.0884   0.0353   0.0913   0.1048   0.0463   0.1143
SIM40L2  0.0813  0.0557  0.0421  0.1229  0.1016  0.0831  0.0454  0.0183  0.0033  0.0886   0.0247   0.1058   0.0553   0.0272   0.0507   0.0281   0.0922   0.0218   0.1025   0.0432   0.0510   0.0733   0.0213   0.0051   0.1340   0.0859   0.0501   0.0316   0.1014   0.1627   0.0697   0.0285   0.0158   0.0553   0.0512   0.0442   0.0441   0.0283   0.0710   0.0678   1.0000   0.0626   0.1232   0.0005   0.0611   0.0432   0.0136   0.0093   0.0454   0.0114   0.1077
SIM41L2  0.0922  0.0758  0.0619  0.0613  0.0555  0.0944  0.0706  0.1032  0.0927  0.0673   0.0601   0.0669   0.0810   0.0630   0.0351   0.0359   0.0613   0.0713  -0.0055   0.0336   0.0873   0.0605   0.1402   0.0621   0.1036   0.0514   0.0606   0.1171   0.1042   0.0762   0.1061   0.0369   0.1048   0.1253   0.0545   0.0871   0.0641   0.0680   0.0455   0.0515   0.0626   1.0000   0.0331   0.0050   0.0747   0.0542   0.0180   0.0414   0.0381   0.0753   0.1042
SIM42L2  0.1145  0.0585  0.0916  0.0699  0.1246  0.1192 -0.0024  0.1109  0.0224  0.1244   0.0396   0.1084   0.1403   0.0979   0.1036   0.0276   0.0375   0.1092   0.0824   0.0570   0.0831   0.0304   0.0310   0.0246   0.0744   0.0508   0.0631   0.0346   0.1202   0.1197   0.2086   0.0128   0.0351   0.0047   0.0149   0.0380   0.0887   0.0316   0.0238   0.1230   0.1232   0.0331   1.0000   0.0126   0.0301   0.0862   0.0446   0.0872   0.0745   0.0499   0.0601
SIM43L2  0.0771  0.0215  0.0633  0.0444  0.0572  0.0268  0.0452  0.0909  0.0780  0.0076   0.0575   0.0321   0.0720   0.0437   0.0265   0.0173   0.0295   0.0377   0.0397   0.0487   0.0247   0.0884   0.0378   0.0182   0.0144   0.0134   0.0428   0.0204   0.0373   0.0328   0.0709   0.0718   0.0329   0.0192   0.0122   0.0173   0.0419   0.1154   0.1295   0.0478   0.0005   0.0050   0.0126   1.0000   0.0348   0.0612   0.0381   0.0451   0.0862   0.0461   0.0646
SIM44L2  0.0659  0.0117  0.0071  0.0652  0.0547  0.0381  0.0657  0.0501  0.0313  0.0543   0.1183   0.1410   0.0901   0.0604   0.0352   0.0739   0.0507   0.0745   0.0157   0.0626   0.0685   0.0811   0.1126  -0.0119   0.0117   0.0378   0.0505   0.0132   0.1242   0.0709   0.1374   0.0010   0.0240   0.0100   0.0289   0.1339   0.0220   0.1292   0.1527   0.0278   0.0611   0.0747   0.0301   0.0348   1.0000   0.0607   0.0285   0.0989   0.0357   0.0330   0.0352
SIM45L2  0.0996  0.0515  0.1151  0.0395  0.0624  0.0614  0.0568  0.0341  0.1430  0.0766   0.1040   0.1523   0.0735   0.0738   0.1104   0.0999   0.0885   0.1362   0.0770   0.0752   0.0851   0.0747   0.0877   0.0645   0.0833   0.0785   0.0382   0.1072   0.0767   0.0443   0.0021   0.0620   0.0198   0.0178   0.0101   0.0884   0.0433   0.0694   0.1562   0.0884   0.0432   0.0542   0.0862   0.0612   0.0607   1.0000   0.0761   0.1429   0.0360   0.0706   0.0458
SIM46L2  0.0680  0.0968  0.0981  0.0189  0.0825  0.0382 -0.0012  0.0177  0.1195  0.0023   0.0578   0.0785   0.0582   0.0742   0.0895   0.0808   0.0575   0.0384   0.0977   0.0273   0.0552   0.0352   0.0191   0.1087   0.0848   0.0590   0.0937  -0.0168   0.0210   0.0527   0.0057   0.1165   0.0479   0.0596   0.0272   0.0311   0.0490   0.0125   0.0969   0.0353   0.0136   0.0180   0.0446   0.0381   0.0285   0.0761   1.0000   0.0440   0.0587   0.1297   0.0412
SIM47L2  0.1025  0.0521  0.0427  0.0157  0.0106  0.0301  0.0600  0.0372  0.0691  0.0777   0.0959   0.0547   0.1071   0.0896   0.1015   0.0916   0.1004   0.0362   0.0613   0.0832   0.0708   0.0693   0.0572   0.1466   0.1327   0.0031   0.0328   0.0945   0.0478   0.0413   0.0433   0.0606   0.0298   0.0245   0.0659   0.1226   0.0174   0.1504   0.1288   0.0913   0.0093   0.0414   0.0872   0.0451   0.0989   0.1429   0.0440   1.0000   0.0590   0.0564   0.1356
SIM48L2  0.0670  0.0729  0.0525  0.0759  0.0524  0.0563  0.0510  0.0776  0.0492  0.0865   0.0633   0.0527   0.0928   0.0815   0.0910   0.0774   0.0406   0.0112   0.0747   0.0519   0.0563   0.0565   0.0430   0.0968   0.0784   0.0227   0.0494   0.0959   0.0473   0.0474   0.0032   0.0181   0.0480   0.0197   0.0229   0.0621   0.0419   0.0263   0.0589   0.1048   0.0454   0.0381   0.0745   0.0862   0.0357   0.0360   0.0587   0.0590   1.0000   0.0987   0.1596
SIM49L2  0.1120  0.0164  0.0848  0.0468  0.1554  0.0720  0.0599  0.0195  0.0854  0.0513   0.0360   0.0838   0.0261   0.0208   0.1024   0.0212   0.0821   0.0052   0.0792   0.0241   0.0863   0.1195   0.0882   0.1026   0.0321   0.0428   0.0949   0.0998   0.0305   0.0363   0.0670   0.0993   0.0310   0.0353   0.0902   0.0033   0.0293   0.0278   0.1027   0.0463   0.0114   0.0753   0.0499   0.0461   0.0330   0.0706   0.1297   0.0564   0.0987   1.0000   0.0516
SIM50L2  0.1038  0.0971  0.0447  0.1053  0.0045  0.0853  0.0056  0.0319  0.0591  0.1236   0.0638   0.1456   0.1447   0.0892   0.0721   0.0751   0.1357   0.0286   0.0294   0.1083   0.0412   0.0044   0.0540   0.0986   0.0564   0.0220   0.0395   0.0764   0.1434   0.1025   0.0144   0.0560   0.1197   0.1142   0.0945   0.0430   0.0311   0.0688   0.0916   0.1143   0.1077   0.1042   0.0601   0.0646   0.0352   0.0458   0.0412   0.1356   0.1596   0.0516   1.0000

LD Score Matrix Condition Number
3.4418

Annotation Correlation Matrix
         SIM1    SIM2    SIM3    SIM4    SIM5    SIM6    SIM7    SIM8    SIM9   SIM10   SIM11   SIM12   SIM13   SIM14   SIM15   SIM16   SIM17   SIM18   SIM19   SIM20   SIM21   SIM22   SIM23   SIM24   SIM25   SIM26   SIM27   SIM28   SIM29   SIM30   SIM31   SIM32   SIM33   SIM34   SIM35   SIM36   SIM37   SIM38   SIM39   SIM40   SIM41   SIM42   SIM43   SIM44   SIM45   SIM46   SIM47   SIM48   SIM49   SIM50
SIM1   1.0000  0.0057  0.0060 -0.0004  0.0057  0.0116  0.0061 -0.0005  0.0120  0.0056 -0.0004  0.0059 -0.0004  0.0061  0.0111  0.0060  0.0120  0.0052 -0.0005  0.0055 -0.0005  0.0057  0.0060  0.0170  0.0056  0.0129  0.0185 -0.0004 -0.0004  0.0180 -0.0005  0.0053 -0.0005  0.0118  0.0175 -0.0005 -0.0004 -0.0004 -0.0004 -0.0004  0.0244  0.0060 -0.0004 -0.0004  0.0058 -0.0004  0.0120 -0.0004 -0.0004 -0.0004
SIM2   0.0057  1.0000 -0.0004  0.0129  0.0378  0.0058 -0.0004  0.0120  0.0189  0.0120  0.0062  0.0126  0.0127 -0.0004 -0.0005  0.0129  0.0124 -0.0005  0.0182  0.0057 -0.0004  0.0059  0.0062 -0.0005  0.0058  0.0133 -0.0004  0.0185 -0.0004  0.0186 -0.0004  0.0115  0.0172  0.0122  0.0242  0.0056 -0.0004  0.0188  0.0063 -0.0004  0.0060 -0.0004 -0.0004  0.0064 -0.0004  0.0059 -0.0004 -0.0004  0.0122  0.0059
SIM3   0.0060 -0.0004  1.0000  0.0065 -0.0004  0.0060  0.0066  0.0254  0.0063  0.0189  0.0065 -0.0004  0.0132  0.0066  0.0119 -0.0004  0.0128 -0.0004  0.0124  0.0059  0.0186  0.0127 -0.0004  0.0182  0.0061 -0.0004 -0.0004  0.0127  0.0132  0.0062  0.0060 -0.0004  0.0057 -0.0004  0.0123 -0.0004  0.0063 -0.0004  0.0276  0.0140  0.0062  0.0065  0.0199 -0.0004  0.0130  0.0061  0.0128  0.0061 -0.0004  0.0127
SIM4  -0.0004  0.0129  0.0065  1.0000 -0.0004  0.0125  0.0066  0.0061  0.0130  0.0125 -0.0004  0.0064  0.0064  0.0136  0.0245 -0.0004  0.0063  0.0180  0.0190 -0.0004 -0.0004 -0.0004  0.0135  0.0121  0.0061  0.0068 -0.0004  0.0128 -0.0004  0.0062  0.0060  0.0058  0.0119  0.0062  0.0189 -0.0004  0.0131  0.0063 -0.0004  0.0069 -0.0004  0.0065  0.0064  0.0139 -0.0004  0.0127 -0.0004  0.0193  0.0194  0.0062
SIM5   0.0057  0.0378 -0.0004 -0.0004  1.0000  0.0120  0.0063 -0.0004 -0.0004 -0.0004  0.0128  0.0061  0.0061 -0.0004  0.0055 -0.0004  0.0060  0.0172  0.0120  0.0057  0.0057 -0.0004 -0.0004  0.0115 -0.0004  0.0133 -0.0004  0.0059 -0.0004 -0.0004  0.0058 -0.0005  0.0113 -0.0004 -0.0004  0.0056  0.0060  0.0124  0.0063  0.0066 -0.0004  0.0128  0.0061 -0.0004  0.0125  0.0184  0.0060  0.0122 -0.0004  0.0059
SIM6   0.0116  0.0058  0.0060  0.0125  0.0120  1.0000  0.0127  0.0056  0.0058  0.0237  0.0125 -0.0004  0.0123  0.0256  0.0053  0.0125  0.0058 -0.0005 -0.0005 -0.0005  0.0233  0.0057  0.0125  0.0112  0.0057 -0.0004  0.0186  0.0057  0.0187  0.0057  0.0056  0.0054  0.0053 -0.0004  0.0175 -0.0005 -0.0004 -0.0004 -0.0004 -0.0004  0.0182  0.0189  0.0059 -0.0004  0.0121 -0.0004  0.0058  0.0057 -0.0004 -0.0004
SIM7   0.0061 -0.0004  0.0066  0.0066  0.0063  0.0127  1.0000 -0.0004 -0.0004  0.0127  0.0066  0.0134 -0.0004  0.0067  0.0185 -0.0004  0.0063  0.0058  0.0127  0.0125  0.0060  0.0063  0.0066  0.0122  0.0128  0.0069  0.0134  0.0063  0.0065  0.0063  0.0061  0.0122 -0.0004 -0.0004  0.0126  0.0124  0.0132  0.0267 -0.0004  0.0070  0.0063  0.0066 -0.0004 -0.0004  0.0064 -0.0004 -0.0004 -0.0004 -0.0004 -0.0004
SIM8  -0.0005  0.0120  0.0254  0.0061 -0.0004  0.0056 -0.0004  1.0000  0.0059  0.0056  0.0061 -0.0004 -0.0004 -0.0004  0.0112  0.0061  0.0058  0.0111  0.0056  0.0056  0.0055  0.0119  0.0126  0.0054  0.0241  0.0130  0.0059 -0.0004 -0.0004  0.0120  0.0056 -0.0005  0.0111  0.0057 -0.0005  0.0115  0.0059  0.0058  0.0062 -0.0004 -0.0004  0.0060  0.0060 -0.0004  0.0122  0.0057  0.0121  0.0057  0.0181  0.0058
SIM9   0.0120  0.0189  0.0063  0.0130 -0.0004  0.0058 -0.0004  0.0059  1.0000 -0.0004  0.0063 -0.0004  0.0062 -0.0004  0.0116  0.0063  0.0060  0.0115 -0.0004  0.0120  0.0119 -0.0004  0.0130 -0.0005  0.0059 -0.0004  0.0127 -0.0004 -0.0004  0.0124  0.0058  0.0116  0.0055  0.0059  0.0058  0.0241 -0.0004 -0.0004 -0.0004  0.0066  0.0060  0.0129 -0.0004  0.0065  0.0126  0.0059  0.0125 -0.0004 -0.0004  0.0060
SIM10  0.0056  0.0120  0.0189  0.0125 -0.0004  0.0237  0.0127  0.0056 -0.0004  1.0000 -0.0004  0.0186  0.0059  0.0126 -0.0005  0.0060  0.0058  0.0167  0.0056  0.0055  0.0233  0.0057  0.0125 -0.0005  0.0118  0.0063  0.0059  0.0118  0.0123 -0.0004  0.0176  0.0112  0.0053  0.0057  0.0235  0.0055 -0.0004  0.0183  0.0061 -0.0004  0.0058 -0.0004 -0.0004 -0.0004  0.0121  0.0179  0.0182  0.0118  0.0057 -0.0004
SIM11 -0.0004  0.0062  0.0065 -0.0004  0.0128  0.0125  0.0066  0.0061  0.0063 -0.0004  1.0000  0.0064 -0.0004 -0.0004  0.0058 -0.0004 -0.0004 -0.0004 -0.0004  0.0251 -0.0004  0.0127 -0.0004  0.0308  0.0387 -0.0004  0.0132  0.0062  0.0200 -0.0004  0.0060  0.0058  0.0180  0.0192 -0.0004  0.0122  0.0063  0.0129  0.0137  0.0069 -0.0004  0.0065 -0.0004  0.0067  0.0063  0.0127  0.0129  0.0061 -0.0004  0.0062
SIM12  0.0059  0.0126 -0.0004  0.0064  0.0061 -0.0004  0.0134 -0.0004 -0.0004  0.0186  0.0064  1.0000  0.0063  0.0133 -0.0004 -0.0004  0.0257  0.0056  0.0059 -0.0004 -0.0004  0.0060  0.0064 -0.0004 -0.0004  0.0137 -0.0004 -0.0004 -0.0004  0.0061  0.0249  0.0118  0.0237 -0.0004  0.0122  0.0058  0.0062 -0.0004  0.0065  0.0138 -0.0004  0.0064  0.0063 -0.0004 -0.0004 -0.0004  0.0061  0.0060 -0.0004 -0.0004
SIM13 -0.0004  0.0127  0.0132  0.0064  0.0061  0.0123 -0.0004 -0.0004  0.0062  0.0059 -0.0004  0.0063  1.0000  0.0065  0.0057 -0.0004  0.0127  0.0117  0.0059  0.0122  0.0058 -0.0004 -0.0004  0.0119 -0.0004  0.0067 -0.0004  0.0061  0.0063 -0.0004 -0.0004  0.0241  0.0056 -0.0004 -0.0004 -0.0004 -0.0004 -0.0004 -0.0004  0.0068 -0.0004  0.0064 -0.0004  0.0137  0.0195  0.0060  0.0061 -0.0004 -0.0004 -0.0004
SIM14  0.0061 -0.0004  0.0066  0.0136 -0.0004  0.0256  0.0067 -0.0004 -0.0004  0.0126 -0.0004  0.0133  0.0065  1.0000 -0.0004 -0.0004  0.0265 -0.0004 -0.0004 -0.0004  0.0060  0.0129 -0.0004 -0.0004  0.0062  0.0068 -0.0004  0.0062  0.0271 -0.0004 -0.0004  0.0184  0.0120  0.0128  0.0061  0.0124  0.0132  0.0198  0.0067  0.0215  0.0063 -0.0004  0.0065  0.0212  0.0200  0.0128 -0.0004  0.0062  0.0129 -0.0004
SIM15  0.0111 -0.0005  0.0119  0.0245  0.0055  0.0053  0.0185  0.0112  0.0116 -0.0005  0.0058 -0.0004  0.0057 -0.0004  1.0000  0.0058 -0.0005 -0.0005 -0.0005  0.0110  0.0052  0.0054  0.0058  0.0108  0.0054 -0.0004  0.0057  0.0173  0.0118  0.0233 -0.0005 -0.0005  0.0050  0.0231  0.0284  0.0052  0.0116 -0.0005 -0.0004  0.0061 -0.0005 -0.0004 -0.0004  0.0060 -0.0005  0.0113 -0.0005  0.0054  0.0054  0.0114
SIM16  0.0060  0.0129 -0.0004 -0.0004 -0.0004  0.0125 -0.0004  0.0061  0.0063  0.0060 -0.0004 -0.0004 -0.0004 -0.0004  0.0058  1.0000  0.0129  0.0057  0.0125  0.0124  0.0123  0.0128  0.0065 -0.0004  0.0127  0.0211 -0.0004  0.0128  0.0064 -0.0004  0.0060  0.0121  0.0057  0.0127 -0.0004 -0.0004 -0.0004  0.0063  0.0067  0.0069 -0.0004  0.0134  0.0064  0.0139 -0.0004 -0.0004  0.0196  0.0062 -0.0004 -0.0004
SIM17  0.0120  0.0124  0.0128  0.0063  0.0060  0.0058  0.0063  0.0058  0.0060  0.0058 -0.0004  0.0257  0.0127  0.0265 -0.0005  0.0129  1.0000  0.0055  0.0058  0.0057  0.0118  0.0059  0.0195  0.0056 -0.0004 -0.0004  0.0061  0.0059 -0.0004  0.0123  0.0058 -0.0005  0.0173  0.0122  0.0057  0.0057  0.0061 -0.0004  0.0131  0.0066  0.0060  0.0128  0.0127 -0.0004  0.0255  0.0059  0.0060  0.0122 -0.0004  0.0123
SIM18  0.0052 -0.0005 -0.0004  0.0180  0.0172 -0.0005  0.0058  0.0111  0.0115  0.0167 -0.0004  0.0056  0.0117 -0.0004 -0.0005  0.0057  0.0055  1.0000  0.0110  0.0052  0.0108  0.0054  0.0057  0.0106  0.0112  0.0187  0.0116 -0.0005  0.0056  0.0054 -0.0005  0.0161  0.0159 -0.0005 -0.0005  0.0052  0.0055  0.0055  0.0183  0.0060 -0.0005  0.0057  0.0117  0.0123 -0.0005  0.0112  0.0055  0.0112 -0.0005  0.0054
SIM19 -0.0005  0.0182  0.0124  0.0190  0.0120 -0.0005  0.0127  0.0056 -0.0004  0.0056 -0.0004  0.0059  0.0059 -0.0004 -0.0005  0.0125  0.0058  0.0110  1.0000  0.0115  0.0174 -0.0004 -0.0004  0.0112  0.0118  0.0130 -0.0004  0.0118  0.0123 -0.0004  0.0176  0.0054  0.0110  0.0057  0.0055 -0.0005  0.0058  0.0058  0.0127 -0.0004  0.0120  0.0060 -0.0004 -0.0004  0.0058  0.0302  0.0058  0.0057 -0.0004  0.0119
SIM20  0.0055  0.0057  0.0059 -0.0004  0.0057 -0.0005  0.0125  0.0056  0.0120  0.0055  0.0251 -0.0004  0.0122 -0.0004  0.0110  0.0124  0.0057  0.0052  0.0115  1.0000  0.0054  0.0239  0.0060  0.0053  0.0116 -0.0004  0.0058 -0.0004  0.0122  0.0179  0.0115  0.0053  0.0166  0.0056  0.0055  0.0054 -0.0004 -0.0004 -0.0004  0.0197  0.0057  0.0123  0.0122  0.0062  0.0120 -0.0005  0.0119  0.0177  0.0117  0.0118
SIM21 -0.0005 -0.0004  0.0186 -0.0004  0.0057  0.0233  0.0060  0.0055  0.0119  0.0233 -0.0004 -0.0004  0.0058  0.0060  0.0052  0.0123  0.0118  0.0108  0.0174  0.0054  1.0000  0.0056  0.0059  0.0053  0.0116 -0.0004 -0.0004  0.0116  0.0184  0.0117  0.0114  0.0110 -0.0005  0.0056  0.0054  0.0170 -0.0004  0.0057  0.0060  0.0062  0.0179  0.0122  0.0246  0.0061  0.0119 -0.0005  0.0057  0.0056  0.0116  0.0056
SIM22  0.0057  0.0059  0.0127 -0.0004 -0.0004  0.0057  0.0063  0.0119 -0.0004  0.0057  0.0127  0.0060 -0.0004  0.0129  0.0054  0.0128  0.0059  0.0054 -0.0004  0.0239  0.0056  1.0000 -0.0004  0.0055  0.0120 -0.0004  0.0060  0.0058  0.0061 -0.0004  0.0057  0.0233  0.0112  0.0058  0.0057  0.0056 -0.0004  0.0059 -0.0004  0.0134  0.0059 -0.0004  0.0061  0.0064  0.0188  0.0058  0.0059  0.0058  0.0121  0.0058
SIM23  0.0060  0.0062 -0.0004  0.0135 -0.0004  0.0125  0.0066  0.0126  0.0130  0.0125 -0.0004  0.0064 -0.0004 -0.0004  0.0058  0.0065  0.0195  0.0057 -0.0004  0.0060  0.0059 -0.0004  1.0000  0.0121 -0.0004  0.0139  0.0064  0.0259  0.0132  0.0062  0.0125  0.0058  0.0057  0.0127  0.0060 -0.0004  0.0063  0.0063 -0.0004 -0.0004  0.0062  0.0065 -0.0004 -0.0004  0.0063 -0.0004  0.0195  0.0061  0.0062  0.0062
SIM24  0.0170 -0.0005  0.0182  0.0121  0.0115  0.0112  0.0122  0.0054 -0.0005 -0.0005  0.0308 -0.0004  0.0119 -0.0004  0.0108 -0.0004  0.0056  0.0106  0.0112  0.0053  0.0053  0.0055  0.0121  1.0000 -0.0005 -0.0004  0.0057 -0.0005  0.0119 -0.0005  0.0112  0.0108  0.0106  0.0114  0.0111  0.0110  0.0117  0.0056  0.0059  0.0127  0.0056  0.0058  0.0057  0.0060 -0.0004  0.0173  0.0056  0.0114 -0.0005 -0.0005
SIM25  0.0056  0.0058  0.0061  0.0061 -0.0004  0.0057  0.0128  0.0241  0.0059  0.0118  0.0387 -0.0004 -0.0004  0.0062  0.0054  0.0127 -0.0004  0.0112  0.0118  0.0116  0.0116  0.0120 -0.0004 -0.0005  1.0000  0.0131 -0.0004  0.0120  0.0060  0.0058  0.0057  0.0054  0.0112  0.0058  0.0056 -0.0005  0.0059  0.0059  0.0062  0.0064  0.0059  0.0126  0.0060 -0.0004  0.0059  0.0058 -0.0004  0.0058 -0.0004  0.0120
