*********************************************************************
* LD Score Regression (LDSC)
* Version 1.0.1
* (C) 2014-2019 Brendan Bulik-Sullivan and Hilary Finucane
* Broad Institute of MIT and Harvard / MIT Department of Mathematics
* GNU General Public License v3
*********************************************************************
Call: 
./ldsc.py \
--out /data/sbcs/GuoLab/backup/liq17/CRC_TF_TWAS_zhishan2024/NC_revision_OceanCode/v2_NC_revision//84Tracks//ldscores_sim5000//14 \
--bfile /data/sbcs/GuoLab/backup/liq17/ref/Alkesgroup/1000G_EUR_Phase3_plink_hg38/1000G.EUR.QC.14 \
--annot /data/sbcs/GuoLab/backup/liq17/CRC_TF_TWAS_zhishan2024/NC_revision_OceanCode/v2_NC_revision//84Tracks//annots_sim5000//14.annot.txt \
--l2  \
--ld-wind-kb 100.0 

Beginning analysis at Mon Oct 27 00:14:50 2025
Read list of 323965 SNPs from /data/sbcs/GuoLab/backup/liq17/ref/Alkesgroup/1000G_EUR_Phase3_plink_hg38/1000G.EUR.QC.14.bim
Read 50 annotations for 323965 SNPs from /data/sbcs/GuoLab/backup/liq17/CRC_TF_TWAS_zhishan2024/NC_revision_OceanCode/v2_NC_revision//84Tracks//annots_sim5000//14.annot.txt
Read list of 489 individuals from /data/sbcs/GuoLab/backup/liq17/ref/Alkesgroup/1000G_EUR_Phase3_plink_hg38/1000G.EUR.QC.14.fam
Reading genotypes from /data/sbcs/GuoLab/backup/liq17/ref/Alkesgroup/1000G_EUR_Phase3_plink_hg38/1000G.EUR.QC.14.bed
Estimating LD Score.
Writing LD Scores for 323965 SNPs to /data/sbcs/GuoLab/backup/liq17/CRC_TF_TWAS_zhishan2024/NC_revision_OceanCode/v2_NC_revision//84Tracks//ldscores_sim5000//14.l2.ldscore.gz

Summary of LD Scores in /data/sbcs/GuoLab/backup/liq17/CRC_TF_TWAS_zhishan2024/NC_revision_OceanCode/v2_NC_revision//84Tracks//ldscores_sim5000//14.l2.ldscore.gz
         MAF  SIM1L2  SIM2L2  SIM3L2  SIM4L2  SIM5L2  SIM6L2  SIM7L2  SIM8L2  SIM9L2  SIM10L2  SIM11L2  SIM12L2  SIM13L2  SIM14L2  SIM15L2  SIM16L2  SIM17L2  SIM18L2  SIM19L2  SIM20L2  SIM21L2  SIM22L2  SIM23L2  SIM24L2  SIM25L2  SIM26L2  SIM27L2  SIM28L2  SIM29L2  SIM30L2  SIM31L2  SIM32L2  SIM33L2  SIM34L2  SIM35L2  SIM36L2  SIM37L2  SIM38L2  SIM39L2  SIM40L2  SIM41L2  SIM42L2  SIM43L2  SIM44L2  SIM45L2  SIM46L2  SIM47L2  SIM48L2  SIM49L2  SIM50L2
mean  0.1438  0.0298  0.0250  0.0238  0.0293  0.0326  0.0242  0.0281  0.0244  0.0237   0.0228   0.0274   0.0239   0.0284   0.0274   0.0291   0.0276   0.0307   0.0237   0.0251   0.0291   0.0250   0.0258   0.0235   0.0268   0.0263   0.0276   0.0303   0.0306   0.0280   0.0208   0.0270   0.0294   0.0225   0.0262   0.0298   0.0315   0.0235   0.0213   0.0253   0.0260   0.0266   0.0264   0.0204   0.0294   0.0278   0.0247   0.0280   0.0244   0.0325   0.0242
std   0.1465  0.1349  0.1238  0.1215  0.1471  0.1412  0.1227  0.1318  0.1296  0.1142   0.1168   0.1264   0.1164   0.1299   0.1288   0.1436   0.1312   0.1347   0.1237   0.1206   0.1298   0.1236   0.1280   0.1172   0.1322   0.1231   0.1491   0.1411   0.1400   0.1286   0.1100   0.1267   0.1432   0.1217   0.1271   0.1426   0.1435   0.1183   0.1123   0.1184   0.1352   0.1432   0.1320   0.1069   0.1360   0.1287   0.1202   0.1405   0.1199   0.1463   0.1175
min   0.0051 -0.0071 -0.0094 -0.0094 -0.0073 -0.0074 -0.0067 -0.0061 -0.0109 -0.0075  -0.0060  -0.0078  -0.0071  -0.0087  -0.0090  -0.0088  -0.0063  -0.0074  -0.0072  -0.0070  -0.0072  -0.0074  -0.0071  -0.0100  -0.0060  -0.0074  -0.0061  -0.0089  -0.0076  -0.0077  -0.0060  -0.0079  -0.0074  -0.0060  -0.0094  -0.0057  -0.0073  -0.0072  -0.0057  -0.0080  -0.0088  -0.0082  -0.0075  -0.0059  -0.0073  -0.0095  -0.0071  -0.0058  -0.0059  -0.0079  -0.0055
25%   0.0184  0.0000  0.0000  0.0000  0.0000  0.0000  0.0000  0.0000  0.0000  0.0000   0.0000   0.0000   0.0000   0.0000   0.0000   0.0000   0.0000   0.0000   0.0000   0.0000   0.0000   0.0000   0.0000   0.0000   0.0000   0.0000   0.0000   0.0000   0.0000   0.0000   0.0000   0.0000   0.0000   0.0000   0.0000   0.0000   0.0000   0.0000   0.0000   0.0000   0.0000   0.0000   0.0000   0.0000   0.0000   0.0000   0.0000   0.0000   0.0000   0.0000   0.0000
50%   0.0828  0.0000  0.0000  0.0000  0.0000  0.0000  0.0000  0.0000  0.0000  0.0000   0.0000   0.0000   0.0000   0.0000   0.0000   0.0000   0.0000   0.0000   0.0000   0.0000   0.0000   0.0000   0.0000   0.0000   0.0000   0.0000   0.0000   0.0000   0.0000   0.0000   0.0000   0.0000   0.0000   0.0000   0.0000   0.0000   0.0000   0.0000   0.0000   0.0000   0.0000   0.0000   0.0000   0.0000   0.0000   0.0000   0.0000   0.0000   0.0000   0.0000   0.0000
75%   0.2434  0.0000  0.0000  0.0000  0.0000  0.0000  0.0000  0.0000  0.0000  0.0000   0.0000   0.0000   0.0000   0.0000   0.0000   0.0000   0.0000   0.0000   0.0000   0.0000   0.0000   0.0000   0.0000   0.0000   0.0000   0.0000   0.0000   0.0000   0.0000   0.0000   0.0000   0.0000   0.0000   0.0000   0.0000   0.0000   0.0000   0.0000   0.0000   0.0000   0.0000   0.0000   0.0000   0.0000   0.0000   0.0000   0.0000   0.0000   0.0000   0.0000   0.0000
max   0.5000  1.9197  2.0291  1.8849  2.7676  1.9952  1.6932  1.3686  2.4660  1.9272   1.9988   1.7263   1.3993   1.7202   2.0522   1.9726   2.0547   1.9794   2.0000   1.3969   1.6850   1.7653   2.1684   1.3867   2.0000   1.3884   2.6297   1.8236   2.0046   1.7163   2.0000   2.0000   2.0001   2.0000   2.0000   2.3053   2.0635   1.5727   1.4480   1.4326   2.0000   3.0103   2.0000   1.3998   1.5372   2.0261   1.3277   1.9908   1.8392   1.9317   1.4820

MAF/LD Score Correlation Matrix
            MAF  SIM1L2  SIM2L2  SIM3L2  SIM4L2  SIM5L2  SIM6L2  SIM7L2  SIM8L2  SIM9L2     SIM10L2  SIM11L2  SIM12L2  SIM13L2  SIM14L2  SIM15L2  SIM16L2  SIM17L2  SIM18L2  SIM19L2  SIM20L2  SIM21L2  SIM22L2  SIM23L2  SIM24L2  SIM25L2  SIM26L2  SIM27L2  SIM28L2  SIM29L2  SIM30L2  SIM31L2  SIM32L2  SIM33L2     SIM34L2  SIM35L2  SIM36L2  SIM37L2  SIM38L2  SIM39L2  SIM40L2  SIM41L2  SIM42L2  SIM43L2  SIM44L2  SIM45L2  SIM46L2  SIM47L2  SIM48L2  SIM49L2  SIM50L2
MAF      1.0000  0.1129  0.0633  0.0543  0.0523  0.1018  0.0590  0.0506  0.0620  0.0821  5.7469e-02   0.1208   0.0926   0.0944   0.0849   0.0512   0.1062   0.1235   0.0803   0.0697   0.1144   0.0740   0.0659   0.0644   0.0491   0.0619   0.0489   0.0749   0.0524   0.0848   0.0542   0.0616   0.0532   0.0722  7.8338e-02   0.0899   0.1197   0.0601   0.0943   0.0804   0.0581   0.0559   0.0750   0.0695   0.0658   0.0833   0.0893   0.0185   0.0932   0.0900   0.0978
SIM1L2   0.1129  1.0000  0.0265  0.0583  0.0380  0.1116  0.0757  0.1546  0.0707  0.0311 -1.7741e-03   0.1321   0.0351   0.0547   0.0315   0.0674   0.0987   0.1890   0.1338   0.0892   0.0204   0.0507   0.1065   0.0566   0.1217   0.0193   0.1215   0.0448   0.0803   0.0873   0.0321   0.0943   0.0645   0.0358  8.8348e-02   0.1045   0.0597   0.0881   0.0633   0.0232   0.1275   0.0565   0.0794   0.0749   0.0532   0.0561   0.1278   0.0711   0.0658   0.0492   0.1638
SIM2L2   0.0633  0.0265  1.0000  0.0543  0.0674  0.0458  0.0292  0.1207  0.1425 -0.0014  8.3501e-02   0.0471   0.0652   0.0724   0.0392   0.0876   0.1603   0.0910  -0.0032   0.0907   0.0455   0.0999   0.0807   0.0336   0.0636   0.1013   0.0370   0.0804   0.0569   0.0825   0.0525  -0.0185   0.0529   0.1136  5.5858e-02   0.0301   0.0838   0.0434   0.0248   0.0640   0.0348   0.0338   0.0212   0.0418   0.0707   0.0151   0.0777   0.0840   0.0350   0.1139   0.0291
SIM3L2   0.0543  0.0583  0.0543  1.0000  0.0655  0.0625  0.0545  0.0341  0.0973  0.0544  7.7208e-02   0.0688   0.0909   0.0751   0.0151   0.1306   0.0916   0.0378   0.0461   0.0888  -0.0009   0.0059   0.0314   0.0298   0.0540   0.0137   0.0700   0.1466   0.0843   0.1020   0.0245   0.0153   0.0550   0.1275  2.6585e-02   0.1004   0.0304   0.0371   0.0563   0.0915   0.0545   0.0624   0.0310   0.0649   0.1113   0.0235   0.1503   0.0747   0.0384   0.0357   0.0249
SIM4L2   0.0523  0.0380  0.0674  0.0655  1.0000  0.0747  0.0829  0.0387  0.0797  0.0433  9.7979e-02   0.0747   0.0286   0.0204   0.1552   0.0541   0.0096   0.0448   0.1284   0.1046   0.0312   0.0970   0.0796   0.0693   0.0875   0.0914   0.0730   0.1782   0.0438   0.0955   0.1123   0.0312   0.0803   0.0261  2.2620e-02   0.1374   0.0726   0.1088   0.0408   0.0378   0.0485   0.0211   0.0551   0.1694  -0.0030   0.0237   0.0894   0.0540   0.0639   0.1017   0.1589
SIM5L2   0.1018  0.1116  0.0458  0.0625  0.0747  1.0000  0.0697  0.0961  0.1072  0.0396  9.4681e-02   0.1075   0.0931   0.1372   0.1363   0.0474   0.1016   0.0685   0.0524   0.0132   0.0298   0.0710   0.0557   0.0173   0.0259   0.0662   0.0805   0.0710   0.1076   0.0978   0.1541   0.0642   0.1459   0.1157  5.1708e-02   0.1464   0.0423   0.0909   0.1091   0.0909   0.1310   0.0630   0.0816   0.0969   0.1092   0.0793   0.1574   0.0502   0.0835   0.0446   0.1396
SIM6L2   0.0590  0.0757  0.0292  0.0545  0.0829  0.0697  1.0000  0.0682  0.0362  0.0773  1.0185e-01   0.0816   0.0544   0.0725   0.0556   0.1760   0.0510   0.1006   0.0423   0.1261   0.0452   0.0674   0.1101   0.0366   0.0528   0.1018   0.0675   0.0917   0.0543   0.0891   0.0536   0.0526   0.0318   0.0458  4.0320e-02   0.0665   0.0326   0.0181   0.0683   0.0202   0.0595   0.0781   0.0745   0.0190   0.0576   0.0443   0.0033   0.1598   0.0266   0.0362   0.0716
SIM7L2   0.0506  0.1546  0.1207  0.0341  0.0387  0.0961  0.0682  1.0000  0.0470  0.0617  1.1058e-01   0.0121   0.0417   0.0491   0.0550   0.0773   0.0642   0.0570   0.0602   0.1065   0.0559   0.0816   0.0865   0.0850   0.1227   0.0984   0.0933   0.0512   0.1210   0.0988   0.0894   0.0793   0.0823   0.0108  6.6484e-02   0.0288   0.0418   0.0117   0.0580  -0.0023   0.1273   0.0626   0.0679   0.0409   0.0247   0.0665   0.1123   0.0646   0.0736   0.0817   0.0804
SIM8L2   0.0620  0.0707  0.1425  0.0973  0.0797  0.1072  0.0362  0.0470  1.0000  0.0689  4.1405e-02   0.0220   0.0332   0.1022   0.0687   0.0744   0.0671   0.0908   0.0240   0.0286   0.0372   0.0677   0.0412   0.0729   0.0956   0.0784   0.0986   0.1269   0.0612   0.0521   0.0332   0.0221   0.1288   0.1912 -1.5795e-03   0.0489   0.0339   0.0496   0.0216   0.0864   0.0356   0.0435  -0.0036   0.0263   0.0891   0.0168   0.0680   0.0363  -0.0148   0.0364   0.0306
SIM9L2   0.0821  0.0311 -0.0014  0.0544  0.0433  0.0396  0.0773  0.0617  0.0689  1.0000  1.1164e-01   0.0969   0.0299   0.0600   0.0583   0.1474   0.0170   0.0481   0.0877   0.1159   0.0134   0.0416   0.0414   0.1348   0.0420   0.0413   0.0246   0.0718   0.0940   0.0785   0.0418   0.0339   0.0131   0.0250  1.1172e-01   0.0213   0.1059   0.0903   0.0869   0.0420   0.0273   0.1893   0.0350   0.0613   0.0587   0.0532  -0.0050   0.1492   0.0197   0.0769   0.0159
SIM10L2  0.0575 -0.0018  0.0835  0.0772  0.0980  0.0947  0.1018  0.1106  0.0414  0.1116  1.0000e+00   0.0653   0.0374   0.0818   0.0576   0.0789   0.0264   0.0206   0.0545   0.1440   0.0299   0.0247   0.0073   0.0257   0.0233   0.0596   0.0596   0.1766   0.0513   0.1323   0.0129   0.0227   0.0922   0.0947 -6.7150e-05   0.0731   0.0108   0.0301   0.0807   0.0266   0.0437   0.1196   0.0180   0.0155   0.1050   0.0714   0.0464   0.1116   0.0007   0.1124   0.0193
SIM11L2  0.1208  0.1321  0.0471  0.0688  0.0747  0.1075  0.0816  0.0121  0.0220  0.0969  6.5253e-02   1.0000   0.0441   0.0864   0.0919   0.1346   0.0610   0.0845   0.0518   0.0817   0.0553   0.0323   0.0425   0.0292   0.0232   0.0474   0.0692   0.0881   0.0411   0.1274  -0.0094   0.1088   0.1252   0.0841  9.9346e-02   0.1603   0.0450   0.0367   0.0502   0.0718   0.1437   0.0765   0.0453   0.0505   0.0603   0.0440   0.0795   0.1160   0.0782   0.0935   0.0449
SIM12L2  0.0926  0.0351  0.0652  0.0909  0.0286  0.0931  0.0544  0.0417  0.0332  0.0299  3.7427e-02   0.0441   1.0000   0.0576   0.0584   0.0478   0.1077   0.0284   0.0792   0.1385   0.0208   0.0410   0.0309   0.1089   0.0213   0.0878   0.0168   0.0909   0.0562   0.0719   0.0399   0.0051   0.0449   0.1021  4.3151e-02   0.0447   0.1322   0.0195   0.0640   0.0335   0.0390   0.0162   0.0402   0.0209   0.1058   0.0608   0.1024   0.0595   0.0757   0.0342   0.0498
SIM13L2  0.0944  0.0547  0.0724  0.0751  0.0204  0.1372  0.0725  0.0491  0.1022  0.0600  8.1783e-02   0.0864   0.0576   1.0000   0.0667   0.0381   0.0355   0.0934   0.0835   0.0447   0.0276   0.0167   0.0909   0.0587   0.0035   0.0752   0.0253   0.0642   0.0480   0.0655   0.0017   0.0792   0.1761   0.1071  2.4091e-02   0.0586   0.0585   0.1041   0.0513   0.0863   0.1417   0.0512   0.0620   0.0506   0.0902   0.0879   0.0408   0.0700   0.0631   0.0721   0.1019
SIM14L2  0.0849  0.0315  0.0392  0.0151  0.1552  0.1363  0.0556  0.0550  0.0687  0.0583  5.7590e-02   0.0919   0.0584   0.0667   1.0000   0.0451   0.0538   0.0611   0.0900   0.0546   0.0093   0.0477   0.0816   0.0234   0.0707   0.1098   0.0623   0.1240   0.0480   0.0757   0.0649   0.0139   0.0345   0.1162  2.5668e-02   0.0688   0.0684   0.0365   0.0625   0.0329   0.0616   0.0525   0.1461   0.1032   0.0376   0.0506   0.1201   0.0588   0.0593   0.0342   0.0844
SIM15L2  0.0512  0.0674  0.0876  0.1306  0.0541  0.0474  0.1760  0.0773  0.0744  0.1474  7.8932e-02   0.1346   0.0478   0.0381   0.0451   1.0000   0.1077   0.1021   0.0549   0.1802   0.0154   0.0886   0.1303   0.0741   0.0319   0.0378   0.1159   0.0899   0.0890   0.0512   0.0953   0.0145   0.0480   0.0267  4.4458e-02   0.0878   0.0675   0.0178   0.0238   0.0463   0.0532   0.0934   0.0535   0.0527   0.0899   0.0234   0.0386   0.2031   0.0281   0.0458   0.0876
SIM16L2  0.1062  0.0987  0.1603  0.0916  0.0096  0.1016  0.0510  0.0642  0.0671  0.0170  2.6439e-02   0.0610   0.1077   0.0355   0.0538   0.1077   1.0000   0.0673   0.0917   0.0881   0.0386   0.0745   0.0382   0.0123   0.0609   0.0518   0.1053   0.0416   0.1021   0.0947   0.0578   0.0414   0.0258   0.1023  9.3984e-02   0.0241   0.0700   0.0167   0.0655   0.0610   0.0669   0.0339   0.0799   0.0123   0.0981   0.0574   0.0829   0.0329   0.0673   0.1181   0.0619
SIM17L2  0.1235  0.1890  0.0910  0.0378  0.0448  0.0685  0.1006  0.0570  0.0908  0.0481  2.0555e-02   0.0845   0.0284   0.0934   0.0611   0.1021   0.0673   1.0000   0.0893   0.0773   0.0608   0.1115   0.0821   0.0716  -0.0098   0.0350   0.1374   0.0381   0.0250   0.0852   0.0254   0.0532   0.0038   0.0606  1.0232e-01   0.0348   0.0516   0.0626   0.0184   0.0585   0.0538   0.0321   0.0840   0.0650   0.0657   0.0708   0.1059   0.0295   0.0429   0.0458   0.0760
SIM18L2  0.0803  0.1338 -0.0032  0.0461  0.1284  0.0524  0.0423  0.0602  0.0240  0.0877  5.4485e-02   0.0518   0.0792   0.0835   0.0900   0.0549   0.0917   0.0893   1.0000   0.0952   0.0485   0.0834   0.0951   0.0722   0.0065   0.0395   0.0442   0.0595   0.0812   0.1467   0.0923   0.0425   0.0390   0.0528  5.1415e-02   0.0179   0.0530   0.0856   0.0212   0.0772   0.0157   0.1306   0.0564   0.1437   0.0710   0.0813   0.0564   0.0586   0.1019   0.0799   0.1109
SIM19L2  0.0697  0.0892  0.0907  0.0888  0.1046  0.0132  0.1261  0.1065  0.0286  0.1159  1.4403e-01   0.0817   0.1385   0.0447   0.0546   0.1802   0.0881   0.0773   0.0952   1.0000   0.0365   0.0830   0.0769   0.0683   0.0409   0.0664   0.0896   0.0434   0.0661   0.1018   0.0066   0.0022   0.0490   0.0456  9.3568e-02   0.0473   0.0774   0.0751   0.0270  -0.0157   0.0427   0.1534   0.0060   0.0584   0.0668   0.0538   0.0398   0.1517   0.0010   0.0717   0.0500
SIM20L2  0.1144  0.0204  0.0455 -0.0009  0.0312  0.0298  0.0452  0.0559  0.0372  0.0134  2.9913e-02   0.0553   0.0208   0.0276   0.0093   0.0154   0.0386   0.0608   0.0485   0.0365   1.0000   0.0908   0.0822   0.0481   0.0550   0.0124   0.0400   0.0360   0.0268   0.0511   0.0239   0.0807   0.0454   0.0316  7.6619e-03   0.0182   0.1042   0.0447   0.0946   0.0210   0.0474   0.0095   0.0505   0.0617  -0.0014   0.0822   0.0826   0.0490   0.0320   0.0460   0.0336
SIM21L2  0.0740  0.0507  0.0999  0.0059  0.0970  0.0710  0.0674  0.0816  0.0677  0.0416  2.4737e-02   0.0323   0.0410   0.0167   0.0477   0.0886   0.0745   0.1115   0.0834   0.0830   0.0908   1.0000   0.1151   0.0556   0.0123   0.0258   0.1262   0.0680   0.0511   0.0267   0.0762   0.0159   0.0622   0.0531  3.6891e-02   0.0618   0.1181   0.0284   0.0416   0.0024  -0.0117   0.0543   0.0832   0.1295   0.0416   0.0547   0.1367   0.0827   0.0635   0.0804   0.1151
SIM22L2  0.0659  0.1065  0.0807  0.0314  0.0796  0.0557  0.1101  0.0865  0.0412  0.0414  7.2753e-03   0.0425   0.0309   0.0909   0.0816   0.1303   0.0382   0.0821   0.0951   0.0769   0.0822   0.1151   1.0000   0.0982   0.0242   0.1484   0.0876   0.0701   0.1095   0.0389   0.0475   0.1033   0.1001   0.0413  6.6560e-02   0.0299   0.1798   0.0518   0.0446   0.0497   0.0486   0.0019   0.0280   0.0869   0.0773   0.1068   0.1026   0.0369   0.1186   0.0265   0.1388
SIM23L2  0.0644  0.0566  0.0336  0.0298  0.0693  0.0173  0.0366  0.0850  0.0729  0.1348  2.5689e-02   0.0292   0.1089   0.0587   0.0234   0.0741   0.0123   0.0716   0.0722   0.0683   0.0481   0.0556   0.0982   1.0000   0.0891   0.0751   0.0323   0.0949   0.0511   0.0294   0.0049   0.0024   0.0396   0.0192  7.8110e-02   0.0419   0.0858   0.0297   0.0350   0.0702  -0.0070   0.0374  -0.0012   0.0469   0.0969   0.0341   0.0449   0.0648   0.1100   0.1161   0.0611
SIM24L2  0.0491  0.1217  0.0636  0.0540  0.0875  0.0259  0.0528  0.1227  0.0956  0.0420  2.3330e-02   0.0232   0.0213   0.0035   0.0707   0.0319   0.0609  -0.0098   0.0065   0.0409   0.0550   0.0123   0.0242   0.0891   1.0000   0.0579   0.0599   0.0314   0.0470   0.0805   0.0228   0.0353   0.0445   0.0518  4.9983e-02   0.1274   0.0462  -0.0078   0.0448   0.0712   0.1148   0.0038   0.0154   0.0425   0.0525   0.0359   0.0389   0.0165   0.0231   0.0505   0.0325
SIM25L2  0.0619  0.0193  0.1013  0.0137  0.0914  0.0662  0.1018  0.0984  0.0784  0.0413  5.9561e-02   0.0474   0.0878   0.0752   0.1098   0.0378   0.0518   0.0350   0.0395   0.0664   0.0124   0.0258   0.1484   0.0751   0.0579   1.0000   0.1238   0.1204   0.0423   0.0749   0.0727   0.0726   0.0457   0.0616  1.2033e-01   0.0601   0.0870   0.0746   0.0274   0.0355   0.0334   0.0096   0.0455   0.0606   0.0394   0.0593   0.0309   0.0791   0.0845   0.0872   0.0286
SIM26L2  0.0489  0.1215  0.0370  0.0700  0.0730  0.0805  0.0675  0.0933  0.0986  0.0246  5.9644e-02   0.0692   0.0168   0.0253   0.0623   0.1159   0.1053   0.1374   0.0442   0.0896   0.0400   0.1262   0.0876   0.0323   0.0599   0.1238   1.0000   0.0036   0.1002   0.0448   0.1242   0.0136   0.0877   0.0589  1.0975e-01   0.0345   0.0681   0.0073   0.0247   0.0126  -0.0002   0.0303   0.0884   0.0982   0.0221   0.0843   0.0447   0.0692   0.1085   0.0162   0.0394
SIM27L2  0.0749  0.0448  0.0804  0.1466  0.1782  0.0710  0.0917  0.0512  0.1269  0.0718  1.7658e-01   0.0881   0.0909   0.0642   0.1240   0.0899   0.0416   0.0381   0.0595   0.0434   0.0360   0.0680   0.0701   0.0949   0.0314   0.1204   0.0036   1.0000   0.0455   0.2245   0.0336   0.0444   0.0753   0.0876  4.2121e-02   0.1699   0.1134   0.0485   0.0574   0.1011   0.0870   0.0341   0.0419   0.1089   0.0594   0.0265   0.1497   0.0993   0.0181   0.1111   0.0657
SIM28L2  0.0524  0.0803  0.0569  0.0843  0.0438  0.1076  0.0543  0.1210  0.0612  0.0940  5.1296e-02   0.0411   0.0562   0.0480   0.0480   0.0890   0.1021   0.0250   0.0812   0.0661   0.0268   0.0511   0.1095   0.0511   0.0470   0.0423   0.1002   0.0455   1.0000   0.0537   0.1220   0.0325   0.1034   0.0387  2.5128e-02   0.0487   0.0357   0.0236   0.0657   0.0549   0.0208   0.1298   0.1076   0.0259   0.1069   0.0335   0.0443   0.0976   0.0594   0.0893   0.1216
SIM29L2  0.0848  0.0873  0.0825  0.1020  0.0955  0.0978  0.0891  0.0988  0.0521  0.0785  1.3232e-01   0.1274   0.0719   0.0655   0.0757   0.0512   0.0947   0.0852   0.1467   0.1018   0.0511   0.0267   0.0389   0.0294   0.0805   0.0749   0.0448   0.2245   0.0537   1.0000   0.0333   0.0583   0.0549   0.0811  5.0221e-02   0.1268   0.1007   0.0758   0.1066   0.0587   0.0866   0.0277   0.0511   0.0885   0.0599   0.0660   0.0608   0.0853   0.0632   0.0508  -0.0021
SIM30L2  0.0542  0.0321  0.0525  0.0245  0.1123  0.1541  0.0536  0.0894  0.0332  0.0418  1.2911e-02  -0.0094   0.0399   0.0017   0.0649   0.0953   0.0578   0.0254   0.0923   0.0066   0.0239   0.0762   0.0475   0.0049   0.0228   0.0727   0.1242   0.0336   0.1220   0.0333   1.0000  -0.0113   0.0538   0.0375  8.1012e-02   0.0205   0.0424   0.0315   0.0450   0.0468   0.0547   0.0222   0.1112   0.0515   0.0679   0.0148   0.0708   0.0945   0.0489   0.0574   0.1097
SIM31L2  0.0616  0.0943 -0.0185  0.0153  0.0312  0.0642  0.0526  0.0793  0.0221  0.0339  2.2662e-02   0.1088   0.0051   0.0792   0.0139   0.0145   0.0414   0.0532   0.0425   0.0022   0.0807   0.0159   0.1033   0.0024   0.0353   0.0726   0.0136   0.0444   0.0325   0.0583  -0.0113   1.0000   0.0546   0.0300  4.1474e-02   0.0456   0.0490  -0.0176   0.0260  -0.0050   0.0444   0.0380   0.0210   0.0615  -0.0034   0.0469   0.0427  -0.0004   0.0187   0.0360   0.0286
SIM32L2  0.0532  0.0645  0.0529  0.0550  0.0803  0.1459  0.0318  0.0823  0.1288  0.0131  9.2151e-02   0.1252   0.0449   0.1761   0.0345   0.0480   0.0258   0.0038   0.0390   0.0490   0.0454   0.0622   0.1001   0.0396   0.0445   0.0457   0.0877   0.0753   0.1034   0.0549   0.0538   0.0546   1.0000   0.1480  4.4695e-02   0.1026   0.0527   0.1078   0.0270   0.1219   0.1799   0.0261   0.0831   0.0225   0.0986   0.0678   0.0317   0.0614   0.1338   0.0775   0.1670
SIM33L2  0.0722  0.0358  0.1136  0.1275  0.0261  0.1157  0.0458  0.0108  0.1912  0.0250  9.4743e-02   0.0841   0.1021   0.1071   0.1162   0.0267   0.1023   0.0606   0.0528   0.0456   0.0316   0.0531   0.0413   0.0192   0.0518   0.0616   0.0589   0.0876   0.0387   0.0811   0.0375   0.0300   0.1480   1.0000  5.6226e-03   0.0556   0.1042   0.0302   0.0355   0.1002   0.0594   0.0172   0.1250   0.0878   0.0756   0.0110   0.0612   0.0063   0.0057   0.0786   0.0487
SIM34L2  0.0783  0.0883  0.0559  0.0266  0.0226  0.0517  0.0403  0.0665 -0.0016  0.1117 -6.7150e-05   0.0993   0.0432   0.0241   0.0257   0.0445   0.0940   0.1023   0.0514   0.0936   0.0077   0.0369   0.0666   0.0781   0.0500   0.1203   0.1098   0.0421   0.0251   0.0502   0.0810   0.0415   0.0447   0.0056  1.0000e+00   0.0604   0.0055   0.1031   0.0833   0.0002   0.0613   0.0186   0.0349   0.0174   0.0729   0.0524   0.0688   0.0525   0.0271   0.0543   0.0360
SIM35L2  0.0899  0.1045  0.0301  0.1004  0.1374  0.1464  0.0665  0.0288  0.0489  0.0213  7.3057e-02   0.1603   0.0447   0.0586   0.0688   0.0878   0.0241   0.0348   0.0179   0.0473   0.0182   0.0618   0.0299   0.0419   0.1274   0.0601   0.0345   0.1699   0.0487   0.1268   0.0205   0.0456   0.1026   0.0556  6.0446e-02   1.0000   0.0797   0.0369   0.0520   0.0769   0.1614  -0.0082   0.1061   0.0146   0.0788   0.0724   0.1110   0.0346   0.1131   0.1669   0.0653
SIM36L2  0.1197  0.0597  0.0838  0.0304  0.0726  0.0423  0.0326  0.0418  0.0339  0.1059  1.0814e-02   0.0450   0.1322   0.0585   0.0684   0.0675   0.0700   0.0516   0.0530   0.0774   0.1042   0.1181   0.1798   0.0858   0.0462   0.0870   0.0681   0.1134   0.0357   0.1007   0.0424   0.0490   0.0527   0.1042  5.4985e-03   0.0797   1.0000   0.1122   0.0433   0.0429   0.0498   0.0359   0.1043   0.0897   0.0498   0.0738   0.1075   0.0616   0.1377   0.1288   0.0601
SIM37L2  0.0601  0.0881  0.0434  0.0371  0.1088  0.0909  0.0181  0.0117  0.0496  0.0903  3.0074e-02   0.0367   0.0195   0.1041   0.0365   0.0178   0.0167   0.0626   0.0856   0.0751   0.0447   0.0284   0.0518   0.0297  -0.0078   0.0746   0.0073   0.0485   0.0236   0.0758   0.0315  -0.0176   0.1078   0.0302  1.0307e-01   0.0369   0.1122   1.0000   0.0305   0.0097   0.0329   0.0275   0.0074   0.0308   0.0470   0.1140   0.0221   0.0537   0.0850   0.0569   0.0336
SIM38L2  0.0943  0.0633  0.0248  0.0563  0.0408  0.1091  0.0683  0.0580  0.0216  0.0869  8.0666e-02   0.0502   0.0640   0.0513   0.0625   0.0238   0.0655   0.0184   0.0212   0.0270   0.0946   0.0416   0.0446   0.0350   0.0448   0.0274   0.0247   0.0574   0.0657   0.1066   0.0450   0.0260   0.0270   0.0355  8.3291e-02   0.0520   0.0433   0.0305   1.0000   0.0254   0.1033   0.0727   0.0058   0.0254   0.0782   0.0823   0.0887   0.0660   0.0680   0.0178   0.0484
SIM39L2  0.0804  0.0232  0.0640  0.0915  0.0378  0.0909  0.0202 -0.0023  0.0864  0.0420  2.6605e-02   0.0718   0.0335   0.0863   0.0329   0.0463   0.0610   0.0585   0.0772  -0.0157   0.0210   0.0024   0.0497   0.0702   0.0712   0.0355   0.0126   0.1011   0.0549   0.0587   0.0468  -0.0050   0.1219   0.1002  1.9785e-04   0.0769   0.0429   0.0097   0.0254   1.0000   0.0623   0.0127   0.0322   0.0003   0.0683   0.0150   0.0867   0.0294   0.0252   0.0441   0.0281
SIM40L2  0.0581  0.1275  0.0348  0.0545  0.0485  0.1310  0.0595  0.1273  0.0356  0.0273  4.3696e-02   0.1437   0.0390   0.1417   0.0616   0.0532   0.0669   0.0538   0.0157   0.0427   0.0474  -0.0117   0.0486  -0.0070   0.1148   0.0334  -0.0002   0.0870   0.0208   0.0866   0.0547   0.0444   0.1799   0.0594  6.1299e-02   0.1614   0.0498   0.0329   0.1033   0.0623   1.0000   0.0474   0.0862   0.0037   0.0499   0.0413   0.0724  -0.0032   0.0899   0.0582   0.0774
SIM41L2  0.0559  0.0565  0.0338  0.0624  0.0211  0.0630  0.0781  0.0626  0.0435  0.1893  1.1956e-01   0.0765   0.0162   0.0512   0.0525   0.0934   0.0339   0.0321   0.1306   0.1534   0.0095   0.0543   0.0019   0.0374   0.0038   0.0096   0.0303   0.0341   0.1298   0.0277   0.0222   0.0380   0.0261   0.0172  1.8618e-02  -0.0082   0.0359   0.0275   0.0727   0.0127   0.0474   1.0000   0.0260   0.0163   0.1102   0.0299   0.0824   0.1586   0.0293   0.1212   0.0326
SIM42L2  0.0750  0.0794  0.0212  0.0310  0.0551  0.0816  0.0745  0.0679 -0.0036  0.0350  1.8022e-02   0.0453   0.0402   0.0620   0.1461   0.0535   0.0799   0.0840   0.0564   0.0060   0.0505   0.0832   0.0280  -0.0012   0.0154   0.0455   0.0884   0.0419   0.1076   0.0511   0.1112   0.0210   0.0831   0.1250  3.4858e-02   0.1061   0.1043   0.0074   0.0058   0.0322   0.0862   0.0260   1.0000   0.0697   0.0574   0.0408   0.0748   0.0883   0.0808   0.0456   0.0567
SIM43L2  0.0695  0.0749  0.0418  0.0649  0.1694  0.0969  0.0190  0.0409  0.0263  0.0613  1.5522e-02   0.0505   0.0209   0.0506   0.1032   0.0527   0.0123   0.0650   0.1437   0.0584   0.0617   0.1295   0.0869   0.0469   0.0425   0.0606   0.0982   0.1089   0.0259   0.0885   0.0515   0.0615   0.0225   0.0878  1.7449e-02   0.0146   0.0897   0.0308   0.0254   0.0003   0.0037   0.0163   0.0697   1.0000   0.0724   0.0370   0.0790   0.0173   0.0740   0.0002   0.1487
SIM44L2  0.0658  0.0532  0.0707  0.1113 -0.0030  0.1092  0.0576  0.0247  0.0891  0.0587  1.0498e-01   0.0603   0.1058   0.0902   0.0376   0.0899   0.0981   0.0657   0.0710   0.0668  -0.0014   0.0416   0.0773   0.0969   0.0525   0.0394   0.0221   0.0594   0.1069   0.0599   0.0679  -0.0034   0.0986   0.0756  7.2868e-02   0.0788   0.0498   0.0470   0.0782   0.0683   0.0499   0.1102   0.0574   0.0724   1.0000   0.0933   0.0548   0.1325   0.0265   0.0694   0.0448
SIM45L2  0.0833  0.0561  0.0151  0.0235  0.0237  0.0793  0.0443  0.0665  0.0168  0.0532  7.1420e-02   0.0440   0.0608   0.0879   0.0506   0.0234   0.0574   0.0708   0.0813   0.0538   0.0822   0.0547   0.1068   0.0341   0.0359   0.0593   0.0843   0.0265   0.0335   0.0660   0.0148   0.0469   0.0678   0.0110  5.2431e-02   0.0724   0.0738   0.1140   0.0823   0.0150   0.0413   0.0299   0.0408   0.0370   0.0933   1.0000   0.0576   0.0318   0.0941   0.0582   0.0381
SIM46L2  0.0893  0.1278  0.0777  0.1503  0.0894  0.1574  0.0033  0.1123  0.0680 -0.0050  4.6374e-02   0.0795   0.1024   0.0408   0.1201   0.0386   0.0829   0.1059   0.0564   0.0398   0.0826   0.1367   0.1026   0.0449   0.0389   0.0309   0.0447   0.1497   0.0443   0.0608   0.0708   0.0427   0.0317   0.0612  6.8832e-02   0.1110   0.1075   0.0221   0.0887   0.0867   0.0724   0.0824   0.0748   0.0790   0.0548   0.0576   1.0000   0.0306   0.1060   0.0385   0.1293
SIM47L2  0.0185  0.0711  0.0840  0.0747  0.0540  0.0502  0.1598  0.0646  0.0363  0.1492  1.1162e-01   0.1160   0.0595   0.0700   0.0588   0.2031   0.0329   0.0295   0.0586   0.1517   0.0490   0.0827   0.0369   0.0648   0.0165   0.0791   0.0692   0.0993   0.0976   0.0853   0.0945  -0.0004   0.0614   0.0063  5.2451e-02   0.0346   0.0616   0.0537   0.0660   0.0294  -0.0032   0.1586   0.0883   0.0173   0.1325   0.0318   0.0306   1.0000   0.0643   0.1290   0.0420
SIM48L2  0.0932  0.0658  0.0350  0.0384  0.0639  0.0835  0.0266  0.0736 -0.0148  0.0197  6.8524e-04   0.0782   0.0757   0.0631   0.0593   0.0281   0.0673   0.0429   0.1019   0.0010   0.0320   0.0635   0.1186   0.1100   0.0231   0.0845   0.1085   0.0181   0.0594   0.0632   0.0489   0.0187   0.1338   0.0057  2.7146e-02   0.1131   0.1377   0.0850   0.0680   0.0252   0.0899   0.0293   0.0808   0.0740   0.0265   0.0941   0.1060   0.0643   1.0000   0.1100   0.0676
SIM49L2  0.0900  0.0492  0.1139  0.0357  0.1017  0.0446  0.0362  0.0817  0.0364  0.0769  1.1236e-01   0.0935   0.0342   0.0721   0.0342   0.0458   0.1181   0.0458   0.0799   0.0717   0.0460   0.0804   0.0265   0.1161   0.0505   0.0872   0.0162   0.1111   0.0893   0.0508   0.0574   0.0360   0.0775   0.0786  5.4273e-02   0.1669   0.1288   0.0569   0.0178   0.0441   0.0582   0.1212   0.0456   0.0002   0.0694   0.0582   0.0385   0.1290   0.1100   1.0000   0.0804
SIM50L2  0.0978  0.1638  0.0291  0.0249  0.1589  0.1396  0.0716  0.0804  0.0306  0.0159  1.9294e-02   0.0449   0.0498   0.1019   0.0844   0.0876   0.0619   0.0760   0.1109   0.0500   0.0336   0.1151   0.1388   0.0611   0.0325   0.0286   0.0394   0.0657   0.1216  -0.0021   0.1097   0.0286   0.1670   0.0487  3.5966e-02   0.0653   0.0601   0.0336   0.0484   0.0281   0.0774   0.0326   0.0567   0.1487   0.0448   0.0381   0.1293   0.0420   0.0676   0.0804   1.0000

LD Score Matrix Condition Number
3.5394

Annotation Correlation Matrix
         SIM1    SIM2    SIM3    SIM4    SIM5    SIM6    SIM7    SIM8    SIM9   SIM10   SIM11   SIM12   SIM13   SIM14   SIM15   SIM16   SIM17   SIM18   SIM19   SIM20   SIM21   SIM22   SIM23   SIM24   SIM25   SIM26   SIM27   SIM28   SIM29   SIM30   SIM31   SIM32   SIM33   SIM34   SIM35   SIM36   SIM37   SIM38   SIM39   SIM40   SIM41   SIM42   SIM43   SIM44   SIM45   SIM46   SIM47   SIM48   SIM49   SIM50
SIM1   1.0000  0.0124  0.0203 -0.0005  0.0062 -0.0004 -0.0004  0.0064  0.0272  0.0066  0.0063 -0.0004 -0.0005 -0.0005  0.0057 -0.0005  0.0190  0.0070 -0.0004  0.0194 -0.0004  0.0134  0.0136  0.0132  0.0063  0.0132  0.0126  0.0120  0.0135  0.0067  0.0312  0.0199  0.0137 -0.0005  0.0131  0.0184  0.0276  0.0069  0.0063  0.0065  0.0203  0.0064  0.0143  0.0124  0.0057  0.0066  0.0064 -0.0004  0.0059  0.0129
SIM2   0.0124  1.0000 -0.0005 -0.0005  0.0123  0.0065  0.0195 -0.0005 -0.0005  0.0201 -0.0005 -0.0005  0.0114 -0.0005 -0.0005 -0.0005  0.0121 -0.0004  0.0198  0.0059  0.0129  0.0129  0.0063  0.0259  0.0192 -0.0005  0.0058  0.0055  0.0063  0.0065 -0.0005 -0.0005 -0.0005  0.0182  0.0061 -0.0005  0.0131  0.0066  0.0060  0.0063  0.0062  0.0261  0.0067  0.0057  0.0235  0.0063  0.0061 -0.0005  0.0118 -0.0005
SIM3   0.0203 -0.0005  1.0000  0.0131  0.0133  0.0070  0.0067  0.0138  0.0067  0.0069  0.0207 -0.0004  0.0059 -0.0004  0.0059  0.0206 -0.0005 -0.0004 -0.0004  0.0064  0.0068  0.0140  0.0069  0.0067 -0.0004  0.0066  0.0063  0.0060  0.0141  0.0070  0.0061 -0.0004  0.0069  0.0062  0.0066  0.0192 -0.0004 -0.0004 -0.0004 -0.0004  0.0140 -0.0004  0.0149  0.0062  0.0060  0.0215 -0.0004  0.0142  0.0127 -0.0004
SIM4  -0.0005 -0.0005  0.0131  1.0000 -0.0005  0.0066 -0.0005  0.0129  0.0063 -0.0004 -0.0005 -0.0005  0.0116  0.0061  0.0055  0.0062  0.0059  0.0141  0.0132  0.0125  0.0063 -0.0005  0.0064  0.0129  0.0195  0.0129  0.0059  0.0056  0.0132  0.0066  0.0057  0.0062 -0.0004  0.0058 -0.0005 -0.0005  0.0133 -0.0004  0.0127  0.0064 -0.0005 -0.0005 -0.0004  0.0058 -0.0005 -0.0004 -0.0005 -0.0004  0.0120  0.0127
SIM5   0.0062  0.0123  0.0133 -0.0005  1.0000 -0.0004  0.0270  0.0063 -0.0005 -0.0004  0.0063 -0.0005 -0.0005  0.0329  0.0118  0.0063  0.0124  0.0069 -0.0004  0.0061  0.0064  0.0064  0.0135 -0.0005 -0.0005 -0.0005  0.0125  0.0119 -0.0004  0.0067  0.0184  0.0063 -0.0004  0.0059  0.0063  0.0058  0.0065 -0.0004 -0.0005  0.0065  0.0064  0.0132  0.0215  0.0059  0.0057  0.0065 -0.0005 -0.0004 -0.0005  0.0128
SIM6  -0.0004  0.0065  0.0070  0.0066 -0.0004  1.0000  0.0070  0.0069  0.0070 -0.0004 -0.0004 -0.0004 -0.0005  0.0068 -0.0005  0.0068  0.0135  0.0234  0.0071 -0.0004 -0.0004  0.0070  0.0071  0.0069 -0.0004 -0.0004  0.0136  0.0264  0.0071  0.0150 -0.0005 -0.0004  0.0072  0.0065  0.0069  0.0131  0.0071 -0.0004  0.0140  0.0146  0.0070 -0.0004 -0.0004  0.0064  0.0196 -0.0004  0.0069  0.0072  0.0064  0.0068
SIM7  -0.0004  0.0195  0.0067 -0.0005  0.0270  0.0070  1.0000 -0.0004  0.0067  0.0142  0.0066 -0.0004 -0.0005 -0.0004 -0.0005  0.0066  0.0197  0.0073  0.0068  0.0201  0.0067  0.0139  0.0141  0.0066  0.0066  0.0066  0.0063  0.0060  0.0212  0.0070  0.0192  0.0066  0.0069 -0.0005 -0.0004  0.0060  0.0141 -0.0004 -0.0004  0.0068  0.0211 -0.0004  0.0072 -0.0005  0.0318 -0.0004 -0.0004 -0.0004  0.0061 -0.0004
SIM8   0.0064 -0.0005  0.0138  0.0129  0.0063  0.0069 -0.0004  1.0000  0.0208  0.0068  0.0065 -0.0004 -0.0005  0.0064  0.0058  0.0065  0.0128 -0.0004  0.0067  0.0063  0.0067  0.0067 -0.0004  0.0205 -0.0004 -0.0004  0.0062  0.0059  0.0139 -0.0004  0.0060  0.0065  0.0213  0.0061  0.0135 -0.0005  0.0067 -0.0004  0.0065  0.0067 -0.0004 -0.0004 -0.0004  0.0061  0.0123  0.0140  0.0135 -0.0004 -0.0005  0.0064
SIM9   0.0272 -0.0005  0.0067  0.0063 -0.0005  0.0070  0.0067  0.0208  1.0000  0.0069 -0.0004  0.0067  0.0186  0.0065  0.0059  0.0136  0.0130 -0.0004  0.0068  0.0133  0.0139  0.0139  0.0068  0.0066 -0.0004 -0.0004 -0.0005  0.0060  0.0068  0.0144 -0.0005  0.0066  0.0069  0.0062 -0.0004  0.0126  0.0141 -0.0004 -0.0004  0.0068 -0.0004  0.0067  0.0072  0.0062 -0.0005  0.0069 -0.0004  0.0142  0.0061  0.0134
SIM10  0.0066  0.0201  0.0069 -0.0004 -0.0004 -0.0004  0.0142  0.0068  0.0069  1.0000  0.0068  0.0069 -0.0005 -0.0004  0.0126 -0.0004 -0.0004 -0.0004  0.0144 -0.0004  0.0143  0.0069 -0.0004  0.0068  0.0068 -0.0004  0.0134  0.0062 -0.0004 -0.0004  0.0197  0.0212  0.0146 -0.0005 -0.0004  0.0062  0.0070  0.0152 -0.0004 -0.0004  0.0143 -0.0004  0.0074  0.0200 -0.0005 -0.0004  0.0357  0.0071  0.0130 -0.0004
SIM11  0.0063 -0.0005  0.0207 -0.0005  0.0063 -0.0004  0.0066  0.0065 -0.0004  0.0068  1.0000 -0.0004  0.0120  0.0064  0.0121  0.0064  0.0061 -0.0004  0.0067  0.0063 -0.0004  0.0137 -0.0004 -0.0004  0.0203 -0.0004 -0.0005  0.0059  0.0067  0.0141  0.0124 -0.0004  0.0211  0.0192 -0.0004  0.0059  0.0067  0.0145  0.0201  0.0138  0.0137  0.0275  0.0071  0.0126  0.0122  0.0210 -0.0004 -0.0004  0.0189 -0.0005
SIM12 -0.0004 -0.0005 -0.0004 -0.0005 -0.0005 -0.0004 -0.0004 -0.0004  0.0067  0.0069 -0.0004  1.0000  0.0059 -0.0004  0.0187 -0.0004  0.0197  0.0149  0.0068 -0.0005  0.0211  0.0067  0.0213  0.0066  0.0066  0.0066  0.0130  0.0189  0.0068  0.0070 -0.0005  0.0136  0.0142  0.0062 -0.0004  0.0060 -0.0004  0.0148 -0.0004  0.0140 -0.0004  0.0067  0.0072  0.0128  0.0060  0.0287  0.0066 -0.0004  0.0061 -0.0004
SIM13 -0.0005  0.0114  0.0059  0.0116 -0.0005 -0.0005 -0.0005 -0.0005  0.0186 -0.0005  0.0120  0.0059  1.0000  0.0057  0.0052 -0.0005  0.0175  0.0064  0.0124  0.0178 -0.0005  0.0123 -0.0005 -0.0005 -0.0005  0.0058 -0.0005 -0.0005 -0.0005  0.0061  0.0053  0.0058  0.0060  0.0174  0.0058 -0.0005  0.0060  0.0063 -0.0005  0.0124  0.0059 -0.0005  0.0131  0.0113  0.0225  0.0060  0.0058  0.0126  0.0112  0.0119
SIM14 -0.0005 -0.0005 -0.0004  0.0061  0.0329  0.0068 -0.0004  0.0064  0.0065 -0.0004  0.0064 -0.0004  0.0057  1.0000  0.0182  0.0064  0.0061  0.0070  0.0136  0.0062 -0.0004 -0.0004 -0.0004  0.0202 -0.0005  0.0133  0.0192  0.0121  0.0066 -0.0004  0.0123  0.0064  0.0280 -0.0005  0.0064  0.0122  0.0137 -0.0004  0.0063  0.0206  0.0065  0.0273  0.0070 -0.0005 -0.0005  0.0066  0.0133 -0.0004  0.0059 -0.0005
SIM15  0.0057 -0.0005  0.0059  0.0055  0.0118 -0.0005 -0.0005  0.0058  0.0059  0.0126  0.0121  0.0187  0.0052  0.0182  1.0000  0.0120  0.0055  0.0132 -0.0005  0.0056  0.0123  0.0123  0.0060  0.0122 -0.0005  0.0121  0.0055  0.0110  0.0124 -0.0005  0.0112  0.0246 -0.0005  0.0055 -0.0005  0.0111 -0.0005 -0.0005 -0.0005  0.0060  0.0059  0.0059  0.0200 -0.0005  0.0110  0.0125  0.0184 -0.0005  0.0054 -0.0005
SIM16 -0.0005 -0.0005  0.0206  0.0062  0.0063  0.0068  0.0066  0.0065  0.0136 -0.0004  0.0064 -0.0004 -0.0005  0.0064  0.0120  1.0000 -0.0005 -0.0004  0.0066 -0.0005 -0.0004  0.0066  0.0067 -0.0004  0.0064  0.0065  0.0061  0.0058  0.0066 -0.0004  0.0059  0.0133  0.0139 -0.0005 -0.0004  0.0123 -0.0004  0.0145 -0.0005  0.0208 -0.0004  0.0135  0.0071 -0.0005  0.0121  0.0067  0.0065 -0.0004  0.0189  0.0131
SIM17  0.0190  0.0121 -0.0005  0.0059  0.0124  0.0135  0.0197  0.0128  0.0130 -0.0004  0.0061  0.0197  0.0175  0.0061  0.0055 -0.0005  1.0000 -0.0004  0.0063  0.0060  0.0130  0.0130  0.0132 -0.0005 -0.0005  0.0062 -0.0005  0.0056 -0.0005 -0.0004 -0.0005  0.0061  0.0064  0.0058 -0.0005 -0.0005 -0.0005  0.0067  0.0192  0.0131  0.0063  0.0129  0.0067 -0.0005  0.0116  0.0064  0.0128  0.0064  0.0057  0.0256
SIM18  0.0070 -0.0004 -0.0004  0.0141  0.0069  0.0234  0.0073 -0.0004 -0.0004 -0.0004 -0.0004  0.0149  0.0064  0.0070  0.0132 -0.0004 -0.0004  1.0000  0.0073  0.0069  0.0303 -0.0004  0.0229 -0.0004 -0.0004 -0.0004 -0.0004  0.0065  0.0073  0.0076 -0.0004  0.0146  0.0074  0.0067 -0.0004  0.0135  0.0074 -0.0004  0.0071  0.0151  0.0150 -0.0004  0.0078  0.0067  0.0065  0.0074  0.0071  0.0074 -0.0004  0.0070
SIM19 -0.0004  0.0198 -0.0004  0.0132 -0.0004  0.0071  0.0068  0.0067  0.0068  0.0144  0.0067  0.0068  0.0124  0.0136 -0.0005  0.0066  0.0063  0.0073  1.0000 -0.0004  0.0213  0.0068  0.0216 -0.0004  0.0067  0.0067  0.0064 -0.0005 -0.0004  0.0146  0.0128  0.0209  0.0143  0.0063  0.0138 -0.0005 -0.0004  0.0073 -0.0004 -0.0004  0.0213  0.0068  0.0073  0.0197  0.0060  0.0069  0.0067 -0.0004 -0.0005  0.0066
SIM20  0.0194  0.0059  0.0064  0.0125  0.0061 -0.0004  0.0201  0.0063  0.0133 -0.0004  0.0063 -0.0005  0.0178  0.0062  0.0056 -0.0005  0.0060  0.0069 -0.0004  1.0000  0.0133  0.0133  0.0135  0.0063 -0.0005  0.0131  0.0125  0.0119 -0.0004 -0.0004  0.0121  0.0063 -0.0004 -0.0005 -0.0005 -0.0005  0.0204  0.0069  0.0196  0.0065  0.0133  0.0064  0.0069  0.0186  0.0119  0.0065  0.0063 -0.0004  0.0121  0.0062
SIM21 -0.0004  0.0129  0.0068  0.0063  0.0064 -0.0004  0.0067  0.0067  0.0139  0.0143 -0.0004  0.0211 -0.0005 -0.0004  0.0123 -0.0004  0.0130  0.0303  0.0213  0.0133  1.0000  0.0140  0.0141 -0.0004  0.0066 -0.0004  0.0063  0.0125  0.0141 -0.0004  0.0061  0.0137  0.0142  0.0130  0.0066  0.0061  0.0069 -0.0004  0.0066  0.0068 -0.0004  0.0067 -0.0004  0.0129  0.0060 -0.0004  0.0066 -0.0004 -0.0005 -0.0004
SIM22  0.0134  0.0129  0.0140 -0.0005  0.0064  0.0070  0.0139  0.0067  0.0139  0.0069  0.0137  0.0067  0.0123 -0.0004  0.0123  0.0066  0.0130 -0.0004  0.0068  0.0133  0.0140  1.0000  0.0069 -0.0004  0.0066  0.0066  0.0199  0.0125  0.0141  0.0145  0.0061  0.0066  0.0142  0.0130  0.0066  0.0126 -0.0004 -0.0004  0.0136  0.0068  0.0068 -0.0004  0.0072  0.0062  0.0254 -0.0004  0.0137  0.0142  0.0127  0.0065
SIM23  0.0136  0.0063  0.0069  0.0064  0.0135  0.0071  0.0141 -0.0004  0.0068 -0.0004 -0.0004  0.0213 -0.0005 -0.0004  0.0060  0.0067  0.0132  0.0229  0.0216  0.0135  0.0141  0.0069  1.0000 -0.0004  0.0067 -0.0004 -0.0005 -0.0005  0.0069  0.0071  0.0262  0.0067 -0.0004  0.0063  0.0067 -0.0005 -0.0004 -0.0004 -0.0004  0.0069 -0.0004  0.0068 -0.0004  0.0198 -0.0005  0.0070 -0.0004 -0.0004 -0.0005  0.0066
SIM24  0.0132  0.0259  0.0067  0.0129 -0.0005  0.0069  0.0066  0.0205  0.0066  0.0068 -0.0004  0.0066 -0.0005  0.0202  0.0122 -0.0004 -0.0005 -0.0004 -0.0004  0.0063 -0.0004 -0.0004 -0.0004  1.0000  0.0065 -0.0004  0.0062  0.0123 -0.0004 -0.0004  0.0190 -0.0004  0.0213  0.0128 -0.0004  0.0124 -0.0004  0.0071  0.0065  0.0139 -0.0004  0.0137  0.0071 -0.0005  0.0123  0.0068 -0.0004 -0.0004  0.0126  0.0064
