*********************************************************************
* LD Score Regression (LDSC)
* Version 1.0.1
* (C) 2014-2019 Brendan Bulik-Sullivan and Hilary Finucane
* Broad Institute of MIT and Harvard / MIT Department of Mathematics
* GNU General Public License v3
*********************************************************************
Call: 
./ldsc.py \
--out /data/sbcs/GuoLab/backup/liq17/CRC_TF_TWAS_zhishan2024/NC_revision_OceanCode/v2_NC_revision//84Tracks//ldscores_sim5000//18 \
--bfile /data/sbcs/GuoLab/backup/liq17/ref/Alkesgroup/1000G_EUR_Phase3_plink_hg38/1000G.EUR.QC.18 \
--annot /data/sbcs/GuoLab/backup/liq17/CRC_TF_TWAS_zhishan2024/NC_revision_OceanCode/v2_NC_revision//84Tracks//annots_sim5000//18.annot.txt \
--l2  \
--ld-wind-kb 100.0 

Beginning analysis at Mon Oct 27 00:38:17 2025
Read list of 285134 SNPs from /data/sbcs/GuoLab/backup/liq17/ref/Alkesgroup/1000G_EUR_Phase3_plink_hg38/1000G.EUR.QC.18.bim
Read 50 annotations for 285134 SNPs from /data/sbcs/GuoLab/backup/liq17/CRC_TF_TWAS_zhishan2024/NC_revision_OceanCode/v2_NC_revision//84Tracks//annots_sim5000//18.annot.txt
Read list of 489 individuals from /data/sbcs/GuoLab/backup/liq17/ref/Alkesgroup/1000G_EUR_Phase3_plink_hg38/1000G.EUR.QC.18.fam
Reading genotypes from /data/sbcs/GuoLab/backup/liq17/ref/Alkesgroup/1000G_EUR_Phase3_plink_hg38/1000G.EUR.QC.18.bed
Estimating LD Score.
Writing LD Scores for 285134 SNPs to /data/sbcs/GuoLab/backup/liq17/CRC_TF_TWAS_zhishan2024/NC_revision_OceanCode/v2_NC_revision//84Tracks//ldscores_sim5000//18.l2.ldscore.gz

Summary of LD Scores in /data/sbcs/GuoLab/backup/liq17/CRC_TF_TWAS_zhishan2024/NC_revision_OceanCode/v2_NC_revision//84Tracks//ldscores_sim5000//18.l2.ldscore.gz
         MAF  SIM1L2  SIM2L2  SIM3L2  SIM4L2  SIM5L2  SIM6L2  SIM7L2  SIM8L2  SIM9L2  SIM10L2  SIM11L2  SIM12L2  SIM13L2  SIM14L2  SIM15L2  SIM16L2  SIM17L2  SIM18L2  SIM19L2  SIM20L2  SIM21L2  SIM22L2  SIM23L2  SIM24L2  SIM25L2  SIM26L2  SIM27L2  SIM28L2  SIM29L2  SIM30L2  SIM31L2  SIM32L2  SIM33L2  SIM34L2  SIM35L2  SIM36L2  SIM37L2  SIM38L2  SIM39L2  SIM40L2  SIM41L2  SIM42L2  SIM43L2  SIM44L2  SIM45L2  SIM46L2  SIM47L2  SIM48L2  SIM49L2  SIM50L2
mean  0.1482  0.0199  0.0171  0.0290  0.0159  0.0194  0.0207  0.0188  0.0166  0.0169   0.0199   0.0223   0.0245   0.0235   0.0221   0.0226   0.0180   0.0199   0.0155   0.0229   0.0181   0.0162   0.0182   0.0200   0.0170   0.0207   0.0183   0.0202   0.0196   0.0220   0.0205   0.0178   0.0174   0.0133   0.0189   0.0241   0.0220   0.0192   0.0174   0.0198   0.0156   0.0191   0.0197   0.0224   0.0224   0.0205   0.0181   0.0248   0.0203   0.0174   0.0197
std   0.1488  0.1057  0.0975  0.1371  0.0923  0.1026  0.1088  0.1021  0.1001  0.0948   0.1148   0.1256   0.1326   0.1244   0.1082   0.1117   0.1011   0.1083   0.0919   0.1200   0.0987   0.0942   0.1014   0.1101   0.0914   0.1106   0.1035   0.1060   0.1117   0.1178   0.1106   0.1027   0.0999   0.0855   0.1010   0.1232   0.1175   0.1105   0.0975   0.1085   0.0935   0.1015   0.1054   0.1218   0.1153   0.1093   0.0988   0.1265   0.1118   0.0966   0.1133
min   0.0051 -0.0081 -0.0072 -0.0073 -0.0073 -0.0074 -0.0073 -0.0058 -0.0095 -0.0061  -0.0061  -0.0049  -0.0079  -0.0071  -0.0076  -0.0088  -0.0074  -0.0067  -0.0065  -0.0074  -0.0075  -0.0077  -0.0073  -0.0081  -0.0074  -0.0094  -0.0077  -0.0079  -0.0060  -0.0072  -0.0078  -0.0041  -0.0059  -0.0077  -0.0072  -0.0064  -0.0074  -0.0058  -0.0076  -0.0081  -0.0078  -0.0072  -0.0061  -0.0063  -0.0074  -0.0077  -0.0074  -0.0087  -0.0056  -0.0059  -0.0076
25%   0.0184  0.0000  0.0000  0.0000  0.0000  0.0000  0.0000  0.0000  0.0000  0.0000   0.0000   0.0000   0.0000   0.0000   0.0000   0.0000   0.0000   0.0000   0.0000   0.0000   0.0000   0.0000   0.0000   0.0000   0.0000   0.0000   0.0000   0.0000   0.0000   0.0000   0.0000   0.0000   0.0000   0.0000   0.0000   0.0000   0.0000   0.0000   0.0000   0.0000   0.0000   0.0000   0.0000   0.0000   0.0000   0.0000   0.0000   0.0000   0.0000   0.0000   0.0000
50%   0.0879  0.0000  0.0000  0.0000  0.0000  0.0000  0.0000  0.0000  0.0000  0.0000   0.0000   0.0000   0.0000   0.0000   0.0000   0.0000   0.0000   0.0000   0.0000   0.0000   0.0000   0.0000   0.0000   0.0000   0.0000   0.0000   0.0000   0.0000   0.0000   0.0000   0.0000   0.0000   0.0000   0.0000   0.0000   0.0000   0.0000   0.0000   0.0000   0.0000   0.0000   0.0000   0.0000   0.0000   0.0000   0.0000   0.0000   0.0000   0.0000   0.0000   0.0000
75%   0.2566  0.0000  0.0000  0.0000  0.0000  0.0000  0.0000  0.0000  0.0000  0.0000   0.0000   0.0000   0.0000   0.0000   0.0000   0.0000   0.0000   0.0000   0.0000   0.0000   0.0000   0.0000   0.0000   0.0000   0.0000   0.0000   0.0000   0.0000   0.0000   0.0000   0.0000   0.0000   0.0000   0.0000   0.0000   0.0000   0.0000   0.0000   0.0000   0.0000   0.0000   0.0000   0.0000   0.0000   0.0000   0.0000   0.0000   0.0000   0.0000   0.0000   0.0000
max   0.5000  1.8646  1.2754  1.8940  1.4748  1.1749  1.8069  1.2345  1.9570  1.4663   1.8679   1.9773   1.9834   1.8517   2.0000   1.6566   1.9594   1.3043   1.2628   1.7542   1.4977   1.0690   1.1254   1.5778   1.1062   1.2641   2.0000   2.0000   1.5053   2.5807   1.4930   1.1056   1.2180   1.6908   2.0000   1.9837   1.7653   1.5900   1.6244   1.4384   1.1270   1.6393   1.9863   2.0000   1.9983   1.8750   1.6385   1.9008   1.9687   1.0379   1.9483

MAF/LD Score Correlation Matrix
            MAF  SIM1L2  SIM2L2  SIM3L2  SIM4L2  SIM5L2  SIM6L2      SIM7L2  SIM8L2  SIM9L2  SIM10L2     SIM11L2  SIM12L2  SIM13L2  SIM14L2  SIM15L2  SIM16L2     SIM17L2  SIM18L2  SIM19L2  SIM20L2  SIM21L2  SIM22L2  SIM23L2  SIM24L2  SIM25L2  SIM26L2  SIM27L2  SIM28L2  SIM29L2  SIM30L2     SIM31L2  SIM32L2  SIM33L2  SIM34L2  SIM35L2  SIM36L2  SIM37L2  SIM38L2  SIM39L2  SIM40L2  SIM41L2  SIM42L2  SIM43L2  SIM44L2  SIM45L2  SIM46L2  SIM47L2  SIM48L2  SIM49L2  SIM50L2
MAF      1.0000  0.0929  0.0634  0.0716  0.0583  0.0827  0.0899  9.6109e-02  0.0554  0.0639   0.0335  6.2982e-02   0.0814   0.0821   0.0901   0.0890   0.0818  5.6122e-02   0.0851   0.1050   0.0620   0.0820   0.0690   0.0463   0.0882   0.0557   0.0682   0.1009   0.0562   0.1029   0.0712  4.7235e-02   0.0734   0.0770   0.0741   0.0920   0.0771   0.0675   0.1081   0.0800   0.0863   0.0572   0.0634   0.0708   0.0875   0.0658   0.0588   0.0828   0.0696   0.0824   0.0816
SIM1L2   0.0929  1.0000  0.0667  0.1244  0.0606  0.0274  0.0297  1.4180e-02  0.0869  0.0665   0.1060  2.5493e-02   0.0748   0.0715   0.0928   0.0150   0.0713  9.6848e-02   0.0466   0.0223   0.0236   0.0278   0.0613  -0.0105   0.0835   0.0556   0.0483   0.0647   0.0702   0.0363   0.0022  7.6001e-02   0.0259   0.0797   0.0675   0.0153   0.0406   0.2058   0.1270   0.1275   0.0277   0.0360   0.1487   0.0967   0.0721   0.0086   0.0415   0.0057   0.0401   0.0619   0.0179
SIM2L2   0.0634  0.0667  1.0000  0.1411  0.0417  0.0251  0.0602  2.4343e-02  0.0074  0.0277   0.0474  5.2079e-02   0.0553   0.0471   0.0885   0.0743   0.0116  3.1910e-02   0.0228   0.0303   0.0230   0.0266   0.0404   0.0130   0.0529   0.0251   0.0291   0.0270   0.0295   0.0227   0.0482 -1.3759e-02   0.0845   0.0485   0.0602   0.1166   0.0514   0.0645   0.0478   0.0197   0.0903   0.0537   0.0611   0.0380  -0.0085  -0.0041   0.1023   0.0417   0.1415   0.0030   0.0750
SIM3L2   0.0716  0.1244  0.1411  1.0000  0.0318  0.0881  0.0672  4.0870e-02  0.0764  0.0728   0.0596  1.0252e-01   0.1001   0.1286   0.0460   0.0420   0.0406  1.8297e-02   0.0254   0.1019   0.1520   0.1380   0.0449   0.0223   0.0705   0.0909   0.0749   0.1360   0.1508   0.1353   0.1142  1.1108e-01   0.0709   0.1052   0.0969   0.0972   0.1411   0.2349   0.1148   0.0486   0.0469   0.0846   0.0877   0.0544   0.1948   0.0853   0.0574   0.1014   0.0930   0.0501   0.1398
SIM4L2   0.0583  0.0606  0.0417  0.0318  1.0000  0.0692  0.1266  4.4734e-02  0.0381  0.0211   0.0763  2.1203e-03   0.0281   0.0436   0.0601   0.0334   0.0921  7.1473e-02   0.0129   0.0460   0.1067   0.0312   0.1325   0.0020   0.0379   0.0402   0.0354   0.0871   0.0064   0.0352   0.0497  3.3203e-03   0.0408   0.0963   0.0402   0.0729   0.1106   0.0411   0.0309   0.0887   0.0375   0.0498   0.0331   0.1420   0.0384   0.0294   0.0870   0.0588   0.0536   0.0183   0.0506
SIM5L2   0.0827  0.0274  0.0251  0.0881  0.0692  1.0000  0.1037  1.0816e-01  0.0605  0.1465   0.0673  5.0884e-02   0.0938   0.0964   0.0899   0.1030   0.0515  1.2368e-01   0.0537   0.0311   0.0992   0.0065   0.0536   0.0799   0.0459   0.0997   0.0955   0.0479   0.0197   0.0630   0.0051  1.2228e-02   0.0051   0.0465   0.0244   0.0367   0.1187   0.0639   0.1358   0.0660   0.0755   0.0535   0.0206   0.1328   0.0522   0.0917   0.0877   0.1519   0.0575   0.1296   0.1017
SIM6L2   0.0899  0.0297  0.0602  0.0672  0.1266  0.1037  1.0000  5.0693e-02  0.0493  0.0634   0.1088  1.2101e-01   0.0492   0.0473   0.0712   0.0600   0.0895  7.7332e-02   0.0560   0.0361   0.1400   0.0575   0.1794   0.0402   0.1175   0.0755   0.0241   0.0664   0.0418   0.1019   0.0970  8.6116e-02   0.0651   0.0884   0.0915   0.0814   0.0683   0.0741   0.0338   0.0636   0.0282   0.1004   0.0326   0.0622   0.1255   0.0521   0.0491   0.0488   0.0707   0.0181   0.0261
SIM7L2   0.0961  0.0142  0.0243  0.0409  0.0447  0.1082  0.0507  1.0000e+00  0.0210  0.0585   0.0348  9.0013e-02   0.0477   0.0688   0.0753   0.0382  -0.0030  7.0559e-02   0.1806   0.0566   0.0511  -0.0106   0.0658   0.0263   0.0653   0.0331   0.1191   0.0803   0.0481   0.1440   0.0713 -8.9921e-05   0.0246   0.0566   0.0827   0.0205   0.0481   0.0985   0.0085   0.0413   0.0587   0.0691   0.0196   0.0607   0.0234   0.0462   0.0255  -0.0068   0.0149   0.0775   0.0689
SIM8L2   0.0554  0.0869  0.0074  0.0764  0.0381  0.0605  0.0493  2.0985e-02  1.0000  0.0388   0.1600  2.5637e-02   0.1610   0.0343   0.0351   0.0246   0.0302  8.7991e-02   0.0283   0.0170  -0.0015   0.0541   0.1057   0.0283   0.0197   0.1070   0.0359   0.0403   0.0862   0.0944   0.0772  4.5288e-02   0.0667   0.0841   0.0307   0.0773   0.0824   0.0630   0.0259   0.0651   0.0166  -0.0009   0.0175   0.0865   0.0423   0.0254   0.0356   0.0214   0.0801   0.0481   0.0448
SIM9L2   0.0639  0.0665  0.0277  0.0728  0.0211  0.1465  0.0634  5.8463e-02  0.0388  1.0000   0.0746  1.0611e-01   0.0608   0.1194   0.0541   0.0936   0.0540  1.1945e-01   0.0794   0.0177   0.1037   0.0272   0.0243   0.0767   0.1088   0.0418   0.0281   0.0430   0.0461   0.0643   0.0630  7.5466e-02   0.0612   0.0171   0.0580   0.0639   0.0813   0.0487   0.0463   0.0377   0.0517   0.0758   0.0343   0.0608   0.1148   0.0039   0.0506   0.0567   0.0725   0.0817   0.1069
SIM10L2  0.0335  0.1060  0.0474  0.0596  0.0763  0.0673  0.1088  3.4772e-02  0.1600  0.0746   1.0000  3.0007e-02   0.2034   0.0562   0.0630   0.0827   0.0729  6.0955e-02   0.0717   0.0039   0.0979   0.0861   0.0419   0.0288   0.0045   0.1488   0.0831   0.0279   0.1970   0.0343   0.0510  1.2939e-01   0.0673   0.1195   0.0746   0.0578   0.0523   0.1718   0.0834   0.1418   0.0402   0.1130  -0.0151   0.1154   0.0958   0.0110   0.0119   0.0827   0.1129   0.0564   0.0397
SIM11L2  0.0630  0.0255  0.0521  0.1025  0.0021  0.0509  0.1210  9.0013e-02  0.0256  0.1061   0.0300  1.0000e+00   0.0422   0.0178   0.0319   0.0658  -0.0046  6.1385e-05   0.0562   0.0987   0.0083   0.0624   0.0658   0.1090   0.1171   0.0353   0.1018   0.0072   0.0280   0.0240   0.1101 -1.3564e-03  -0.0122   0.0299   0.1192   0.0619   0.0105  -0.0029   0.0551   0.0018   0.0524   0.0247   0.0092   0.0447   0.0553   0.0430   0.0801   0.1302   0.1117   0.0796   0.0614
SIM12L2  0.0814  0.0748  0.0553  0.1001  0.0281  0.0938  0.0492  4.7722e-02  0.1610  0.0608   0.2034  4.2176e-02   1.0000   0.1505   0.0647   0.0744   0.0409  1.2219e-01   0.1333   0.0043   0.0585   0.1090   0.0261   0.1704   0.0554   0.1297   0.0250   0.0519   0.1986   0.0972   0.0369  3.1755e-02   0.0901   0.0717   0.0319   0.1170   0.0511   0.2396   0.0891   0.1021   0.0895   0.0720   0.0217   0.1422   0.0477   0.1604   0.1581   0.0623   0.1537   0.1297   0.0322
SIM13L2  0.0821  0.0715  0.0471  0.1286  0.0436  0.0964  0.0473  6.8826e-02  0.0343  0.1194   0.0562  1.7815e-02   0.1505   1.0000   0.0967  -0.0048   0.0106  1.7433e-01   0.1284   0.0541   0.1780   0.0867   0.0420   0.0183   0.1237   0.0678   0.0796   0.1118   0.1309   0.1242   0.0875  5.6160e-02   0.0599   0.0080   0.0407   0.0964   0.1451   0.1730   0.1076   0.1131   0.0217   0.0405   0.0614   0.1537   0.1164   0.1114   0.1194   0.0735   0.0268   0.0269   0.0104
SIM14L2  0.0901  0.0928  0.0885  0.0460  0.0601  0.0899  0.0712  7.5292e-02  0.0351  0.0541   0.0630  3.1875e-02   0.0647   0.0967   1.0000   0.0489   0.0635  7.4172e-02   0.0960   0.0672   0.0765   0.0151   0.0122   0.0325   0.0061   0.0844   0.0827   0.0095   0.1234   0.0456  -0.0024  4.0654e-02   0.0941   0.0214   0.0247   0.0935   0.0326   0.0264   0.0695   0.0164  -0.0018   0.0396   0.0371   0.0567   0.0881   0.0392   0.0319   0.0378   0.0717   0.0475   0.0382
SIM15L2  0.0890  0.0150  0.0743  0.0420  0.0334  0.1030  0.0600  3.8163e-02  0.0246  0.0936   0.0827  6.5765e-02   0.0744  -0.0048   0.0489   1.0000   0.0342  1.9127e-02   0.0596  -0.0143   0.0840  -0.0086   0.0261   0.1007   0.0420   0.0740  -0.0009   0.0255   0.0303   0.0273   0.0580  2.1870e-02   0.0276   0.0348   0.0438   0.0413   0.0905   0.0181   0.0067   0.0857   0.0593   0.0469   0.0407   0.0214   0.0852   0.0783   0.0395   0.0290   0.0528   0.0675   0.1114
SIM16L2  0.0818  0.0713  0.0116  0.0406  0.0921  0.0515  0.0895 -2.9585e-03  0.0302  0.0540   0.0729 -4.6013e-03   0.0409   0.0106   0.0635   0.0342   1.0000  2.8580e-02   0.0211   0.0241   0.0073   0.0034   0.0645  -0.0041   0.0307   0.0358   0.0191   0.0003   0.0382   0.0433   0.0719  8.1540e-02   0.0090   0.0451   0.0310   0.0707   0.0307   0.0698   0.1035   0.0715   0.0379   0.0985   0.0686   0.0396   0.0401   0.0499   0.0076   0.0348   0.0303   0.0236   0.0467
SIM17L2  0.0561  0.0968  0.0319  0.0183  0.0715  0.1237  0.0773  7.0559e-02  0.0880  0.1195   0.0610  6.1385e-05   0.1222   0.1743   0.0742   0.0191   0.0286  1.0000e+00   0.0861   0.0129   0.0643   0.0313   0.0426   0.0936   0.0681   0.0172   0.0099   0.0216   0.1666   0.0398   0.0281  1.0914e-01   0.0319   0.0128   0.0412   0.0339   0.1194   0.0504   0.0845   0.1844   0.0254   0.0634   0.0755   0.1081   0.0227   0.0883   0.1094   0.0392   0.0805   0.0345   0.0449
SIM18L2  0.0851  0.0466  0.0228  0.0254  0.0129  0.0537  0.0560  1.8063e-01  0.0283  0.0794   0.0717  5.6245e-02   0.1333   0.1284   0.0960   0.0596   0.0211  8.6145e-02   1.0000   0.1043   0.0714   0.0199   0.0271   0.0900   0.0815   0.0240   0.1225   0.0631   0.0992   0.0946   0.0916  2.1708e-02   0.0589   0.0693   0.0936   0.0809   0.0228   0.0638   0.0253   0.0435   0.0879   0.0787   0.0301   0.0436   0.0140   0.0711   0.0801   0.0038   0.0622   0.1063   0.0078
SIM19L2  0.1050  0.0223  0.0303  0.1019  0.0460  0.0311  0.0361  5.6623e-02  0.0170  0.0177   0.0039  9.8715e-02   0.0043   0.0541   0.0672  -0.0143   0.0241  1.2944e-02   0.1043   1.0000   0.0592  -0.0151   0.0568   0.0583   0.0727  -0.0037   0.1051  -0.0102   0.1173   0.0658   0.0429  9.1176e-02   0.0039   0.0427   0.0556   0.0137   0.0878   0.0823   0.0796   0.0212   0.1151   0.0229   0.0322   0.1188   0.0167   0.0275   0.0376   0.1298   0.0241  -0.0165   0.0057
SIM20L2  0.0620  0.0236  0.0230  0.1520  0.1067  0.0992  0.1400  5.1112e-02 -0.0015  0.1037   0.0979  8.3389e-03   0.0585   0.1780   0.0765   0.0840   0.0073  6.4332e-02   0.0714   0.0592   1.0000   0.0917   0.1244   0.0278   0.0554   0.1074   0.0734   0.1055   0.0559   0.0917   0.0588  6.4235e-02   0.0227   0.1185   0.0182   0.0341   0.0976   0.1342   0.0823   0.0770   0.0320   0.0839   0.0104   0.1255   0.1443   0.0971   0.0546   0.0060   0.0590   0.0433   0.0329
SIM21L2  0.0820  0.0278  0.0266  0.1380  0.0312  0.0065  0.0575 -1.0586e-02  0.0541  0.0272   0.0861  6.2407e-02   0.1090   0.0867   0.0151  -0.0086   0.0034  3.1291e-02   0.0199  -0.0151   0.0917   1.0000   0.0337  -0.0108   0.0272   0.0830   0.0405   0.0882   0.0713   0.0707   0.0876  5.1884e-02   0.0276   0.0236   0.0543   0.0474   0.0278   0.0851   0.0107   0.0033   0.0241  -0.0004   0.0187   0.0932   0.1174   0.0633   0.0177   0.0203   0.0287   0.0332   0.0688
SIM22L2  0.0690  0.0613  0.0404  0.0449  0.1325  0.0536  0.1794  6.5783e-02  0.1057  0.0243   0.0419  6.5781e-02   0.0261   0.0420   0.0122   0.0261   0.0645  4.2646e-02   0.0271   0.0568   0.1244   0.0337   1.0000   0.0318   0.1765   0.0393  -0.0067   0.0657   0.0057   0.0516   0.0588  3.7028e-02   0.0739   0.0438   0.0807   0.0518   0.0515   0.0222   0.0013   0.0594   0.0995   0.0579   0.0401   0.0754   0.0634   0.0887   0.0371   0.0078   0.0309   0.0648   0.0062
SIM23L2  0.0463 -0.0105  0.0130  0.0223  0.0020  0.0799  0.0402  2.6304e-02  0.0283  0.0767   0.0288  1.0903e-01   0.1704   0.0183   0.0325   0.1007  -0.0041  9.3597e-02   0.0900   0.0583   0.0278  -0.0108   0.0318   1.0000   0.0474   0.0240   0.0187  -0.0024   0.1409   0.0122  -0.0070  8.9128e-02  -0.0008  -0.0084   0.0464   0.1446   0.0264   0.0190   0.0573   0.1025   0.0551   0.0977   0.0366   0.0817   0.0150   0.0880   0.0525   0.0454   0.1772   0.1374   0.0614
SIM24L2  0.0882  0.0835  0.0529  0.0705  0.0379  0.0459  0.1175  6.5287e-02  0.0197  0.1088   0.0045  1.1715e-01   0.0554   0.1237   0.0061   0.0420   0.0307  6.8068e-02   0.0815   0.0727   0.0554   0.0272   0.1765   0.0474   1.0000   0.0399   0.0164   0.0275   0.0295   0.0731   0.1007  4.1143e-04  -0.0116   0.0379   0.0751   0.0354   0.0680   0.0950   0.0673   0.0157   0.0206   0.0313   0.0340   0.1272   0.0508   0.0453   0.0848   0.0198   0.0308   0.0501   0.0404
SIM25L2  0.0557  0.0556  0.0251  0.0909  0.0402  0.0997  0.0755  3.3086e-02  0.1070  0.0418   0.1488  3.5269e-02   0.1297   0.0678   0.0844   0.0740   0.0358  1.7212e-02   0.0240  -0.0037   0.1074   0.0830   0.0393   0.0240   0.0399   1.0000   0.0318   0.0723   0.1048   0.0406   0.1033  1.0020e-01   0.0604   0.1499  -0.0157   0.1093   0.0371   0.1262   0.0383   0.0949  -0.0044   0.1618   0.0424   0.1278   0.0449   0.0902   0.0668  -0.0022   0.0239   0.0383   0.0930
SIM26L2  0.0682  0.0483  0.0291  0.0749  0.0354  0.0955  0.0241  1.1906e-01  0.0359  0.0281   0.0831  1.0185e-01   0.0250   0.0796   0.0827  -0.0009   0.0191  9.8980e-03   0.1225   0.1051   0.0734   0.0405  -0.0067   0.0187   0.0164   0.0318   1.0000   0.0346   0.0604   0.0759   0.1086 -1.9486e-02  -0.0060   0.0619   0.0221   0.0597   0.0541   0.0397   0.0633   0.0200   0.1233   0.0353   0.0383   0.0796   0.0541   0.0385   0.0683   0.0150   0.0450   0.0427   0.0465
SIM27L2  0.1009  0.0647  0.0270  0.1360  0.0871  0.0479  0.0664  8.0332e-02  0.0403  0.0430   0.0279  7.2113e-03   0.0519   0.1118   0.0095   0.0255   0.0003  2.1632e-02   0.0631  -0.0102   0.1055   0.0882   0.0657  -0.0024   0.0275   0.0723   0.0346   1.0000  -0.0041   0.1175   0.0654  3.6965e-02   0.0775   0.0369   0.0596   0.0300   0.0458   0.1161   0.0470   0.0620   0.0353   0.0319   0.0304   0.0543   0.0894   0.0890   0.0554   0.0829   0.0172   0.0351   0.0534
SIM28L2  0.0562  0.0702  0.0295  0.1508  0.0064  0.0197  0.0418  4.8055e-02  0.0862  0.0461   0.1970  2.8007e-02   0.1986   0.1309   0.1234   0.0303   0.0382  1.6661e-01   0.0992   0.1173   0.0559   0.0713   0.0057   0.1409   0.0295   0.1048   0.0604  -0.0041   1.0000   0.0417   0.0444  2.0941e-01   0.0372   0.0750   0.0262   0.0396   0.0259   0.1084   0.0716   0.1643   0.0371   0.1016   0.0449   0.0988   0.0304   0.0255   0.0303   0.0881   0.0566   0.0298   0.0686
SIM29L2  0.1029  0.0363  0.0227  0.1353  0.0352  0.0630  0.1019  1.4398e-01  0.0944  0.0643   0.0343  2.4028e-02   0.0972   0.1242   0.0456   0.0273   0.0433  3.9823e-02   0.0946   0.0658   0.0917   0.0707   0.0516   0.0122   0.0731   0.0406   0.0759   0.1175   0.0417   1.0000   0.0702  5.8816e-02   0.0499   0.0832   0.0555   0.0889   0.0834   0.1254   0.0706   0.0322   0.0849   0.0635   0.0433   0.1068   0.0935   0.0896   0.0548   0.0967   0.0095   0.0409   0.0608
SIM30L2  0.0712  0.0022  0.0482  0.1142  0.0497  0.0051  0.0970  7.1293e-02  0.0772  0.0630   0.0510  1.1013e-01   0.0369   0.0875  -0.0024   0.0580   0.0719  2.8137e-02   0.0916   0.0429   0.0588   0.0876   0.0588  -0.0070   0.1007   0.1033   0.1086   0.0654   0.0444   0.0702   1.0000  8.5222e-03   0.0066   0.1106   0.1103   0.0985   0.1083   0.0427   0.0720   0.0529   0.0054   0.0688   0.1497   0.0343   0.0386   0.0796  -0.0086   0.0292   0.0304   0.0429   0.0644
SIM31L2  0.0472  0.0760 -0.0138  0.1111  0.0033  0.0122  0.0861 -8.9921e-05  0.0453  0.0755   0.1294 -1.3564e-03   0.0318   0.0562   0.0407   0.0219   0.0815  1.0914e-01   0.0217   0.0912   0.0642   0.0519   0.0370   0.0891   0.0004   0.1002  -0.0195   0.0370   0.2094   0.0588   0.0085  1.0000e+00  -0.0153   0.0890   0.0208   0.0686   0.0240   0.0447   0.0959   0.0799   0.0346   0.1357   0.0264   0.0663   0.0120   0.0606   0.0476   0.0957   0.1149   0.0738   0.0228
SIM32L2  0.0734  0.0259  0.0845  0.0709  0.0408  0.0051  0.0651  2.4564e-02  0.0667  0.0612   0.0673 -1.2206e-02   0.0901   0.0599   0.0941   0.0276   0.0090  3.1861e-02   0.0589   0.0039   0.0227   0.0276   0.0739  -0.0008  -0.0116   0.0604  -0.0060   0.0775   0.0372   0.0499   0.0066 -1.5273e-02   1.0000   0.0687   0.0574   0.1626   0.0464   0.0482  -0.0212   0.0772   0.0201   0.0039   0.0361   0.0320   0.0153   0.0046   0.0442   0.0707  -0.0070  -0.0090   0.0096
SIM33L2  0.0770  0.0797  0.0485  0.1052  0.0963  0.0465  0.0884  5.6616e-02  0.0841  0.0171   0.1195  2.9851e-02   0.0717   0.0080   0.0214   0.0348   0.0451  1.2796e-02   0.0693   0.0427   0.1185   0.0236   0.0438  -0.0084   0.0379   0.1499   0.0619   0.0369   0.0750   0.0832   0.1106  8.8984e-02   0.0687   1.0000   0.0503   0.0832   0.0825   0.0607   0.0745   0.0698   0.0686   0.1521   0.0277   0.1172   0.0175  -0.0170   0.0798   0.0648   0.0087   0.0208   0.0435
SIM34L2  0.0741  0.0675  0.0602  0.0969  0.0402  0.0244  0.0915  8.2715e-02  0.0307  0.0580   0.0746  1.1916e-01   0.0319   0.0407   0.0247   0.0438   0.0310  4.1201e-02   0.0936   0.0556   0.0182   0.0543   0.0807   0.0464   0.0751  -0.0157   0.0221   0.0596   0.0262   0.0555   0.1103  2.0751e-02   0.0574   0.0503   1.0000   0.0564   0.0367   0.0455   0.0271   0.0210   0.0307   0.0446   0.0729   0.0410   0.0385   0.0224   0.0218   0.0796   0.0241   0.0805   0.0080
SIM35L2  0.0920  0.0153  0.1166  0.0972  0.0729  0.0367  0.0814  2.0459e-02  0.0773  0.0639   0.0578  6.1887e-02   0.1170   0.0964   0.0935   0.0413   0.0707  3.3949e-02   0.0809   0.0137   0.0341   0.0474   0.0518   0.1446   0.0354   0.1093   0.0597   0.0300   0.0396   0.0889   0.0985  6.8610e-02   0.1626   0.0832   0.0564   1.0000   0.1092   0.0341   0.0167   0.0662   0.0924   0.0825   0.0649   0.0344   0.0338   0.0547   0.1204   0.0418   0.1603   0.0352   0.0026
SIM36L2  0.0771  0.0406  0.0514  0.1411  0.1106  0.1187  0.0683  4.8068e-02  0.0824  0.0813   0.0523  1.0542e-02   0.0511   0.1451   0.0326   0.0905   0.0307  1.1943e-01   0.0228   0.0878   0.0976   0.0278   0.0515   0.0264   0.0680   0.0371   0.0541   0.0458   0.0259   0.0834   0.1083  2.4023e-02   0.0464   0.0825   0.0367   0.1092   1.0000   0.0347   0.0941   0.0778   0.0418   0.0025   0.0387   0.0517   0.0581   0.0719   0.0375   0.0117   0.0263   0.0366   0.0147
SIM37L2  0.0675  0.2058  0.0645  0.2349  0.0411  0.0639  0.0741  9.8501e-02  0.0630  0.0487   0.1718 -2.9326e-03   0.2396   0.1730   0.0264   0.0181   0.0698  5.0355e-02   0.0638   0.0823   0.1342   0.0851   0.0222   0.0190   0.0950   0.1262   0.0397   0.1161   0.1084   0.1254   0.0427  4.4718e-02   0.0482   0.0607   0.0455   0.0341   0.0347   1.0000   0.1500   0.0817   0.0761   0.0769   0.0807   0.1931   0.1318   0.0668   0.0688   0.0790   0.0364   0.0382   0.0510
SIM38L2  0.1081  0.1270  0.0478  0.1148  0.0309  0.1358  0.0338  8.4804e-03  0.0259  0.0463   0.0834  5.5096e-02   0.0891   0.1076   0.0695   0.0067   0.1035  8.4461e-02   0.0253   0.0796   0.0823   0.0107   0.0013   0.0573   0.0673   0.0383   0.0633   0.0470   0.0716   0.0706   0.0720  9.5870e-02  -0.0212   0.0745   0.0271   0.0167   0.0941   0.1500   1.0000   0.1128   0.0161   0.0931   0.0439   0.1206   0.0784   0.0328   0.0605   0.0948   0.0675   0.0764  -0.0018
SIM39L2  0.0800  0.1275  0.0197  0.0486  0.0887  0.0660  0.0636  4.1322e-02  0.0651  0.0377   0.1418  1.7966e-03   0.1021   0.1131   0.0164   0.0857   0.0715  1.8439e-01   0.0435   0.0212   0.0770   0.0033   0.0594   0.1025   0.0157   0.0949   0.0200   0.0620   0.1643   0.0322   0.0529  7.9931e-02   0.0772   0.0698   0.0210   0.0662   0.0778   0.0817   0.1128   1.0000  -0.0018   0.1334   0.0285   0.0375   0.0604   0.0363   0.0622   0.0173   0.0400  -0.0117  -0.0053
SIM40L2  0.0863  0.0277  0.0903  0.0469  0.0375  0.0755  0.0282  5.8725e-02  0.0166  0.0517   0.0402  5.2417e-02   0.0895   0.0217  -0.0018   0.0593   0.0379  2.5442e-02   0.0879   0.1151   0.0320   0.0241   0.0995   0.0551   0.0206  -0.0044   0.1233   0.0353   0.0371   0.0849   0.0054  3.4557e-02   0.0201   0.0686   0.0307   0.0924   0.0418   0.0761   0.0161  -0.0018   1.0000   0.0120   0.0434   0.1322   0.0266   0.0240   0.1036   0.0653   0.0546   0.0344   0.0467
SIM41L2  0.0572  0.0360  0.0537  0.0846  0.0498  0.0535  0.1004  6.9136e-02 -0.0009  0.0758   0.1130  2.4650e-02   0.0720   0.0405   0.0396   0.0469   0.0985  6.3432e-02   0.0787   0.0229   0.0839  -0.0004   0.0579   0.0977   0.0313   0.1618   0.0353   0.0319   0.1016   0.0635   0.0688  1.3567e-01   0.0039   0.1521   0.0446   0.0825   0.0025   0.0769   0.0931   0.1334   0.0120   1.0000   0.0785   0.0132   0.0372   0.0756   0.0762   0.0132   0.0551   0.0968   0.0447
SIM42L2  0.0634  0.1487  0.0611  0.0877  0.0331  0.0206  0.0326  1.9594e-02  0.0175  0.0343  -0.0151  9.1581e-03   0.0217   0.0614   0.0371   0.0407   0.0686  7.5489e-02   0.0301   0.0322   0.0104   0.0187   0.0401   0.0366   0.0340   0.0424   0.0383   0.0304   0.0449   0.0433   0.1497  2.6401e-02   0.0361   0.0277   0.0729   0.0649   0.0387   0.0807   0.0439   0.0285   0.0434   0.0785   1.0000   0.0671   0.0181   0.0759   0.0503  -0.0078   0.0333   0.0387   0.0530
SIM43L2  0.0708  0.0967  0.0380  0.0544  0.1420  0.1328  0.0622  6.0706e-02  0.0865  0.0608   0.1154  4.4682e-02   0.1422   0.1537   0.0567   0.0214   0.0396  1.0813e-01   0.0436   0.1188   0.1255   0.0932   0.0754   0.0817   0.1272   0.1278   0.0796   0.0543   0.0988   0.1068   0.0343  6.6299e-02   0.0320   0.1172   0.0410   0.0344   0.0517   0.1931   0.1206   0.0375   0.1322   0.0132   0.0671   1.0000   0.0906   0.0180   0.0760   0.1425   0.0681   0.0767   0.0018
SIM44L2  0.0875  0.0721 -0.0085  0.1948  0.0384  0.0522  0.1255  2.3404e-02  0.0423  0.1148   0.0958  5.5278e-02   0.0477   0.1164   0.0881   0.0852   0.0401  2.2734e-02   0.0140   0.0167   0.1443   0.1174   0.0634   0.0150   0.0508   0.0449   0.0541   0.0894   0.0304   0.0935   0.0386  1.2012e-02   0.0153   0.0175   0.0385   0.0338   0.0581   0.1318   0.0784   0.0604   0.0266   0.0372   0.0181   0.0906   1.0000   0.0805   0.0342   0.0420   0.0486   0.0146   0.0541
SIM45L2  0.0658  0.0086 -0.0041  0.0853  0.0294  0.0917  0.0521  4.6219e-02  0.0254  0.0039   0.0110  4.2996e-02   0.1604   0.1114   0.0392   0.0783   0.0499  8.8311e-02   0.0711   0.0275   0.0971   0.0633   0.0887   0.0880   0.0453   0.0902   0.0385   0.0890   0.0255   0.0896   0.0796  6.0623e-02   0.0046  -0.0170   0.0224   0.0547   0.0719   0.0668   0.0328   0.0363   0.0240   0.0756   0.0759   0.0180   0.0805   1.0000   0.1358   0.0463   0.0345   0.0966   0.0405
SIM46L2  0.0588  0.0415  0.1023  0.0574  0.0870  0.0877  0.0491  2.5521e-02  0.0356  0.0506   0.0119  8.0077e-02   0.1581   0.1194   0.0319   0.0395   0.0076  1.0944e-01   0.0801   0.0376   0.0546   0.0177   0.0371   0.0525   0.0848   0.0668   0.0683   0.0554   0.0303   0.0548  -0.0086  4.7647e-02   0.0442   0.0798   0.0218   0.1204   0.0375   0.0688   0.0605   0.0622   0.1036   0.0762   0.0503   0.0760   0.0342   0.1358   1.0000   0.0492   0.1308   0.0927   0.0744
SIM47L2  0.0828  0.0057  0.0417  0.1014  0.0588  0.1519  0.0488 -6.7810e-03  0.0214  0.0567   0.0827  1.3016e-01   0.0623   0.0735   0.0378   0.0290   0.0348  3.9170e-02   0.0038   0.1298   0.0060   0.0203   0.0078   0.0454   0.0198  -0.0022   0.0150   0.0829   0.0881   0.0967   0.0292  9.5716e-02   0.0707   0.0648   0.0796   0.0418   0.0117   0.0790   0.0948   0.0173   0.0653   0.0132  -0.0078   0.1425   0.0420   0.0463   0.0492   1.0000   0.1070   0.0855   0.0004
SIM48L2  0.0696  0.0401  0.1415  0.0930  0.0536  0.0575  0.0707  1.4925e-02  0.0801  0.0725   0.1129  1.1172e-01   0.1537   0.0268   0.0717   0.0528   0.0303  8.0474e-02   0.0622   0.0241   0.0590   0.0287   0.0309   0.1772   0.0308   0.0239   0.0450   0.0172   0.0566   0.0095   0.0304  1.1486e-01  -0.0070   0.0087   0.0241   0.1603   0.0263   0.0364   0.0675   0.0400   0.0546   0.0551   0.0333   0.0681   0.0486   0.0345   0.1308   0.1070   1.0000   0.1351   0.0574
SIM49L2  0.0824  0.0619  0.0030  0.0501  0.0183  0.1296  0.0181  7.7502e-02  0.0481  0.0817   0.0564  7.9567e-02   0.1297   0.0269   0.0475   0.0675   0.0236  3.4483e-02   0.1063  -0.0165   0.0433   0.0332   0.0648   0.1374   0.0501   0.0383   0.0427   0.0351   0.0298   0.0409   0.0429  7.3788e-02  -0.0090   0.0208   0.0805   0.0352   0.0366   0.0382   0.0764  -0.0117   0.0344   0.0968   0.0387   0.0767   0.0146   0.0966   0.0927   0.0855   0.1351   1.0000   0.0020
SIM50L2  0.0816  0.0179  0.0750  0.1398  0.0506  0.1017  0.0261  6.8872e-02  0.0448  0.1069   0.0397  6.1360e-02   0.0322   0.0104   0.0382   0.1114   0.0467  4.4948e-02   0.0078   0.0057   0.0329   0.0688   0.0062   0.0614   0.0404   0.0930   0.0465   0.0534   0.0686   0.0608   0.0644  2.2837e-02   0.0096   0.0435   0.0080   0.0026   0.0147   0.0510  -0.0018  -0.0053   0.0467   0.0447   0.0530   0.0018   0.0541   0.0405   0.0744   0.0004   0.0574   0.0020   1.0000

LD Score Matrix Condition Number
3.4868

Annotation Correlation Matrix
         SIM1    SIM2    SIM3    SIM4    SIM5    SIM6    SIM7    SIM8    SIM9   SIM10   SIM11   SIM12   SIM13   SIM14   SIM15   SIM16   SIM17   SIM18   SIM19   SIM20   SIM21   SIM22   SIM23   SIM24   SIM25   SIM26   SIM27   SIM28   SIM29   SIM30   SIM31   SIM32   SIM33   SIM34   SIM35   SIM36   SIM37   SIM38   SIM39   SIM40   SIM41   SIM42   SIM43   SIM44   SIM45   SIM46   SIM47   SIM48   SIM49   SIM50
SIM1   1.0000 -0.0003 -0.0004  0.0098 -0.0004 -0.0004 -0.0003  0.0098  0.0215  0.0097 -0.0004 -0.0004  0.0095  0.0093 -0.0004  0.0098  0.0097 -0.0003 -0.0004 -0.0004  0.0097  0.0187 -0.0004 -0.0004 -0.0004  0.0095 -0.0004  0.0100 -0.0003 -0.0004 -0.0003 -0.0003 -0.0003 -0.0003  0.0090 -0.0004  0.0102  0.0099 -0.0003 -0.0003 -0.0004  0.0193 -0.0004  0.0089 -0.0004 -0.0004  0.0090 -0.0003  0.0096 -0.0003
SIM2  -0.0003  1.0000  0.0087 -0.0003 -0.0004  0.0094  0.0101 -0.0003 -0.0003  0.0100  0.0201  0.0096  0.0098 -0.0004  0.0095  0.0207  0.0100 -0.0003  0.0195 -0.0003  0.0101 -0.0004  0.0095 -0.0003 -0.0004  0.0201  0.0100  0.0104 -0.0003  0.0099  0.0109 -0.0003 -0.0003 -0.0003  0.0094  0.0098  0.0214 -0.0003  0.0207  0.0323  0.0096  0.0098 -0.0003 -0.0004  0.0097  0.0097 -0.0004 -0.0003 -0.0003  0.0101
SIM3  -0.0004  0.0087  1.0000  0.0085 -0.0004  0.0160  0.0084  0.0085 -0.0004  0.0084  0.0169  0.0164 -0.0004 -0.0004 -0.0004  0.0085 -0.0004 -0.0004  0.0080  0.0083 -0.0004  0.0079  0.0079  0.0082 -0.0004  0.0082  0.0171 -0.0004  0.0269 -0.0004  0.0091 -0.0004 -0.0004  0.0439  0.0078  0.0082  0.0088  0.0265  0.0174  0.0180  0.0080  0.0082  0.0082 -0.0004  0.0081  0.0081  0.0078 -0.0004  0.0083  0.0084
SIM4   0.0098 -0.0003  0.0085  1.0000 -0.0004  0.0091 -0.0003  0.0100  0.0108  0.0098  0.0097 -0.0004 -0.0004 -0.0004 -0.0004  0.0100  0.0098 -0.0003 -0.0004 -0.0003 -0.0003  0.0384 -0.0004  0.0097  0.0189 -0.0004  0.0098 -0.0003  0.0102  0.0097  0.0106  0.0100  0.0316  0.0202  0.0187 -0.0004  0.0103 -0.0003  0.0100  0.0103  0.0094 -0.0004  0.0294  0.0090 -0.0004 -0.0004 -0.0004 -0.0003  0.0097 -0.0003
SIM5  -0.0004 -0.0004 -0.0004 -0.0004  1.0000  0.0174 -0.0004 -0.0004  0.0204  0.0186 -0.0004  0.0087  0.0182  0.0088  0.0177  0.0093  0.0186 -0.0004 -0.0004  0.0280  0.0092 -0.0004  0.0086 -0.0004 -0.0004 -0.0004  0.0186 -0.0004  0.0193  0.0184 -0.0003 -0.0004 -0.0004  0.0092 -0.0004  0.0182 -0.0004  0.0190 -0.0004 -0.0004  0.0269 -0.0004  0.0089  0.0084  0.0088 -0.0004 -0.0004 -0.0004  0.0184  0.0187
SIM6  -0.0004  0.0094  0.0160  0.0091  0.0174  1.0000 -0.0004 -0.0004  0.0201  0.0090  0.0181  0.0086 -0.0004 -0.0004  0.0085  0.0187  0.0184 -0.0004 -0.0004  0.0183  0.0090  0.0085  0.0085  0.0181  0.0174  0.0089  0.0277 -0.0004  0.0094 -0.0004  0.0199 -0.0004  0.0095  0.0091  0.0084  0.0180  0.0193  0.0092  0.0091 -0.0004 -0.0004 -0.0004 -0.0004  0.0083  0.0087 -0.0004  0.0083  0.0187 -0.0004  0.0279
SIM7  -0.0003  0.0101  0.0084 -0.0003 -0.0004 -0.0004  1.0000 -0.0003 -0.0003  0.0097 -0.0004 -0.0004 -0.0004 -0.0004  0.0188  0.0099  0.0097 -0.0003  0.0093  0.0097 -0.0003  0.0188  0.0187  0.0096 -0.0004  0.0195  0.0198 -0.0003 -0.0003 -0.0004 -0.0003  0.0099 -0.0003 -0.0003 -0.0004  0.0095  0.0102  0.0099 -0.0003  0.0207 -0.0004 -0.0004  0.0193 -0.0004  0.0385  0.0192 -0.0004 -0.0003  0.0196 -0.0003
SIM8   0.0098 -0.0003  0.0085  0.0100 -0.0004 -0.0004 -0.0003  1.0000 -0.0003  0.0098  0.0197  0.0094 -0.0004 -0.0004  0.0190  0.0203  0.0098  0.0103 -0.0004  0.0098  0.0099 -0.0004 -0.0004 -0.0004  0.0093  0.0097  0.0098  0.0207 -0.0003  0.0097  0.0106 -0.0003 -0.0003  0.0202  0.0187 -0.0004  0.0103  0.0100  0.0100 -0.0003  0.0094  0.0096 -0.0004 -0.0004  0.0095  0.0095  0.0091  0.0203  0.0097  0.0099
SIM9   0.0215 -0.0003 -0.0004  0.0108  0.0204  0.0201 -0.0003 -0.0003  1.0000  0.0106 -0.0003 -0.0003  0.0104  0.0102  0.0309 -0.0003  0.0106 -0.0003 -0.0003 -0.0003 -0.0003  0.0101  0.0307 -0.0003 -0.0003 -0.0003 -0.0003 -0.0003 -0.0003  0.0105 -0.0003  0.0108  0.0111 -0.0003 -0.0003 -0.0003 -0.0003 -0.0003 -0.0003  0.0111 -0.0003 -0.0003 -0.0003  0.0097  0.0102 -0.0003 -0.0003 -0.0003  0.0105  0.0106
SIM10  0.0097  0.0100  0.0084  0.0098  0.0186  0.0090  0.0097  0.0098  0.0106  1.0000  0.0095 -0.0004  0.0095  0.0093  0.0092  0.0098 -0.0004  0.0102  0.0092  0.0096  0.0198  0.0092  0.0281 -0.0004 -0.0004  0.0194 -0.0004 -0.0003 -0.0003  0.0195  0.0105  0.0201 -0.0003  0.0098  0.0279 -0.0004  0.0206  0.0099 -0.0003  0.0311 -0.0004  0.0095  0.0192  0.0089 -0.0004 -0.0004  0.0090  0.0200  0.0096  0.0198
SIM11 -0.0004  0.0201  0.0169  0.0097 -0.0004  0.0181 -0.0004  0.0197 -0.0003  0.0095  1.0000  0.0091 -0.0004  0.0091  0.0090 -0.0004 -0.0004 -0.0003 -0.0004 -0.0004 -0.0004  0.0184  0.0277 -0.0004  0.0090 -0.0004  0.0292  0.0099  0.0201  0.0094  0.0316 -0.0003  0.0203  0.0196 -0.0004  0.0286  0.0100  0.0198  0.0197  0.0100 -0.0004 -0.0004  0.0189  0.0178  0.0092 -0.0004 -0.0004  0.0097 -0.0004 -0.0004
SIM12 -0.0004  0.0096  0.0164 -0.0004  0.0087  0.0086 -0.0004  0.0094 -0.0003 -0.0004  0.0091  1.0000 -0.0004  0.0088 -0.0004 -0.0004 -0.0004 -0.0003  0.0180 -0.0004  0.0189 -0.0004 -0.0004  0.0091 -0.0004  0.0091  0.0092  0.0096  0.0096 -0.0004 -0.0003 -0.0004 -0.0003 -0.0004 -0.0004  0.0090  0.0197 -0.0004 -0.0004 -0.0003 -0.0004 -0.0004  0.0090 -0.0004 -0.0004  0.0182  0.0085  0.0191  0.0091 -0.0004
SIM13  0.0095  0.0098 -0.0004 -0.0004  0.0182 -0.0004 -0.0004 -0.0004  0.0104  0.0095 -0.0004 -0.0004  1.0000 -0.0004 -0.0004  0.0096  0.0095 -0.0003 -0.0004  0.0192  0.0194  0.0183 -0.0004 -0.0004 -0.0004  0.0190  0.0095 -0.0003  0.0200  0.0094  0.0102 -0.0004 -0.0003 -0.0004  0.0273 -0.0004 -0.0003  0.0097 -0.0004  0.0099  0.0090  0.0189  0.0284  0.0087 -0.0004  0.0187  0.0088 -0.0004  0.0191 -0.0004
SIM14  0.0093 -0.0004 -0.0004 -0.0004  0.0088 -0.0004 -0.0004 -0.0004  0.0102  0.0093  0.0091  0.0088 -0.0004  1.0000  0.0180 -0.0004  0.0093 -0.0003 -0.0004  0.0284 -0.0004  0.0088 -0.0004  0.0091 -0.0004 -0.0004  0.0093  0.0196  0.0096  0.0092 -0.0003  0.0095  0.0097  0.0094  0.0177  0.0091 -0.0003 -0.0004  0.0094  0.0097 -0.0004  0.0091 -0.0004  0.0085  0.0089 -0.0004  0.0086  0.0094 -0.0004 -0.0004
SIM15 -0.0004  0.0095 -0.0004 -0.0004  0.0177  0.0085  0.0188  0.0190  0.0309  0.0092  0.0090 -0.0004 -0.0004  0.0180  1.0000  0.0190 -0.0004 -0.0004  0.0179  0.0091 -0.0004 -0.0004 -0.0004  0.0090  0.0087 -0.0004  0.0282 -0.0004  0.0095 -0.0004 -0.0003 -0.0004  0.0196 -0.0004 -0.0004  0.0183  0.0096 -0.0004  0.0093  0.0296  0.0179  0.0183  0.0089 -0.0004 -0.0004 -0.0004  0.0085  0.0190 -0.0004  0.0092
SIM16  0.0098  0.0207  0.0085  0.0100  0.0093  0.0187  0.0099  0.0203 -0.0003  0.0098 -0.0004 -0.0004  0.0096 -0.0004  0.0190  1.0000  0.0098 -0.0003 -0.0004  0.0098 -0.0003 -0.0004  0.0189  0.0097 -0.0004 -0.0004  0.0098 -0.0003 -0.0003  0.0097 -0.0003  0.0100 -0.0003  0.0099 -0.0004  0.0096 -0.0003  0.0204  0.0100  0.0103 -0.0004 -0.0004  0.0096 -0.0004  0.0095 -0.0004 -0.0004  0.0100  0.0097  0.0099
SIM17  0.0097  0.0100 -0.0004  0.0098  0.0186  0.0184  0.0097  0.0098  0.0106 -0.0004 -0.0004 -0.0004  0.0095  0.0093 -0.0004  0.0098  1.0000  0.0206 -0.0004 -0.0004 -0.0003  0.0092  0.0091  0.0194 -0.0004  0.0194 -0.0004 -0.0003 -0.0003 -0.0004  0.0105 -0.0003 -0.0003  0.0300 -0.0004  0.0095 -0.0003 -0.0003 -0.0003  0.0206  0.0092 -0.0004  0.0094  0.0089  0.0093 -0.0004  0.0090 -0.0003 -0.0004  0.0097
SIM18 -0.0003 -0.0003 -0.0004 -0.0003 -0.0004 -0.0004 -0.0003  0.0103 -0.0003  0.0102 -0.0003 -0.0003 -0.0003 -0.0003 -0.0004 -0.0003  0.0206  1.0000 -0.0003 -0.0003  0.0102 -0.0004 -0.0004 -0.0003 -0.0004 -0.0003  0.0102 -0.0003  0.0214 -0.0003  0.0110  0.0104  0.0107 -0.0003 -0.0004 -0.0003 -0.0003 -0.0003  0.0210 -0.0003 -0.0003 -0.0003 -0.0003 -0.0004  0.0098  0.0098  0.0192 -0.0003  0.0412  0.0313
SIM19 -0.0004  0.0195  0.0080 -0.0004 -0.0004 -0.0004  0.0093 -0.0004 -0.0003  0.0092 -0.0004  0.0180 -0.0004 -0.0004  0.0179 -0.0004 -0.0004 -0.0003  1.0000  0.0092  0.0093 -0.0004  0.0178  0.0185  0.0087 -0.0004 -0.0004 -0.0004 -0.0004 -0.0004 -0.0003  0.0094  0.0197 -0.0004 -0.0004 -0.0004  0.0197  0.0094 -0.0004  0.0097  0.0180 -0.0004  0.0090  0.0085  0.0089  0.0089 -0.0004 -0.0004 -0.0004 -0.0004
SIM20 -0.0004 -0.0003  0.0083 -0.0003  0.0280  0.0183  0.0097  0.0098 -0.0003  0.0096 -0.0004 -0.0004  0.0192  0.0284  0.0091  0.0098 -0.0004 -0.0003  0.0092  1.0000 -0.0004  0.0091  0.0091  0.0095 -0.0004  0.0095 -0.0004 -0.0003  0.0100 -0.0004  0.0104  0.0098 -0.0003 -0.0003  0.0184  0.0094  0.0101 -0.0003  0.0098  0.0101 -0.0004 -0.0004  0.0094  0.0088  0.0093 -0.0004 -0.0004 -0.0003 -0.0004  0.0097
SIM21  0.0097  0.0101 -0.0004 -0.0003  0.0092  0.0090 -0.0003  0.0099 -0.0003  0.0198 -0.0004  0.0189  0.0194 -0.0004 -0.0004 -0.0003 -0.0003  0.0102  0.0093 -0.0004  1.0000 -0.0004 -0.0004 -0.0004  0.0283 -0.0004  0.0097 -0.0003 -0.0003  0.0096 -0.0003 -0.0003  0.0102 -0.0003 -0.0004  0.0095  0.0102  0.0304  0.0099  0.0313 -0.0004 -0.0004  0.0291  0.0089  0.0288 -0.0004 -0.0004 -0.0003 -0.0004 -0.0003
SIM22  0.0187 -0.0004  0.0079  0.0384 -0.0004  0.0085  0.0188 -0.0004  0.0101  0.0092  0.0184 -0.0004  0.0183  0.0088 -0.0004 -0.0004  0.0092 -0.0004 -0.0004  0.0091 -0.0004  1.0000  0.0087  0.0184  0.0087 -0.0004  0.0092  0.0194  0.0194  0.0091 -0.0003  0.0191  0.0096 -0.0004  0.0086  0.0090 -0.0004  0.0094  0.0093  0.0096  0.0088 -0.0004  0.0182  0.0084  0.0181  0.0089  0.0085 -0.0004 -0.0004  0.0092
SIM23 -0.0004  0.0095  0.0079 -0.0004  0.0086  0.0085  0.0187 -0.0004  0.0307  0.0281  0.0277 -0.0004 -0.0004 -0.0004 -0.0004  0.0189  0.0091 -0.0004  0.0178  0.0091 -0.0004  0.0087  1.0000  0.0090  0.0086  0.0090 -0.0004  0.0095 -0.0004 -0.0004  0.0099 -0.0004  0.0096  0.0188  0.0085 -0.0004  0.0096 -0.0004 -0.0004  0.0096  0.0087  0.0182  0.0089  0.0084  0.0272  0.0088 -0.0004  0.0286  0.0090  0.0092
