*********************************************************************
* LD Score Regression (LDSC)
* Version 1.0.1
* (C) 2014-2019 Brendan Bulik-Sullivan and Hilary Finucane
* Broad Institute of MIT and Harvard / MIT Department of Mathematics
* GNU General Public License v3
*********************************************************************
Call: 
./ldsc.py \
--out /data/sbcs/GuoLab/backup/liq17/CRC_TF_TWAS_zhishan2024/NC_revision_OceanCode/v2_NC_revision//84Tracks//ldscores_sim5000//2 \
--bfile /data/sbcs/GuoLab/backup/liq17/ref/Alkesgroup/1000G_EUR_Phase3_plink_hg38/1000G.EUR.QC.2 \
--annot /data/sbcs/GuoLab/backup/liq17/CRC_TF_TWAS_zhishan2024/NC_revision_OceanCode/v2_NC_revision//84Tracks//annots_sim5000//2.annot.txt \
--l2  \
--ld-wind-kb 100.0 

Beginning analysis at Sun Oct 26 21:38:10 2025
Read list of 839257 SNPs from /data/sbcs/GuoLab/backup/liq17/ref/Alkesgroup/1000G_EUR_Phase3_plink_hg38/1000G.EUR.QC.2.bim
Read 50 annotations for 839257 SNPs from /data/sbcs/GuoLab/backup/liq17/CRC_TF_TWAS_zhishan2024/NC_revision_OceanCode/v2_NC_revision//84Tracks//annots_sim5000//2.annot.txt
Read list of 489 individuals from /data/sbcs/GuoLab/backup/liq17/ref/Alkesgroup/1000G_EUR_Phase3_plink_hg38/1000G.EUR.QC.2.fam
Reading genotypes from /data/sbcs/GuoLab/backup/liq17/ref/Alkesgroup/1000G_EUR_Phase3_plink_hg38/1000G.EUR.QC.2.bed
Estimating LD Score.
Writing LD Scores for 839257 SNPs to /data/sbcs/GuoLab/backup/liq17/CRC_TF_TWAS_zhishan2024/NC_revision_OceanCode/v2_NC_revision//84Tracks//ldscores_sim5000//2.l2.ldscore.gz

Summary of LD Scores in /data/sbcs/GuoLab/backup/liq17/CRC_TF_TWAS_zhishan2024/NC_revision_OceanCode/v2_NC_revision//84Tracks//ldscores_sim5000//2.l2.ldscore.gz
         MAF  SIM1L2  SIM2L2  SIM3L2  SIM4L2  SIM5L2  SIM6L2  SIM7L2  SIM8L2  SIM9L2  SIM10L2  SIM11L2  SIM12L2  SIM13L2  SIM14L2  SIM15L2  SIM16L2  SIM17L2  SIM18L2  SIM19L2  SIM20L2  SIM21L2  SIM22L2  SIM23L2  SIM24L2  SIM25L2  SIM26L2  SIM27L2  SIM28L2  SIM29L2  SIM30L2  SIM31L2  SIM32L2  SIM33L2  SIM34L2  SIM35L2  SIM36L2  SIM37L2  SIM38L2  SIM39L2  SIM40L2  SIM41L2  SIM42L2  SIM43L2  SIM44L2  SIM45L2  SIM46L2  SIM47L2  SIM48L2  SIM49L2  SIM50L2
mean  0.1454  0.0273  0.0280  0.0289  0.0273  0.0275  0.0300  0.0279  0.0291  0.0298   0.0289   0.0297   0.0318   0.0320   0.0272   0.0309   0.0302   0.0311   0.0294   0.0288   0.0275   0.0273   0.0300   0.0316   0.0310   0.0292   0.0297   0.0303   0.0307   0.0285   0.0301   0.0308   0.0284   0.0262   0.0272   0.0270   0.0291   0.0322   0.0281   0.0325   0.0327   0.0326   0.0306   0.0321   0.0301   0.0284   0.0301   0.0289   0.0271   0.0321   0.0306
std   0.1480  0.1276  0.1332  0.1319  0.1317  0.1291  0.1366  0.1269  0.1333  0.1310   0.1380   0.1409   0.1390   0.1419   0.1236   0.1375   0.1363   0.1368   0.1363   0.1321   0.1257   0.1290   0.1354   0.1382   0.1389   0.1298   0.1322   0.1426   0.1434   0.1307   0.1385   0.1400   0.1349   0.1268   0.1273   0.1269   0.1305   0.1437   0.1283   0.1458   0.1444   0.1456   0.1386   0.1427   0.1373   0.1313   0.1361   0.1316   0.1304   0.1405   0.1358
min   0.0051 -0.0074 -0.0076 -0.0108 -0.0102 -0.0085 -0.0089 -0.0085 -0.0080 -0.0092  -0.0072  -0.0098  -0.0090  -0.0099  -0.0075  -0.0080  -0.0067  -0.0080  -0.0076  -0.0076  -0.0078  -0.0094  -0.0106  -0.0073  -0.0076  -0.0073  -0.0070  -0.0086  -0.0082  -0.0091  -0.0078  -0.0074  -0.0092  -0.0079  -0.0073  -0.0077  -0.0073  -0.0079  -0.0080  -0.0077  -0.0095  -0.0093  -0.0078  -0.0087  -0.0089  -0.0064  -0.0077  -0.0079  -0.0074  -0.0078  -0.0073
25%   0.0184  0.0000  0.0000  0.0000  0.0000  0.0000  0.0000  0.0000  0.0000  0.0000   0.0000   0.0000   0.0000   0.0000   0.0000   0.0000   0.0000   0.0000   0.0000   0.0000   0.0000   0.0000   0.0000   0.0000   0.0000   0.0000   0.0000   0.0000   0.0000   0.0000   0.0000   0.0000   0.0000   0.0000   0.0000   0.0000   0.0000   0.0000   0.0000   0.0000   0.0000   0.0000   0.0000   0.0000   0.0000   0.0000   0.0000   0.0000   0.0000   0.0000   0.0000
50%   0.0838  0.0000  0.0000  0.0000  0.0000  0.0000  0.0000  0.0000  0.0000  0.0000   0.0000   0.0000   0.0000   0.0000   0.0000   0.0000   0.0000   0.0000   0.0000   0.0000   0.0000   0.0000   0.0000   0.0000   0.0000   0.0000   0.0000   0.0000   0.0000   0.0000   0.0000   0.0000   0.0000   0.0000   0.0000   0.0000   0.0000   0.0000   0.0000   0.0000   0.0000   0.0000   0.0000   0.0000   0.0000   0.0000   0.0000   0.0000   0.0000   0.0000   0.0000
75%   0.2495  0.0000  0.0000  0.0000  0.0000  0.0000  0.0000  0.0000  0.0000  0.0000   0.0000   0.0000   0.0000   0.0000   0.0000   0.0000   0.0000   0.0000   0.0000   0.0000   0.0000   0.0000   0.0000   0.0000   0.0000   0.0000   0.0000   0.0000   0.0000   0.0000   0.0000   0.0000   0.0000   0.0000   0.0000   0.0000   0.0000   0.0000   0.0000   0.0000   0.0000   0.0000   0.0000   0.0000   0.0000   0.0000   0.0000   0.0000   0.0000   0.0000   0.0000
max   0.5000  1.7325  2.1886  2.0045  2.2139  2.1362  2.0000  1.8918  2.0363  2.0000   2.4955   2.1831   2.0000   2.0000   2.0000   2.0437   2.0000   1.9815   2.0580   2.0830   1.8376   1.9088   2.0000   1.9734   2.0529   2.0249   1.9478   3.4139   2.4343   2.3745   2.0014   2.0000   2.3072   2.0031   2.0139   2.2435   1.8919   2.0000   2.0087   1.9419   2.0000   2.9132   2.2966   2.7975   2.6552   1.8975   2.0166   1.9744   2.0000   2.0696   2.0592

MAF/LD Score Correlation Matrix
            MAF  SIM1L2  SIM2L2  SIM3L2  SIM4L2  SIM5L2  SIM6L2  SIM7L2  SIM8L2  SIM9L2  SIM10L2  SIM11L2  SIM12L2  SIM13L2  SIM14L2  SIM15L2  SIM16L2  SIM17L2  SIM18L2  SIM19L2  SIM20L2  SIM21L2  SIM22L2  SIM23L2  SIM24L2  SIM25L2  SIM26L2  SIM27L2  SIM28L2  SIM29L2  SIM30L2  SIM31L2  SIM32L2  SIM33L2  SIM34L2  SIM35L2  SIM36L2  SIM37L2  SIM38L2  SIM39L2  SIM40L2  SIM41L2  SIM42L2  SIM43L2  SIM44L2  SIM45L2  SIM46L2  SIM47L2  SIM48L2  SIM49L2  SIM50L2
MAF      1.0000  0.0837  0.0816  0.0883  0.0743  0.1014  0.0761  0.0929  0.1038  0.1063   0.0809   0.0883   0.1011   0.0843   0.1113   0.0895   0.0990   0.0938   0.0987   0.0952   0.0916   0.0852   0.0894   0.0985   0.0794   0.1012   0.0651   0.0898   0.0971   0.0793   0.0698   0.0883   0.0753   0.0793   0.0730   0.0809   0.0928   0.0984   0.0858   0.0945   0.0823   0.0998   0.0712   0.0953   0.1208   0.0901   0.0858   0.0992   0.0573   0.0892   0.1034
SIM1L2   0.0837  1.0000  0.0536  0.0549  0.0463  0.0152  0.0733  0.0625  0.0497  0.0520   0.0425   0.1000   0.0817   0.0580   0.0390   0.0464   0.0154   0.0379   0.0504   0.0508   0.0622   0.0566   0.0362   0.0719   0.0928   0.0495   0.0467   0.0814   0.0499   0.0396   0.0597   0.0795   0.0646   0.0653   0.0366   0.0368   0.0936   0.0621   0.0598   0.1068   0.0873   0.0747   0.0705   0.0643   0.0544   0.0957   0.0462   0.0472   0.0659   0.0585   0.0699
SIM2L2   0.0816  0.0536  1.0000  0.0234  0.0807  0.0653  0.0838  0.1001  0.0803  0.0774   0.0445   0.0964   0.0402   0.0460   0.0529   0.0481   0.0552   0.0692   0.0783   0.0844   0.0766   0.0483   0.0645   0.1027   0.0810   0.0507   0.0993   0.0533   0.0727   0.0621   0.0691   0.0691   0.1010   0.0500   0.0550   0.0610   0.0508   0.0752   0.0628   0.0752   0.0651   0.1035   0.0884   0.0622   0.0549   0.0818   0.0586   0.0608   0.0721   0.0643   0.0953
SIM3L2   0.0883  0.0549  0.0234  1.0000  0.0407  0.0710  0.0296  0.0340  0.0460  0.0530   0.0816   0.0829   0.0641   0.0532   0.0497   0.0371   0.0654   0.0618   0.0476   0.0609   0.0237   0.0605   0.0728   0.0339   0.0667   0.0589   0.0399   0.0529   0.0578   0.0434   0.0790   0.0498   0.0621   0.0453   0.0570   0.0710   0.0544   0.1028   0.0780   0.0885   0.0283   0.0727   0.0248   0.0535   0.0454   0.1053   0.1056   0.0635   0.0249   0.0602   0.0657
SIM4L2   0.0743  0.0463  0.0807  0.0407  1.0000  0.0287  0.0705  0.0428  0.0766  0.0770   0.0814   0.0956   0.0662   0.1085   0.1042   0.0356   0.0625   0.0579   0.0491   0.0493   0.0486   0.0522   0.0312   0.0731   0.0263   0.0584   0.0281   0.0398   0.0356   0.0809   0.1068   0.0761   0.0712   0.0460   0.0417   0.0331   0.0603   0.0560   0.0566   0.0862   0.0565   0.1229   0.0834   0.1117   0.0368   0.1021   0.0523   0.0289   0.0356   0.0739   0.0688
SIM5L2   0.1014  0.0152  0.0653  0.0710  0.0287  1.0000  0.0871  0.0581  0.0897  0.0695   0.0421   0.1047   0.0645   0.0407   0.0761   0.0495   0.0771   0.0669   0.0817   0.0488   0.0451   0.0514   0.0329   0.0557   0.0635   0.0284   0.0490   0.0203   0.0579   0.0233   0.0468   0.0792   0.0248   0.0571   0.0610   0.0487   0.0336   0.0568   0.0486   0.0875   0.0736   0.0709   0.0475   0.0470   0.0788   0.0507   0.0697   0.0674   0.0513   0.0598   0.0812
SIM6L2   0.0761  0.0733  0.0838  0.0296  0.0705  0.0871  1.0000  0.0480  0.0759  0.0952   0.0748   0.1090   0.0340   0.0948   0.0552   0.1089   0.0484   0.0590   0.1310   0.0720   0.0598   0.0460   0.0529   0.0762   0.0595   0.0205   0.0495   0.0851   0.0962   0.0831   0.1415   0.0376   0.1151   0.0551   0.0791   0.0440   0.0742   0.0925   0.0449   0.0842   0.0588   0.0315   0.1221   0.1024   0.1201   0.0826   0.0679   0.0625   0.0694   0.0567   0.0774
SIM7L2   0.0929  0.0625  0.1001  0.0340  0.0428  0.0581  0.0480  1.0000  0.0586  0.0553   0.0471   0.0733   0.0355   0.0438   0.0453   0.0224   0.0781   0.0322   0.0212   0.0671   0.0166   0.0314   0.0282   0.0679   0.0580   0.0629   0.0169   0.0639   0.0612   0.0627   0.0277   0.0450   0.0568   0.0331   0.0325   0.0617   0.0621   0.0930   0.0919   0.0515   0.0353   0.0612   0.0617   0.0554   0.0772   0.0390   0.0356   0.0645   0.1034   0.0642   0.0516
SIM8L2   0.1038  0.0497  0.0803  0.0460  0.0766  0.0897  0.0759  0.0586  1.0000  0.0792   0.0956   0.1103   0.0420   0.0537   0.0580   0.0788   0.0528   0.0907   0.0625   0.0800   0.0762   0.0551   0.0250   0.0636   0.0871   0.0563   0.0446   0.0378   0.0859   0.0495   0.0804   0.0579   0.0905   0.0858   0.0670   0.0868   0.0199   0.0611   0.0508   0.0769   0.0692   0.0971   0.0514   0.0829   0.0930   0.0760   0.0297   0.0834   0.0297   0.1075   0.0874
SIM9L2   0.1063  0.0520  0.0774  0.0530  0.0770  0.0695  0.0952  0.0553  0.0792  1.0000   0.1378   0.0568   0.0598   0.1039   0.0475   0.0914   0.0683   0.0658   0.0548   0.0342   0.0847   0.0746   0.0939   0.0885   0.0625   0.0436   0.0820   0.0510   0.0718   0.0771   0.0561   0.0886   0.0676   0.0609   0.0646   0.0627   0.0582   0.0821   0.0950   0.0781   0.0924   0.1150   0.0687   0.1066   0.0707   0.0748   0.0585   0.0420   0.0188   0.0657   0.0979
SIM10L2  0.0809  0.0425  0.0445  0.0816  0.0814  0.0421  0.0748  0.0471  0.0956  0.1378   1.0000   0.0399   0.0343   0.1365   0.0445   0.0821   0.0477   0.0751   0.0466   0.0694   0.0459   0.0974   0.0494   0.0572   0.0604   0.1173   0.0541   0.0340   0.0842   0.1281   0.1048   0.1098   0.0722   0.0346   0.0243   0.0669   0.0591   0.1303   0.0694   0.0982   0.1012   0.0352   0.0610   0.0858   0.0703   0.0543   0.0811   0.0890   0.0352   0.0614   0.0856
SIM11L2  0.0883  0.1000  0.0964  0.0829  0.0956  0.1047  0.1090  0.0733  0.1103  0.0568   0.0399   1.0000   0.1136   0.0730   0.0844   0.0694   0.0303   0.0534   0.0711   0.0674   0.0608   0.0579   0.0900   0.0807   0.1178   0.0616   0.0474   0.1248   0.0400   0.0514   0.0830   0.0827   0.0831   0.0466   0.0833   0.0639   0.0157   0.0528   0.0544   0.1224   0.0510   0.1255   0.1109   0.0338   0.0406   0.1093   0.0498   0.0627   0.0612   0.0559   0.0833
SIM12L2  0.1011  0.0817  0.0402  0.0641  0.0662  0.0645  0.0340  0.0355  0.0420  0.0598   0.0343   0.1136   1.0000   0.0707   0.0847   0.0446   0.0462   0.0597   0.0393   0.0562   0.0324   0.0644   0.0852   0.0456   0.0805   0.0294   0.0585   0.0737   0.0526   0.0426   0.0400   0.0516   0.0572   0.0374   0.0517   0.0540   0.0642   0.0849   0.0531   0.0959   0.0709   0.0586   0.0458   0.0282   0.0508   0.0587   0.0810   0.0511   0.0322   0.0564   0.0568
SIM13L2  0.0843  0.0580  0.0460  0.0532  0.1085  0.0407  0.0948  0.0438  0.0537  0.1039   0.1365   0.0730   0.0707   1.0000   0.0789   0.0947   0.0940   0.0716   0.0708   0.0966   0.0587   0.0760   0.0457   0.0550   0.0632   0.0905   0.0810   0.0743   0.0942   0.1050   0.0979   0.0447   0.0491   0.0685   0.0530   0.0424   0.0929   0.1152   0.0762   0.0668   0.0553   0.1140   0.0801   0.0943   0.0842   0.0945   0.0856   0.0750   0.0310   0.1231   0.0835
SIM14L2  0.1113  0.0390  0.0529  0.0497  0.1042  0.0761  0.0552  0.0453  0.0580  0.0475   0.0445   0.0844   0.0847   0.0789   1.0000   0.0656   0.0685   0.0802   0.0576   0.0538   0.0657   0.0356   0.0827   0.0404   0.0400   0.0950   0.0293   0.0903   0.0446   0.0576   0.0772   0.0420   0.0670   0.0633   0.0315   0.0495   0.0522   0.1003   0.0832   0.1115   0.0191   0.0937   0.0515   0.0925   0.0435   0.0376   0.0494   0.0773   0.0788   0.0515   0.0391
SIM15L2  0.0895  0.0464  0.0481  0.0371  0.0356  0.0495  0.1089  0.0224  0.0788  0.0914   0.0821   0.0694   0.0446   0.0947   0.0656   1.0000   0.0561   0.0680   0.0948   0.0943   0.0938   0.0656   0.0572   0.0609   0.0394   0.0438   0.0568   0.0549   0.0800   0.0930   0.0977   0.0671   0.0457   0.0599   0.0228   0.0233   0.0894   0.0997   0.0510   0.0627   0.0817   0.0595   0.0299   0.0925   0.1083   0.1246   0.0373   0.0661   0.0321   0.0814   0.0725
SIM16L2  0.0990  0.0154  0.0552  0.0654  0.0625  0.0771  0.0484  0.0781  0.0528  0.0683   0.0477   0.0303   0.0462   0.0940   0.0685   0.0561   1.0000   0.0269   0.0832   0.0563   0.0455   0.0218   0.0483   0.0825   0.0673   0.0425   0.0555   0.0646   0.0394   0.0190   0.0489   0.0341   0.0368   0.0477   0.0361   0.0535   0.0623   0.0737   0.0608   0.0855   0.0363   0.0504   0.0412   0.0859   0.0493   0.0488   0.0474   0.0375   0.0494   0.0795   0.0178
SIM17L2  0.0938  0.0379  0.0692  0.0618  0.0579  0.0669  0.0590  0.0322  0.0907  0.0658   0.0751   0.0534   0.0597   0.0716   0.0802   0.0680   0.0269   1.0000   0.0785   0.0526   0.0680   0.0720   0.0675   0.0685   0.0422   0.0634   0.0943   0.0517   0.0560   0.0720   0.0950   0.0461   0.0509   0.0786   0.0601   0.0615   0.0508   0.1017   0.0552   0.0859   0.0874   0.1010   0.0529   0.0516   0.0505   0.0456   0.0631   0.0532   0.0433   0.0248   0.0385
SIM18L2  0.0987  0.0504  0.0783  0.0476  0.0491  0.0817  0.1310  0.0212  0.0625  0.0548   0.0466   0.0711   0.0393   0.0708   0.0576   0.0948   0.0832   0.0785   1.0000   0.0591   0.0558   0.0411   0.0557   0.0889   0.0506   0.0756   0.0825   0.0432   0.0440   0.0542   0.0631   0.1111   0.0749   0.0881   0.0699   0.0607   0.0448   0.0606   0.0901   0.0775   0.0797   0.0566   0.0454   0.1050   0.1037   0.0928   0.0282   0.0427   0.0588   0.0695   0.0607
SIM19L2  0.0952  0.0508  0.0844  0.0609  0.0493  0.0488  0.0720  0.0671  0.0800  0.0342   0.0694   0.0674   0.0562   0.0966   0.0538   0.0943   0.0563   0.0526   0.0591   1.0000   0.0761   0.0605   0.0415   0.0558   0.0762   0.0476   0.0568   0.0705   0.0942   0.0528   0.0896   0.0590   0.0402   0.0547   0.0312   0.0534   0.0484   0.0692   0.0642   0.0698   0.0702   0.0525   0.1085   0.0940   0.0536   0.0558   0.0823   0.0572   0.0521   0.0729   0.0570
SIM20L2  0.0916  0.0622  0.0766  0.0237  0.0486  0.0451  0.0598  0.0166  0.0762  0.0847   0.0459   0.0608   0.0324   0.0587   0.0657   0.0938   0.0455   0.0680   0.0558   0.0761   1.0000   0.0198   0.0390   0.1024   0.0335   0.0446   0.0266   0.0569   0.0577   0.0686   0.0659   0.0617   0.0679   0.0638   0.0548   0.0064   0.0846   0.0296   0.0346   0.1138   0.0804   0.1004   0.0663   0.0442   0.0499   0.0804   0.0630   0.0501   0.0430   0.0844   0.1079
SIM21L2  0.0852  0.0566  0.0483  0.0605  0.0522  0.0514  0.0460  0.0314  0.0551  0.0746   0.0974   0.0579   0.0644   0.0760   0.0356   0.0656   0.0218   0.0720   0.0411   0.0605   0.0198   1.0000   0.0617   0.0720   0.0277   0.0540   0.0281   0.0573   0.0606   0.0509   0.0665   0.0638   0.0713   0.0749   0.0462   0.0528   0.0566   0.0611   0.0906   0.0886   0.0755   0.0451   0.0576   0.0275   0.0407   0.0700   0.0594   0.0818   0.0316   0.0673   0.0817
SIM22L2  0.0894  0.0362  0.0645  0.0728  0.0312  0.0329  0.0529  0.0282  0.0250  0.0939   0.0494   0.0900   0.0852   0.0457   0.0827   0.0572   0.0483   0.0675   0.0557   0.0415   0.0390   0.0617   1.0000   0.0518   0.0730   0.1031   0.0303   0.0422   0.0344   0.0850   0.0544   0.0638   0.0480   0.0718   0.0447   0.0804   0.0319   0.0614   0.0628   0.0462   0.0753   0.0601   0.0592   0.0433   0.0229   0.0702   0.0700   0.0619   0.0337   0.0555   0.0560
SIM23L2  0.0985  0.0719  0.1027  0.0339  0.0731  0.0557  0.0762  0.0679  0.0636  0.0885   0.0572   0.0807   0.0456   0.0550   0.0404   0.0609   0.0825   0.0685   0.0889   0.0558   0.1024   0.0720   0.0518   1.0000   0.0703   0.0558   0.0683   0.0686   0.0635   0.0271   0.0702   0.0994   0.0449   0.0335   0.0620   0.0832   0.1006   0.0173   0.0442   0.0947   0.0904   0.0857   0.0577   0.0712   0.0842   0.1057   0.0351   0.0419   0.0304   0.0654   0.0760
SIM24L2  0.0794  0.0928  0.0810  0.0667  0.0263  0.0635  0.0595  0.0580  0.0871  0.0625   0.0604   0.1178   0.0805   0.0632   0.0400   0.0394   0.0673   0.0422   0.0506   0.0762   0.0335   0.0277   0.0730   0.0703   1.0000   0.0450   0.1112   0.0738   0.0483   0.0651   0.0662   0.0905   0.0523   0.0252   0.0344   0.0869   0.0661   0.0324   0.0770   0.0647   0.0863   0.0730   0.0745   0.0653   0.0532   0.0539   0.0431   0.0386   0.0997   0.0768   0.0290
SIM25L2  0.1012  0.0495  0.0507  0.0589  0.0584  0.0284  0.0205  0.0629  0.0563  0.0436   0.1173   0.0616   0.0294   0.0905   0.0950   0.0438   0.0425   0.0634   0.0756   0.0476   0.0446   0.0540   0.1031   0.0558   0.0450   1.0000   0.0371   0.1010   0.0767   0.0695   0.0230   0.0933   0.0887   0.0317   0.0548   0.0357   0.0355   0.1066   0.0898   0.0943   0.0627   0.0607   0.0544   0.0703   0.0497   0.0563   0.0380   0.0803   0.0715   0.0401   0.0467
SIM26L2  0.0651  0.0467  0.0993  0.0399  0.0281  0.0490  0.0495  0.0169  0.0446  0.0820   0.0541   0.0474   0.0585   0.0810   0.0293   0.0568   0.0555   0.0943   0.0825   0.0568   0.0266   0.0281   0.0303   0.0683   0.1112   0.0371   1.0000   0.0118   0.0508   0.0507   0.0520   0.0504   0.0270   0.0523   0.0475   0.0746   0.0200   0.0517   0.0485   0.0489   0.0905   0.0571   0.0177   0.0710   0.0672   0.0446   0.0563   0.0479   0.1029   0.0504   0.0167
SIM27L2  0.0898  0.0814  0.0533  0.0529  0.0398  0.0203  0.0851  0.0639  0.0378  0.0510   0.0340   0.1248   0.0737   0.0743   0.0903   0.0549   0.0646   0.0517   0.0432   0.0705   0.0569   0.0573   0.0422   0.0686   0.0738   0.1010   0.0118   1.0000   0.0646   0.0704   0.0531   0.0302   0.0645   0.0744   0.0681   0.0353   0.0834   0.0922   0.0804   0.0949   0.0448   0.0274   0.1052   0.0791   0.0388   0.0814   0.0856   0.0596   0.0544   0.0559   0.0426
SIM28L2  0.0971  0.0499  0.0727  0.0578  0.0356  0.0579  0.0962  0.0612  0.0859  0.0718   0.0842   0.0400   0.0526   0.0942   0.0446   0.0800   0.0394   0.0560   0.0440   0.0942   0.0577   0.0606   0.0344   0.0635   0.0483   0.0767   0.0508   0.0646   1.0000   0.0724   0.0719   0.0573   0.0278   0.0424   0.0194   0.0445   0.0604   0.0707   0.0536   0.1040   0.0798   0.0347   0.0690   0.0407   0.1037   0.0672   0.0300   0.0781   0.0460   0.0709   0.0772
SIM29L2  0.0793  0.0396  0.0621  0.0434  0.0809  0.0233  0.0831  0.0627  0.0495  0.0771   0.1281   0.0514   0.0426   0.1050   0.0576   0.0930   0.0190   0.0720   0.0542   0.0528   0.0686   0.0509   0.0850   0.0271   0.0651   0.0695   0.0507   0.0704   0.0724   1.0000   0.0852   0.0626   0.0532   0.0211   0.0499   0.0527   0.0416   0.0886   0.0553   0.0458   0.0830   0.0595   0.0503   0.0385   0.0742   0.0299   0.0656   0.0620   0.0890   0.0683   0.0709
SIM30L2  0.0698  0.0597  0.0691  0.0790  0.1068  0.0468  0.1415  0.0277  0.0804  0.0561   0.1048   0.0830   0.0400   0.0979   0.0772   0.0977   0.0489   0.0950   0.0631   0.0896   0.0659   0.0665   0.0544   0.0702   0.0662   0.0230   0.0520   0.0531   0.0719   0.0852   1.0000   0.0957   0.1598   0.0539   0.0572   0.0506   0.0657   0.1013   0.0456   0.1122   0.0493   0.1248   0.1030   0.0852   0.0490   0.1024   0.0697   0.0552   0.0107   0.0709   0.1013
SIM31L2  0.0883  0.0795  0.0691  0.0498  0.0761  0.0792  0.0376  0.0450  0.0579  0.0886   0.1098   0.0827   0.0516   0.0447   0.0420   0.0671   0.0341   0.0461   0.1111   0.0590   0.0617   0.0638   0.0638   0.0994   0.0905   0.0933   0.0504   0.0302   0.0573   0.0626   0.0957   1.0000   0.0743   0.0454   0.0773   0.0933   0.0576   0.0748   0.0536   0.0888   0.0714   0.0830   0.0750   0.0446   0.0309   0.0846   0.0783   0.0691   0.0715   0.0772   0.0697
SIM32L2  0.0753  0.0646  0.1010  0.0621  0.0712  0.0248  0.1151  0.0568  0.0905  0.0676   0.0722   0.0831   0.0572   0.0491   0.0670   0.0457   0.0368   0.0509   0.0749   0.0402   0.0679   0.0713   0.0480   0.0449   0.0523   0.0887   0.0270   0.0645   0.0278   0.0532   0.1598   0.0743   1.0000   0.0570   0.0702   0.0406   0.0513   0.0894   0.0487   0.0861   0.0368   0.0906   0.1180   0.0396   0.0625   0.0717   0.0581   0.0770   0.0763   0.0924   0.0941
SIM33L2  0.0793  0.0653  0.0500  0.0453  0.0460  0.0571  0.0551  0.0331  0.0858  0.0609   0.0346   0.0466   0.0374   0.0685   0.0633   0.0599   0.0477   0.0786   0.0881   0.0547   0.0638   0.0749   0.0718   0.0335   0.0252   0.0317   0.0523   0.0744   0.0424   0.0211   0.0539   0.0454   0.0570   1.0000   0.0402   0.0290   0.0585   0.0701   0.0421   0.0720   0.0271   0.0620   0.0313   0.0661   0.0885   0.0729   0.0617   0.0294   0.0468   0.0926   0.0767
SIM34L2  0.0730  0.0366  0.0550  0.0570  0.0417  0.0610  0.0791  0.0325  0.0670  0.0646   0.0243   0.0833   0.0517   0.0530   0.0315   0.0228   0.0361   0.0601   0.0699   0.0312   0.0548   0.0462   0.0447   0.0620   0.0344   0.0548   0.0475   0.0681   0.0194   0.0499   0.0572   0.0773   0.0702   0.0402   1.0000   0.0736   0.0263   0.0493   0.0585   0.0578   0.0715   0.0519   0.0453   0.0577   0.0568   0.0409   0.0463   0.0648   0.0412   0.0433   0.0608
SIM35L2  0.0809  0.0368  0.0610  0.0710  0.0331  0.0487  0.0440  0.0617  0.0868  0.0627   0.0669   0.0639   0.0540   0.0424   0.0495   0.0233   0.0535   0.0615   0.0607   0.0534   0.0064   0.0528   0.0804   0.0832   0.0869   0.0357   0.0746   0.0353   0.0445   0.0527   0.0506   0.0933   0.0406   0.0290   0.0736   1.0000   0.0383   0.0869   0.1140   0.0274   0.0405   0.0787   0.0475   0.0783   0.0769   0.0594   0.0647   0.0630   0.0350   0.0279   0.0753
SIM36L2  0.0928  0.0936  0.0508  0.0544  0.0603  0.0336  0.0742  0.0621  0.0199  0.0582   0.0591   0.0157   0.0642   0.0929   0.0522   0.0894   0.0623   0.0508   0.0448   0.0484   0.0846   0.0566   0.0319   0.1006   0.0661   0.0355   0.0200   0.0834   0.0604   0.0416   0.0657   0.0576   0.0513   0.0585   0.0263   0.0383   1.0000   0.0658   0.0796   0.0468   0.0665   0.0587   0.0681   0.0687   0.0727   0.0677   0.0327   0.0847   0.0406   0.0340   0.0186
SIM37L2  0.0984  0.0621  0.0752  0.1028  0.0560  0.0568  0.0925  0.0930  0.0611  0.0821   0.1303   0.0528   0.0849   0.1152   0.1003   0.0997   0.0737   0.1017   0.0606   0.0692   0.0296   0.0611   0.0614   0.0173   0.0324   0.1066   0.0517   0.0922   0.0707   0.0886   0.1013   0.0748   0.0894   0.0701   0.0493   0.0869   0.0658   1.0000   0.0900   0.0937   0.0553   0.0483   0.0723   0.0906   0.0718   0.0903   0.0405   0.0642   0.0537   0.0762   0.0734
SIM38L2  0.0858  0.0598  0.0628  0.0780  0.0566  0.0486  0.0449  0.0919  0.0508  0.0950   0.0694   0.0544   0.0531   0.0762   0.0832   0.0510   0.0608   0.0552   0.0901   0.0642   0.0346   0.0906   0.0628   0.0442   0.0770   0.0898   0.0485   0.0804   0.0536   0.0553   0.0456   0.0536   0.0487   0.0421   0.0585   0.1140   0.0796   0.0900   1.0000   0.0716   0.0457   0.0696   0.0293   0.0335   0.0663   0.0902   0.0631   0.0744   0.0489   0.0886   0.0716
SIM39L2  0.0945  0.1068  0.0752  0.0885  0.0862  0.0875  0.0842  0.0515  0.0769  0.0781   0.0982   0.1224   0.0959   0.0668   0.1115   0.0627   0.0855   0.0859   0.0775   0.0698   0.1138   0.0886   0.0462   0.0947   0.0647   0.0943   0.0489   0.0949   0.1040   0.0458   0.1122   0.0888   0.0861   0.0720   0.0578   0.0274   0.0468   0.0937   0.0716   1.0000   0.0725   0.1398   0.1138   0.1066   0.1027   0.0950   0.0513   0.0413   0.0712   0.0467   0.0847
SIM40L2  0.0823  0.0873  0.0651  0.0283  0.0565  0.0736  0.0588  0.0353  0.0692  0.0924   0.1012   0.0510   0.0709   0.0553   0.0191   0.0817   0.0363   0.0874   0.0797   0.0702   0.0804   0.0755   0.0753   0.0904   0.0863   0.0627   0.0905   0.0448   0.0798   0.0830   0.0493   0.0714   0.0368   0.0271   0.0715   0.0405   0.0665   0.0553   0.0457   0.0725   1.0000   0.0609   0.0222   0.0574   0.0365   0.0894   0.0286   0.0488   0.0839   0.0403   0.0829
SIM41L2  0.0998  0.0747  0.1035  0.0727  0.1229  0.0709  0.0315  0.0612  0.0971  0.1150   0.0352   0.1255   0.0586   0.1140   0.0937   0.0595   0.0504   0.1010   0.0566   0.0525   0.1004   0.0451   0.0601   0.0857   0.0730   0.0607   0.0571   0.0274   0.0347   0.0595   0.1248   0.0830   0.0906   0.0620   0.0519   0.0787   0.0587   0.0483   0.0696   0.1398   0.0609   1.0000   0.0770   0.1175   0.0737   0.0799   0.0490   0.0646   0.0636   0.0862   0.0668
SIM42L2  0.0712  0.0705  0.0884  0.0248  0.0834  0.0475  0.1221  0.0617  0.0514  0.0687   0.0610   0.1109   0.0458   0.0801   0.0515   0.0299   0.0412   0.0529   0.0454   0.1085   0.0663   0.0576   0.0592   0.0577   0.0745   0.0544   0.0177   0.1052   0.0690   0.0503   0.1030   0.0750   0.1180   0.0313   0.0453   0.0475   0.0681   0.0723   0.0293   0.1138   0.0222   0.0770   1.0000   0.0982   0.0382   0.0876   0.0744   0.0399   0.0635   0.0291   0.0698
SIM43L2  0.0953  0.0643  0.0622  0.0535  0.1117  0.0470  0.1024  0.0554  0.0829  0.1066   0.0858   0.0338   0.0282   0.0943   0.0925   0.0925   0.0859   0.0516   0.1050   0.0940   0.0442   0.0275   0.0433   0.0712   0.0653   0.0703   0.0710   0.0791   0.0407   0.0385   0.0852   0.0446   0.0396   0.0661   0.0577   0.0783   0.0687   0.0906   0.0335   0.1066   0.0574   0.1175   0.0982   1.0000   0.0819   0.0560   0.0567   0.0928   0.0818   0.0557   0.0587
SIM44L2  0.1208  0.0544  0.0549  0.0454  0.0368  0.0788  0.1201  0.0772  0.0930  0.0707   0.0703   0.0406   0.0508   0.0842   0.0435   0.1083   0.0493   0.0505   0.1037   0.0536   0.0499   0.0407   0.0229   0.0842   0.0532   0.0497   0.0672   0.0388   0.1037   0.0742   0.0490   0.0309   0.0625   0.0885   0.0568   0.0769   0.0727   0.0718   0.0663   0.1027   0.0365   0.0737   0.0382   0.0819   1.0000   0.0866   0.0316   0.0464   0.1048   0.0467   0.0811
SIM45L2  0.0901  0.0957  0.0818  0.1053  0.1021  0.0507  0.0826  0.0390  0.0760  0.0748   0.0543   0.1093   0.0587   0.0945   0.0376   0.1246   0.0488   0.0456   0.0928   0.0558   0.0804   0.0700   0.0702   0.1057   0.0539   0.0563   0.0446   0.0814   0.0672   0.0299   0.1024   0.0846   0.0717   0.0729   0.0409   0.0594   0.0677   0.0903   0.0902   0.0950   0.0894   0.0799   0.0876   0.0560   0.0866   1.0000   0.0796   0.0352   0.0413   0.0455   0.0602
SIM46L2  0.0858  0.0462  0.0586  0.1056  0.0523  0.0697  0.0679  0.0356  0.0297  0.0585   0.0811   0.0498   0.0810   0.0856   0.0494   0.0373   0.0474   0.0631   0.0282   0.0823   0.0630   0.0594   0.0700   0.0351   0.0431   0.0380   0.0563   0.0856   0.0300   0.0656   0.0697   0.0783   0.0581   0.0617   0.0463   0.0647   0.0327   0.0405   0.0631   0.0513   0.0286   0.0490   0.0744   0.0567   0.0316   0.0796   1.0000   0.0677   0.0793   0.0952   0.0949
SIM47L2  0.0992  0.0472  0.0608  0.0635  0.0289  0.0674  0.0625  0.0645  0.0834  0.0420   0.0890   0.0627   0.0511   0.0750   0.0773   0.0661   0.0375   0.0532   0.0427   0.0572   0.0501   0.0818   0.0619   0.0419   0.0386   0.0803   0.0479   0.0596   0.0781   0.0620   0.0552   0.0691   0.0770   0.0294   0.0648   0.0630   0.0847   0.0642   0.0744   0.0413   0.0488   0.0646   0.0399   0.0928   0.0464   0.0352   0.0677   1.0000   0.0443   0.0565   0.0622
SIM48L2  0.0573  0.0659  0.0721  0.0249  0.0356  0.0513  0.0694  0.1034  0.0297  0.0188   0.0352   0.0612   0.0322   0.0310   0.0788   0.0321   0.0494   0.0433   0.0588   0.0521   0.0430   0.0316   0.0337   0.0304   0.0997   0.0715   0.1029   0.0544   0.0460   0.0890   0.0107   0.0715   0.0763   0.0468   0.0412   0.0350   0.0406   0.0537   0.0489   0.0712   0.0839   0.0636   0.0635   0.0818   0.1048   0.0413   0.0793   0.0443   1.0000   0.0582   0.0563
SIM49L2  0.0892  0.0585  0.0643  0.0602  0.0739  0.0598  0.0567  0.0642  0.1075  0.0657   0.0614   0.0559   0.0564   0.1231   0.0515   0.0814   0.0795   0.0248   0.0695   0.0729   0.0844   0.0673   0.0555   0.0654   0.0768   0.0401   0.0504   0.0559   0.0709   0.0683   0.0709   0.0772   0.0924   0.0926   0.0433   0.0279   0.0340   0.0762   0.0886   0.0467   0.0403   0.0862   0.0291   0.0557   0.0467   0.0455   0.0952   0.0565   0.0582   1.0000   0.1051
SIM50L2  0.1034  0.0699  0.0953  0.0657  0.0688  0.0812  0.0774  0.0516  0.0874  0.0979   0.0856   0.0833   0.0568   0.0835   0.0391   0.0725   0.0178   0.0385   0.0607   0.0570   0.1079   0.0817   0.0560   0.0760   0.0290   0.0467   0.0167   0.0426   0.0772   0.0709   0.1013   0.0697   0.0941   0.0767   0.0608   0.0753   0.0186   0.0734   0.0716   0.0847   0.0829   0.0668   0.0698   0.0587   0.0811   0.0602   0.0949   0.0622   0.0563   0.1051   1.0000

LD Score Matrix Condition Number
3.1092

Annotation Correlation Matrix
         SIM1    SIM2    SIM3    SIM4    SIM5    SIM6    SIM7    SIM8    SIM9   SIM10   SIM11   SIM12   SIM13   SIM14   SIM15   SIM16   SIM17   SIM18   SIM19   SIM20   SIM21   SIM22   SIM23   SIM24   SIM25   SIM26   SIM27   SIM28   SIM29   SIM30   SIM31   SIM32   SIM33   SIM34   SIM35   SIM36   SIM37   SIM38   SIM39   SIM40   SIM41   SIM42   SIM43   SIM44   SIM45   SIM46   SIM47   SIM48   SIM49   SIM50
SIM1   1.0000  0.0150  0.0098  0.0099  0.0073  0.0096  0.0073  0.0099  0.0096  0.0098  0.0072  0.0141 -0.0005  0.0074  0.0117  0.0046 -0.0005  0.0122  0.0046  0.0072  0.0076  0.0020  0.0070  0.0020  0.0072 -0.0005  0.0097  0.0021  0.0046  0.0046  0.0020  0.0047 -0.0005  0.0126  0.0021  0.0147  0.0144  0.0124  0.0021  0.0090  0.0070  0.0096  0.0045  0.0123  0.0049  0.0020  0.0021  0.0047  0.0070  0.0045
SIM2   0.0150  1.0000  0.0021  0.0097  0.0072  0.0070  0.0047  0.0098  0.0045  0.0021  0.0046  0.0067  0.0148  0.0047  0.0115  0.0045  0.0119  0.0045  0.0120  0.0071  0.0075 -0.0005  0.0118  0.0095  0.0046  0.0194  0.0121 -0.0005  0.0020  0.0071  0.0069  0.0097  0.0047  0.0073  0.0096  0.0045  0.0069  0.0071  0.0097  0.0112 -0.0005  0.0094  0.0044  0.0121  0.0128  0.0094  0.0045  0.0046  0.0069  0.0143
SIM3   0.0098  0.0021  1.0000  0.0021  0.0021  0.0020  0.0148  0.0046  0.0094  0.0071  0.0095  0.0043  0.0046  0.0047  0.0043  0.0070  0.0069  0.0094  0.0070  0.0071  0.0075  0.0044  0.0044  0.0119  0.0121  0.0094 -0.0005  0.0046  0.0045  0.0170  0.0093  0.0121  0.0098  0.0047  0.0070  0.0119  0.0044  0.0046  0.0071  0.0111  0.0044  0.0044  0.0093  0.0120  0.0180  0.0094  0.0119 -0.0005  0.0044  0.0068
SIM4   0.0099  0.0097  0.0021  1.0000  0.0021  0.0070  0.0149  0.0098  0.0070  0.0147  0.0096  0.0043  0.0072  0.0073  0.0067  0.0020  0.0020  0.0045  0.0045  0.0021  0.0102  0.0020  0.0044  0.0145  0.0046  0.0094  0.0046  0.0021  0.0070 -0.0005  0.0094  0.0046  0.0099  0.0073  0.0045  0.0095  0.0069  0.0071  0.0097  0.0065  0.0020  0.0045  0.0069  0.0046  0.0049  0.0094  0.0070  0.0096  0.0119  0.0118
SIM5   0.0073  0.0072  0.0021  0.0021  1.0000  0.0095  0.0047  0.0124  0.0070  0.0097  0.0096  0.0043  0.0149  0.0177  0.0019  0.0096  0.0120  0.0146  0.0020  0.0097  0.0049  0.0045  0.0045  0.0045  0.0097 -0.0005  0.0046  0.0046  0.0096  0.0071  0.0169  0.0097  0.0047  0.0099  0.0046  0.0045  0.0069  0.0046  0.0072  0.0066  0.0070  0.0020  0.0070  0.0147  0.0022  0.0070  0.0121  0.0122  0.0045  0.0119
SIM6   0.0096  0.0070  0.0020  0.0070  0.0095  1.0000  0.0020 -0.0005  0.0092  0.0069 -0.0005  0.0112  0.0094  0.0146  0.0042  0.0019  0.0091  0.0165  0.0190  0.0093  0.0021  0.0138  0.0091  0.0116 -0.0005  0.0091  0.0044  0.0094  0.0092  0.0093 -0.0005  0.0118  0.0020  0.0020  0.0093  0.0068  0.0138  0.0020  0.0118  0.0109  0.0115  0.0043  0.0091  0.0093  0.0073  0.0091  0.0068  0.0069  0.0091  0.0019
SIM7   0.0073  0.0047  0.0148  0.0149  0.0047  0.0020  1.0000  0.0047  0.0120  0.0097  0.0071  0.0043  0.0072 -0.0005  0.0044  0.0096  0.0045  0.0096  0.0046  0.0021 -0.0004  0.0119  0.0069  0.0096  0.0122  0.0045  0.0021  0.0021  0.0071  0.0021  0.0070  0.0097  0.0100  0.0047  0.0071  0.0020  0.0094  0.0097  0.0072  0.0066  0.0070  0.0145  0.0094  0.0122  0.0076  0.0020  0.0096  0.0097  0.0045  0.0045
SIM8   0.0099  0.0098  0.0046  0.0098  0.0124 -0.0005  0.0047  1.0000  0.0070  0.0147  0.0121  0.0043  0.0072  0.0021  0.0116  0.0070  0.0070  0.0070  0.0096  0.0147  0.0022  0.0044  0.0192  0.0170  0.0071  0.0070 -0.0005  0.0122  0.0095  0.0071  0.0045  0.0122  0.0099  0.0073  0.0096  0.0020  0.0044  0.0021  0.0021  0.0065  0.0070  0.0045  0.0020  0.0122  0.0075  0.0045  0.0020  0.0021  0.0094  0.0020
SIM9   0.0096  0.0045  0.0094  0.0070  0.0070  0.0092  0.0120  0.0070  1.0000  0.0167  0.0069  0.0018  0.0020  0.0096  0.0089  0.0068  0.0067  0.0141  0.0044  0.0118 -0.0005  0.0091  0.0067  0.0068  0.0044  0.0043  0.0044  0.0020  0.0044  0.0044  0.0067  0.0045  0.0046  0.0071  0.0068  0.0068  0.0043  0.0094  0.0069  0.0132  0.0091  0.0019  0.0139  0.0093  0.0021  0.0067  0.0141  0.0094  0.0043  0.0091
SIM10  0.0098  0.0021  0.0071  0.0147  0.0097  0.0069  0.0097  0.0147  0.0167  1.0000  0.0045  0.0043  0.0146  0.0123  0.0066 -0.0005  0.0069  0.0020  0.0070  0.0095  0.0022  0.0093  0.0092  0.0193  0.0095  0.0142  0.0045  0.0096  0.0094  0.0095  0.0093  0.0020  0.0123  0.0021  0.0045  0.0045  0.0044  0.0096  0.0146  0.0064  0.0069  0.0069  0.0068  0.0020  0.0074  0.0069  0.0119  0.0120  0.0044  0.0019
SIM11  0.0072  0.0046  0.0095  0.0096  0.0096 -0.0005  0.0071  0.0121  0.0069  0.0045  1.0000  0.0042  0.0095  0.0072  0.0066 -0.0005 -0.0005  0.0069  0.0094  0.0095 -0.0005 -0.0005  0.0068 -0.0005  0.0095  0.0044  0.0070  0.0045  0.0020  0.0045  0.0117  0.0045  0.0123  0.0046  0.0094 -0.0005  0.0068  0.0045  0.0020  0.0110  0.0068  0.0068  0.0068  0.0020  0.0126  0.0068  0.0044  0.0145  0.0019  0.0019
SIM12  0.0141  0.0067  0.0043  0.0043  0.0043  0.0112  0.0043  0.0043  0.0018  0.0043  0.0042  1.0000  0.0043  0.0092  0.0085  0.0089  0.0135  0.0018  0.0136  0.0114  0.0045  0.0041  0.0041  0.0042  0.0114  0.0112  0.0066  0.0043  0.0042  0.0090  0.0088  0.0114  0.0093 -0.0005  0.0113  0.0042  0.0041  0.0043 -0.0005  0.0083  0.0135  0.0088  0.0018  0.0042  0.0020  0.0111  0.0042  0.0114  0.0065  0.0041
SIM13 -0.0005  0.0148  0.0046  0.0072  0.0149  0.0094  0.0072  0.0072  0.0020  0.0146  0.0095  0.0043  1.0000  0.0098  0.0019  0.0095  0.0119  0.0045  0.0095  0.0071  0.0207  0.0020  0.0118  0.0070  0.0046  0.0094  0.0146  0.0021  0.0120  0.0070  0.0069  0.0121  0.0099  0.0124  0.0045  0.0070  0.0118  0.0071  0.0121  0.0065  0.0094  0.0119 -0.0005 -0.0005  0.0022  0.0020  0.0045  0.0046  0.0069  0.0069
SIM14  0.0074  0.0047  0.0047  0.0073  0.0177  0.0146 -0.0005  0.0021  0.0096  0.0123  0.0072  0.0092  0.0098  1.0000  0.0044  0.0122  0.0096  0.0096  0.0097  0.0072  0.0049  0.0145  0.0070  0.0071  0.0046  0.0045  0.0174  0.0047  0.0096  0.0173  0.0070  0.0021  0.0126  0.0074  0.0071  0.0071  0.0119  0.0098  0.0200  0.0114  0.0196  0.0070  0.0020  0.0072 -0.0004  0.0070  0.0122 -0.0005  0.0145  0.0020
SIM15  0.0117  0.0115  0.0043  0.0067  0.0019  0.0042  0.0044  0.0116  0.0089  0.0066  0.0066  0.0085  0.0019  0.0044  1.0000  0.0089  0.0042  0.0113  0.0042  0.0186  0.0020  0.0111  0.0134  0.0042  0.0043  0.0018  0.0161  0.0019  0.0136  0.0090  0.0065  0.0043  0.0093  0.0092  0.0066  0.0136 -0.0005  0.0019  0.0067  0.0061  0.0065  0.0042  0.0088  0.0090  0.0070  0.0088  0.0089  0.0067  0.0182  0.0134
SIM16  0.0046  0.0045  0.0070  0.0020  0.0096  0.0019  0.0096  0.0070  0.0068 -0.0005 -0.0005  0.0089  0.0095  0.0122  0.0089  1.0000  0.0068  0.0093  0.0118  0.0045  0.0047  0.0067  0.0067  0.0141  0.0069  0.0092  0.0094  0.0094  0.0068  0.0118  0.0068  0.0020  0.0021  0.0096  0.0069  0.0020  0.0067  0.0119  0.0094  0.0064  0.0068  0.0092  0.0140  0.0192  0.0021  0.0043  0.0093  0.0094  0.0116 -0.0005
SIM17 -0.0005  0.0119  0.0069  0.0020  0.0120  0.0091  0.0045  0.0070  0.0067  0.0069 -0.0005  0.0135  0.0119  0.0096  0.0042  0.0068  1.0000  0.0019  0.0092  0.0044  0.0073  0.0043  0.0090  0.0116  0.0044  0.0091  0.0068  0.0094  0.0141  0.0142  0.0067  0.0044  0.0121  0.0045  0.0092  0.0092  0.0138  0.0094  0.0069  0.0063  0.0067  0.0043  0.0091  0.0020  0.0073  0.0043  0.0019  0.0167  0.0019  0.0067
SIM18  0.0122  0.0045  0.0094  0.0045  0.0146  0.0165  0.0096  0.0070  0.0141  0.0020  0.0069  0.0018  0.0045  0.0096  0.0113  0.0093  0.0019  1.0000  0.0044  0.0045  0.0021  0.0019  0.0139  0.0093  0.0069  0.0116  0.0118  0.0045  0.0068  0.0044  0.0164  0.0094  0.0097  0.0122  0.0044  0.0117  0.0067  0.0094 -0.0005  0.0109  0.0116  0.0019  0.0116 -0.0005  0.0099  0.0140  0.0069  0.0020  0.0043  0.0043
SIM19  0.0046  0.0120  0.0070  0.0045  0.0020  0.0190  0.0046  0.0096  0.0044  0.0070  0.0094  0.0136  0.0095  0.0097  0.0042  0.0118  0.0092  0.0044  1.0000  0.0095  0.0021  0.0092  0.0043  0.0142  0.0020  0.0044 -0.0005  0.0169  0.0020  0.0069  0.0092  0.0020  0.0072  0.0021  0.0069  0.0020  0.0092  0.0045  0.0070  0.0156  0.0068  0.0019  0.0068  0.0193  0.0021  0.0068  0.0093  0.0020  0.0092  0.0067
SIM20  0.0072  0.0071  0.0071  0.0021  0.0097  0.0093  0.0021  0.0147  0.0118  0.0095  0.0095  0.0114  0.0071  0.0072  0.0186  0.0045  0.0044  0.0045  0.0095  1.0000  0.0127  0.0068  0.0068  0.0020  0.0045  0.0069  0.0120  0.0071  0.0069  0.0020  0.0020  0.0121  0.0098 -0.0005  0.0020  0.0069 -0.0005  0.0071  0.0121  0.0065  0.0191  0.0069  0.0044  0.0070  0.0101  0.0044  0.0045  0.0070  0.0044  0.0117
SIM21  0.0076  0.0075  0.0075  0.0102  0.0049  0.0021 -0.0004  0.0022 -0.0005  0.0022 -0.0005  0.0045  0.0207  0.0049  0.0020  0.0047  0.0073  0.0021  0.0021  0.0127  1.0000  0.0021  0.0046  0.0125  0.0074  0.0047  0.0205  0.0048  0.0073  0.0074  0.0021  0.0022  0.0103  0.0049  0.0048  0.0021  0.0046  0.0075  0.0075  0.0068  0.0150  0.0073  0.0047  0.0048  0.0023  0.0047  0.0047  0.0153  0.0047  0.0098
SIM22  0.0020 -0.0005  0.0044  0.0020  0.0045  0.0138  0.0119  0.0044  0.0091  0.0093 -0.0005  0.0041  0.0020  0.0145  0.0111  0.0067  0.0043  0.0019  0.0092  0.0068  0.0021  1.0000  0.0042  0.0091  0.0068  0.0043  0.0116  0.0044  0.0115  0.0044  0.0090  0.0044  0.0070  0.0120  0.0116  0.0043  0.0042  0.0117  0.0093  0.0130  0.0114  0.0138  0.0138  0.0117  0.0123  0.0043  0.0092  0.0019  0.0090  0.0090
SIM23  0.0070  0.0118  0.0044  0.0044  0.0045  0.0091  0.0069  0.0192  0.0067  0.0092  0.0068  0.0041  0.0118  0.0070  0.0134  0.0067  0.0090  0.0139  0.0043  0.0068  0.0046  0.0042  1.0000  0.0067  0.0117  0.0043  0.0189  0.0020  0.0019  0.0116  0.0019  0.0044  0.0020  0.0119 -0.0005  0.0091  0.0042  0.0068  0.0044  0.0130  0.0043  0.0019  0.0114  0.0068  0.0200  0.0019  0.0091  0.0044  0.0019  0.0208
SIM24  0.0020  0.0095  0.0119  0.0145  0.0045  0.0116  0.0096  0.0170  0.0068  0.0193 -0.0005  0.0042  0.0070  0.0071  0.0042  0.0141  0.0116  0.0093  0.0142  0.0020  0.0125  0.0091  0.0067  1.0000  0.0094  0.0068  0.0093  0.0094  0.0044  0.0069  0.0067  0.0094  0.0021  0.0096  0.0118  0.0068  0.0019  0.0020  0.0069  0.0109  0.0043  0.0068  0.0164  0.0118  0.0021  0.0140  0.0093  0.0069  0.0092  0.0067
SIM25  0.0072  0.0046  0.0121  0.0046  0.0097 -0.0005  0.0122  0.0071  0.0044  0.0095  0.0095  0.0114  0.0046  0.0046  0.0043  0.0069  0.0044  0.0069  0.0020  0.0045  0.0074  0.0068  0.0117  0.0094  1.0000  0.0093  0.0095  0.0020  0.0045  0.0045  0.0093  0.0045  0.0047  0.0072 -0.0005  0.0069  0.0068  0.0121  0.0120  0.0111  0.0044 -0.0005  0.0068  0.0045  0.0179  0.0069  0.0119  0.0070  0.0020  0.0189
