*********************************************************************
* LD Score Regression (LDSC)
* Version 1.0.1
* (C) 2014-2019 Brendan Bulik-Sullivan and Hilary Finucane
* Broad Institute of MIT and Harvard / MIT Department of Mathematics
* GNU General Public License v3
*********************************************************************
Call: 
./ldsc.py \
--out /data/sbcs/GuoLab/backup/liq17/CRC_TF_TWAS_zhishan2024/NC_revision_OceanCode/v2_NC_revision//84Tracks//ldscores_sim5000//3 \
--bfile /data/sbcs/GuoLab/backup/liq17/ref/Alkesgroup/1000G_EUR_Phase3_plink_hg38/1000G.EUR.QC.3 \
--annot /data/sbcs/GuoLab/backup/liq17/CRC_TF_TWAS_zhishan2024/NC_revision_OceanCode/v2_NC_revision//84Tracks//annots_sim5000//3.annot.txt \
--l2  \
--ld-wind-kb 100.0 

Beginning analysis at Sun Oct 26 21:56:17 2025
Read list of 706163 SNPs from /data/sbcs/GuoLab/backup/liq17/ref/Alkesgroup/1000G_EUR_Phase3_plink_hg38/1000G.EUR.QC.3.bim
Read 50 annotations for 706163 SNPs from /data/sbcs/GuoLab/backup/liq17/CRC_TF_TWAS_zhishan2024/NC_revision_OceanCode/v2_NC_revision//84Tracks//annots_sim5000//3.annot.txt
Read list of 489 individuals from /data/sbcs/GuoLab/backup/liq17/ref/Alkesgroup/1000G_EUR_Phase3_plink_hg38/1000G.EUR.QC.3.fam
Reading genotypes from /data/sbcs/GuoLab/backup/liq17/ref/Alkesgroup/1000G_EUR_Phase3_plink_hg38/1000G.EUR.QC.3.bed
Estimating LD Score.
Writing LD Scores for 706163 SNPs to /data/sbcs/GuoLab/backup/liq17/CRC_TF_TWAS_zhishan2024/NC_revision_OceanCode/v2_NC_revision//84Tracks//ldscores_sim5000//3.l2.ldscore.gz

Summary of LD Scores in /data/sbcs/GuoLab/backup/liq17/CRC_TF_TWAS_zhishan2024/NC_revision_OceanCode/v2_NC_revision//84Tracks//ldscores_sim5000//3.l2.ldscore.gz
         MAF  SIM1L2  SIM2L2  SIM3L2  SIM4L2  SIM5L2  SIM6L2  SIM7L2  SIM8L2  SIM9L2  SIM10L2  SIM11L2  SIM12L2  SIM13L2  SIM14L2  SIM15L2  SIM16L2  SIM17L2  SIM18L2  SIM19L2  SIM20L2  SIM21L2  SIM22L2  SIM23L2  SIM24L2  SIM25L2  SIM26L2  SIM27L2  SIM28L2  SIM29L2  SIM30L2  SIM31L2  SIM32L2  SIM33L2  SIM34L2  SIM35L2  SIM36L2  SIM37L2  SIM38L2  SIM39L2  SIM40L2  SIM41L2  SIM42L2  SIM43L2  SIM44L2  SIM45L2  SIM46L2  SIM47L2  SIM48L2  SIM49L2  SIM50L2
mean  0.1493  0.0287  0.0313  0.0295  0.0332  0.0274  0.0318  0.0303  0.0303  0.0296   0.0322   0.0257   0.0271   0.0257   0.0275   0.0281   0.0305   0.0266   0.0287   0.0289   0.0293   0.0271   0.0292   0.0302   0.0255   0.0270   0.0255   0.0256   0.0270   0.0266   0.0310   0.0266   0.0275   0.0280   0.0301   0.0307   0.0280   0.0264   0.0312   0.0263   0.0255   0.0269   0.0293   0.0279   0.0288   0.0305   0.0288   0.0268   0.0280   0.0280   0.0274
std   0.1496  0.1336  0.1450  0.1384  0.1483  0.1335  0.1393  0.1442  0.1345  0.1498   0.1394   0.1262   0.1318   0.1244   0.1299   0.1334   0.1451   0.1316   0.1324   0.1404   0.1380   0.1357   0.1301   0.1475   0.1250   0.1314   0.1246   0.1292   0.1354   0.1334   0.1359   0.1313   0.1267   0.1328   0.1408   0.1390   0.1364   0.1301   0.1429   0.1268   0.1238   0.1302   0.1320   0.1273   0.1358   0.1459   0.1353   0.1294   0.1291   0.1310   0.1365
min   0.0051 -0.0076 -0.0091 -0.0073 -0.0079 -0.0091 -0.0067 -0.0070 -0.0078 -0.0074  -0.0095  -0.0067  -0.0067  -0.0070  -0.0069  -0.0074  -0.0082  -0.0061  -0.0078  -0.0073  -0.0088  -0.0098  -0.0078  -0.0078  -0.0061  -0.0074  -0.0076  -0.0073  -0.0086  -0.0066  -0.0076  -0.0059  -0.0060  -0.0078  -0.0078  -0.0074  -0.0072  -0.0078  -0.0100  -0.0073  -0.0073  -0.0083  -0.0077  -0.0076  -0.0075  -0.0073  -0.0085  -0.0061  -0.0087  -0.0065  -0.0079
25%   0.0184  0.0000  0.0000  0.0000  0.0000  0.0000  0.0000  0.0000  0.0000  0.0000   0.0000   0.0000   0.0000   0.0000   0.0000   0.0000   0.0000   0.0000   0.0000   0.0000   0.0000   0.0000   0.0000   0.0000   0.0000   0.0000   0.0000   0.0000   0.0000   0.0000   0.0000   0.0000   0.0000   0.0000   0.0000   0.0000   0.0000   0.0000   0.0000   0.0000   0.0000   0.0000   0.0000   0.0000   0.0000   0.0000   0.0000   0.0000   0.0000   0.0000   0.0000
50%   0.0900  0.0000  0.0000  0.0000  0.0000  0.0000  0.0000  0.0000  0.0000  0.0000   0.0000   0.0000   0.0000   0.0000   0.0000   0.0000   0.0000   0.0000   0.0000   0.0000   0.0000   0.0000   0.0000   0.0000   0.0000   0.0000   0.0000   0.0000   0.0000   0.0000   0.0000   0.0000   0.0000   0.0000   0.0000   0.0000   0.0000   0.0000   0.0000   0.0000   0.0000   0.0000   0.0000   0.0000   0.0000   0.0000   0.0000   0.0000   0.0000   0.0000   0.0000
75%   0.2566  0.0000  0.0000  0.0000  0.0000  0.0000  0.0000  0.0000  0.0000  0.0000   0.0000   0.0000   0.0000   0.0000   0.0000   0.0000   0.0000   0.0000   0.0000   0.0000   0.0000   0.0000   0.0000   0.0000   0.0000   0.0000   0.0000   0.0000   0.0000   0.0000   0.0000   0.0000   0.0000   0.0000   0.0000   0.0000   0.0000   0.0000   0.0000   0.0000   0.0000   0.0000   0.0000   0.0000   0.0000   0.0000   0.0000   0.0000   0.0000   0.0000   0.0000
max   0.5000  2.0000  2.0683  2.0139  2.5392  1.9211  2.0134  2.4987  2.0000  2.7296   1.5722   2.0048   2.0180   1.7869   1.9924   1.9627   2.0649   2.0000   2.0000   2.0621   3.0000   2.4233   2.0196   2.2411   2.0012   1.9393   1.9824   1.9961   2.7796   1.8823   1.6073   1.8776   1.9909   2.1612   1.9915   2.0000   3.0000   2.0000   2.0156   2.0000   2.0000   2.1445   1.8286   1.8199   1.8729   3.0454   2.2733   2.0000   1.9048   2.0000   2.0007

MAF/LD Score Correlation Matrix
            MAF  SIM1L2  SIM2L2  SIM3L2  SIM4L2  SIM5L2  SIM6L2  SIM7L2  SIM8L2  SIM9L2  SIM10L2  SIM11L2  SIM12L2  SIM13L2  SIM14L2  SIM15L2  SIM16L2  SIM17L2  SIM18L2  SIM19L2  SIM20L2  SIM21L2  SIM22L2  SIM23L2  SIM24L2  SIM25L2  SIM26L2  SIM27L2  SIM28L2  SIM29L2  SIM30L2  SIM31L2  SIM32L2  SIM33L2  SIM34L2  SIM35L2  SIM36L2  SIM37L2  SIM38L2  SIM39L2  SIM40L2  SIM41L2  SIM42L2  SIM43L2  SIM44L2  SIM45L2  SIM46L2  SIM47L2  SIM48L2  SIM49L2  SIM50L2
MAF      1.0000  0.0872  0.0994  0.0955  0.1172  0.0592  0.1141  0.1093  0.1130  0.0700   0.1136   0.0738   0.1020   0.0785   0.0814   0.1068   0.0749   0.0646   0.0905   0.0869   0.0711   0.0606   0.1143   0.0849   0.0749   0.0873   0.0714   0.0860   0.0879   0.1237   0.0976   0.0770   0.0707   0.0792   0.0971   0.0892   0.0903   0.0867   0.0879   0.0731   0.1004   0.1048   0.0829   0.1098   0.1111   0.0817   0.1018   0.0815   0.0925   0.0772   0.0797
SIM1L2   0.0872  1.0000  0.0799  0.0617  0.1108  0.0725  0.0547  0.0921  0.0565  0.0427   0.0922   0.0682   0.0538   0.1003   0.0161   0.0530   0.0517   0.0357   0.0580   0.0595   0.0673   0.0658   0.0779   0.0358   0.0510   0.0750   0.0748   0.1218   0.0429   0.0287   0.0308   0.0584   0.0460   0.0645   0.0869   0.0545   0.0555   0.0342   0.0709   0.0505   0.0361   0.0788   0.0565   0.0472   0.0427   0.0500   0.0806   0.0790   0.0315   0.0696   0.0519
SIM2L2   0.0994  0.0799  1.0000  0.0270  0.0936  0.0453  0.0212  0.1209  0.0985  0.1129   0.1292   0.0399   0.0462   0.0875   0.0348   0.0420   0.0955   0.0483   0.0178   0.1230   0.0455   0.0573   0.0385   0.0561   0.0538   0.0668   0.1120   0.0913   0.0851   0.0708   0.0356   0.0621   0.0546   0.0839   0.0799   0.1178   0.0864   0.0457   0.0854   0.0560   0.0745   0.0562   0.0576   0.0634   0.0425   0.0676   0.0281   0.0905   0.1209   0.1060   0.1014
SIM3L2   0.0955  0.0617  0.0270  1.0000  0.0842  0.0669  0.0921  0.1173  0.0507  0.0565   0.0803   0.0594   0.0330   0.0637   0.0330   0.0706   0.0600   0.0798   0.0689   0.1259   0.0474   0.0847   0.0850   0.0479   0.0600   0.0248   0.1008   0.0936   0.0623   0.0121   0.0496   0.0475   0.0519   0.0415   0.0953   0.1049   0.0851   0.1076   0.0684   0.0947   0.0349   0.0724   0.0377   0.0426   0.0612   0.0474   0.0489   0.0486   0.0739   0.0577   0.0633
SIM4L2   0.1172  0.1108  0.0936  0.0842  1.0000  0.0652  0.0873  0.0985  0.0776  0.0978   0.0870   0.0538   0.1283   0.0785   0.0500   0.0924   0.0880   0.0485   0.1145   0.0578   0.0373   0.0979   0.0950   0.1079   0.0638   0.0649   0.0635   0.0950   0.0831   0.0302   0.0711   0.0567   0.0780   0.0265   0.0813   0.0967   0.0860   0.0778   0.1074   0.0965   0.0429   0.0511   0.0296   0.0866   0.0546   0.0665   0.1071   0.0931   0.0433   0.0766   0.0717
SIM5L2   0.0592  0.0725  0.0453  0.0669  0.0652  1.0000  0.0787  0.0401  0.0529  0.0382   0.1251   0.0049   0.0486   0.0416   0.0230   0.0390   0.0339   0.0434   0.0216   0.0625   0.0703   0.0941   0.0656   0.1228   0.0382   0.0891   0.0791   0.0453   0.0442   0.0174   0.1235   0.0407   0.1369   0.0566   0.0359   0.0495   0.0450   0.0708   0.0720   0.0525   0.0459   0.0309   0.0763   0.0729   0.0242   0.1017   0.0663   0.0676   0.0096   0.0730   0.0599
SIM6L2   0.1141  0.0547  0.0212  0.0921  0.0873  0.0787  1.0000  0.0908  0.0756  0.0820   0.0699   0.0268   0.1021   0.0446   0.0340   0.0498   0.0777   0.0590   0.0623   0.1110   0.0860   0.0765   0.0491   0.1056   0.1125   0.0294   0.0654   0.0304   0.0439   0.0132   0.0632   0.0734   0.0697   0.0575   0.0995   0.0670   0.0487   0.0456   0.0441   0.0972   0.0393   0.0432   0.0404   0.0883   0.0988   0.0250   0.0541   0.1145   0.1023   0.0853   0.0290
SIM7L2   0.1093  0.0921  0.1209  0.1173  0.0985  0.0401  0.0908  1.0000  0.1025  0.0408   0.1352   0.0515   0.0869   0.0687   0.0508   0.0982   0.0803   0.0284   0.0956   0.1521   0.0389   0.0853   0.0601   0.0761   0.0605   0.0732   0.0954   0.0756   0.1644   0.0246   0.0638   0.0568   0.0194   0.0662   0.0864   0.0827   0.0842   0.0996   0.0949   0.0624   0.0519   0.0567   0.0836   0.0522   0.1902   0.0927   0.1005   0.0258   0.1021   0.0493   0.0829
SIM8L2   0.1130  0.0565  0.0985  0.0507  0.0776  0.0529  0.0756  0.1025  1.0000  0.1016   0.0671   0.0370   0.0827   0.0876   0.0517   0.0689   0.0610   0.0456   0.0484   0.1272   0.0586   0.1077   0.0801   0.0577   0.1086   0.0557   0.0740   0.0776   0.0937   0.0233   0.0635   0.0661   0.0543   0.0622   0.0518   0.0544   0.0836   0.0502   0.0726   0.1472   0.0396   0.0546   0.0425   0.0628   0.0944   0.0480   0.0848   0.0668   0.0785   0.0480   0.0332
SIM9L2   0.0700  0.0427  0.1129  0.0565  0.0978  0.0382  0.0820  0.0408  0.1016  1.0000   0.0834   0.0299   0.0252   0.0319   0.0788   0.0760   0.0132   0.0660   0.0625   0.0259   0.1207   0.1839   0.0547   0.1417   0.0650   0.1383   0.1301   0.0274   0.0625   0.0331   0.0506   0.1538   0.0904   0.1103   0.0787   0.0983   0.1271   0.0598   0.1396   0.1134   0.0730   0.1057   0.0447   0.0688   0.0413   0.0504   0.0694   0.0799   0.0668   0.0498   0.0380
SIM10L2  0.1136  0.0922  0.1292  0.0803  0.0870  0.1251  0.0699  0.1352  0.0671  0.0834   1.0000   0.0407   0.0879   0.0503   0.0547   0.0588   0.0340   0.0813   0.0736   0.0411   0.1012   0.0850   0.0823   0.1003   0.0563   0.0810   0.0658   0.0797   0.0443   0.0642   0.0969   0.0992   0.0565   0.0669   0.1137   0.0748   0.0471   0.0841   0.1002   0.0222   0.0627   0.0804   0.1321   0.0895   0.1309   0.0502   0.0715   0.0268   0.0714   0.0894   0.0689
SIM11L2  0.0738  0.0682  0.0399  0.0594  0.0538  0.0049  0.0268  0.0515  0.0370  0.0299   0.0407   1.0000   0.0377   0.1096   0.0451   0.0511   0.0904   0.0541   0.0255   0.0483   0.0432   0.0678   0.0333   0.0333   0.0306   0.0485   0.0369   0.0639   0.0851   0.0216   0.0188   0.0530   0.0412   0.0231   0.0695   0.0290  -0.0013   0.0326   0.0473   0.0479   0.0510   0.0398   0.0692   0.0236   0.0043   0.0693   0.0368   0.0203   0.0500   0.0160   0.0306
SIM12L2  0.1020  0.0538  0.0462  0.0330  0.1283  0.0486  0.1021  0.0869  0.0827  0.0252   0.0879   0.0377   1.0000   0.0992   0.0702   0.0595   0.0080   0.0616   0.0965   0.0957   0.0676   0.0881   0.0586   0.0478   0.0799   0.0802   0.0211   0.0239   0.0737   0.0207   0.0914   0.0725   0.0622   0.0783   0.0959   0.1087   0.0457   0.0640   0.0717   0.1058   0.0839   0.0138   0.0951   0.0375   0.1049   0.0891   0.0713   0.0416   0.0447   0.0447   0.0461
SIM13L2  0.0785  0.1003  0.0875  0.0637  0.0785  0.0416  0.0446  0.0687  0.0876  0.0319   0.0503   0.1096   0.0992   1.0000   0.0814   0.0808   0.1015   0.0541   0.0305   0.0497   0.0028   0.0990   0.0799   0.0516   0.0454   0.0906   0.0619   0.0731   0.0752   0.0469   0.0376   0.0574   0.0546   0.0256   0.0984   0.1017   0.0440   0.0599   0.0360   0.1093   0.0874   0.0542   0.1049   0.0266   0.0656   0.0880   0.0710   0.0454   0.0563   0.0974   0.0786
SIM14L2  0.0814  0.0161  0.0348  0.0330  0.0500  0.0230  0.0340  0.0508  0.0517  0.0788   0.0547   0.0451   0.0702   0.0814   1.0000   0.1342   0.0539   0.0371   0.0545   0.0441   0.1341   0.0497   0.0800   0.0755   0.0288   0.0202   0.0289   0.0424   0.0700   0.1438   0.0855   0.0622   0.0182   0.0293   0.0791   0.0475   0.0643   0.0325   0.0599   0.0346   0.0319   0.0437   0.0349  -0.0011   0.0887   0.0393   0.0489  -0.0018   0.0440   0.0531   0.0087
SIM15L2  0.1068  0.0530  0.0420  0.0706  0.0924  0.0390  0.0498  0.0982  0.0689  0.0760   0.0588   0.0511   0.0595   0.0808   0.1342   1.0000   0.0485   0.0457   0.0749   0.0678   0.1040   0.0804   0.1021   0.1161   0.0428   0.0551   0.0271   0.0818   0.0935   0.1555   0.0601   0.0662   0.0127   0.0521   0.0823   0.0924   0.1129   0.0547   0.0522   0.0495   0.0622   0.0394   0.0407   0.0535   0.0910   0.0498   0.0812   0.0412   0.0678   0.0534   0.1000
SIM16L2  0.0749  0.0517  0.0955  0.0600  0.0880  0.0339  0.0777  0.0803  0.0610  0.0132   0.0340   0.0904   0.0080   0.1015   0.0539   0.0485   1.0000   0.0986   0.0632   0.0991   0.0372   0.0496   0.0867   0.0427   0.0482   0.0681   0.0481   0.0378   0.1071   0.0227   0.0487   0.0114   0.0222   0.0557   0.1105   0.1184   0.1103   0.0532   0.0439   0.0610   0.0314   0.0771   0.0443   0.0561   0.0393   0.0258   0.0501   0.1015   0.1340   0.0740   0.1500
SIM17L2  0.0646  0.0357  0.0483  0.0798  0.0485  0.0434  0.0590  0.0284  0.0456  0.0660   0.0813   0.0541   0.0616   0.0541   0.0371   0.0457   0.0986   1.0000   0.0435   0.0407   0.0443   0.0339   0.0546   0.0514   0.1051   0.0277   0.1091   0.1030   0.0346   0.0405   0.0794   0.0138   0.0355   0.0483   0.1227   0.0640   0.0390   0.0553   0.0502   0.0717   0.0485   0.0349   0.0739   0.0686   0.0303   0.0540   0.0840   0.0584   0.0396   0.1098   0.0910
SIM18L2  0.0905  0.0580  0.0178  0.0689  0.1145  0.0216  0.0623  0.0956  0.0484  0.0625   0.0736   0.0255   0.0965   0.0305   0.0545   0.0749   0.0632   0.0435   1.0000   0.0643   0.0334   0.0563   0.0287   0.0952   0.0781   0.0689   0.0610   0.0558   0.0410   0.0533   0.0538   0.0653   0.0702   0.0371   0.0843   0.0238   0.0997   0.0138   0.0404   0.0727   0.0653   0.0305   0.0767   0.0205   0.1120   0.0659   0.0408   0.0337   0.0724   0.0506   0.0812
SIM19L2  0.0869  0.0595  0.1230  0.1259  0.0578  0.0625  0.1110  0.1521  0.1272  0.0259   0.0411   0.0483   0.0957   0.0497   0.0441   0.0678   0.0991   0.0407   0.0643   1.0000   0.0292   0.0729   0.0392   0.0716   0.0609   0.0715   0.0926   0.0648   0.1784   0.0097   0.0508   0.0683   0.0876   0.0626   0.0711   0.0517   0.1264   0.0703   0.0613   0.0740   0.0714   0.0241   0.0641   0.0172   0.0714   0.0840   0.0750   0.1041   0.1444   0.1129   0.0901
SIM20L2  0.0711  0.0673  0.0455  0.0474  0.0373  0.0703  0.0860  0.0389  0.0586  0.1207   0.1012   0.0432   0.0676   0.0028   0.1341   0.1040   0.0372   0.0443   0.0334   0.0292   1.0000   0.0671   0.0931   0.0953   0.0246   0.0285   0.0423   0.0302   0.0339   0.1372   0.0495   0.0256   0.0764   0.0036   0.0364   0.0545   0.0526   0.0167   0.0837   0.0301   0.0537   0.0185   0.0464   0.0922   0.0487   0.0639   0.0487   0.0910   0.0323   0.0853   0.0361
SIM21L2  0.0606  0.0658  0.0573  0.0847  0.0979  0.0941  0.0765  0.0853  0.1077  0.1839   0.0850   0.0678   0.0881   0.0990   0.0497   0.0804   0.0496   0.0339   0.0563   0.0729   0.0671   1.0000   0.0548   0.1258   0.0204   0.1079   0.0830   0.0840   0.0616   0.0337   0.0736   0.1067   0.0203   0.0822   0.1014   0.1002   0.0516   0.1137   0.0810   0.1026   0.0128   0.0850   0.0945   0.0275   0.0390   0.0923   0.0892   0.0504   0.0584   0.0808   0.0267
SIM22L2  0.1143  0.0779  0.0385  0.0850  0.0950  0.0656  0.0491  0.0601  0.0801  0.0547   0.0823   0.0333   0.0586   0.0799   0.0800   0.1021   0.0867   0.0546   0.0287   0.0392   0.0931   0.0548   1.0000   0.0301   0.0558   0.0446   0.1059   0.0349   0.0088   0.1369   0.0824   0.0358   0.0494   0.0479   0.0485   0.0455   0.1163   0.0772   0.0575   0.0985   0.0717   0.0327   0.0666   0.0778   0.0431   0.0807   0.0365   0.0424   0.0497   0.0693   0.0444
SIM23L2  0.0849  0.0358  0.0561  0.0479  0.1079  0.1228  0.1056  0.0761  0.0577  0.1417   0.1003   0.0333   0.0478   0.0516   0.0755   0.1161   0.0427   0.0514   0.0952   0.0716   0.0953   0.1258   0.0301   1.0000   0.0519   0.0439   0.0523   0.0472   0.0636   0.0637   0.0721   0.0689   0.0565   0.0585   0.0663   0.0597   0.0327   0.0269   0.0410   0.0288   0.0428   0.0531   0.0669   0.0728   0.0803   0.0758   0.1385   0.0712   0.0605   0.0487   0.0840
SIM24L2  0.0749  0.0510  0.0538  0.0600  0.0638  0.0382  0.1125  0.0605  0.1086  0.0650   0.0563   0.0306   0.0799   0.0454   0.0288   0.0428   0.0482   0.1051   0.0781   0.0609   0.0246   0.0204   0.0558   0.0519   1.0000   0.0308   0.0390   0.0792   0.0255   0.0380   0.0621   0.0792   0.1022   0.0781   0.1049   0.0360   0.0907   0.0262   0.0449   0.1081   0.0668   0.0793   0.0610   0.0899   0.0573   0.0357   0.0562   0.0376   0.0242   0.0855   0.0603
SIM25L2  0.0873  0.0750  0.0668  0.0248  0.0649  0.0891  0.0294  0.0732  0.0557  0.1383   0.0810   0.0485   0.0802   0.0906   0.0202   0.0551   0.0681   0.0277   0.0689   0.0715   0.0285   0.1079   0.0446   0.0439   0.0308   1.0000   0.1021   0.0454   0.1175   0.0487   0.0601   0.1649   0.0166   0.0941   0.0598   0.1255   0.1357   0.0897   0.0963   0.0509   0.0473   0.0817   0.0612   0.0173   0.0720   0.0925   0.0648   0.0564   0.0455   0.0390   0.0483
SIM26L2  0.0714  0.0748  0.1120  0.1008  0.0635  0.0791  0.0654  0.0954  0.0740  0.1301   0.0658   0.0369   0.0211   0.0619   0.0289   0.0271   0.0481   0.1091   0.0610   0.0926   0.0423   0.0830   0.1059   0.0523   0.0390   0.1021   1.0000   0.0913   0.0536   0.0307   0.0578   0.1009   0.0672   0.0842   0.0515   0.0541   0.0979   0.0622   0.0793   0.0806   0.0844   0.1088   0.0596   0.0683   0.0232   0.0259   0.0620   0.0533   0.0839   0.0771   0.0344
SIM27L2  0.0860  0.1218  0.0913  0.0936  0.0950  0.0453  0.0304  0.0756  0.0776  0.0274   0.0797   0.0639   0.0239   0.0731   0.0424   0.0818   0.0378   0.1030   0.0558   0.0648   0.0302   0.0840   0.0349   0.0472   0.0792   0.0454   0.0913   1.0000   0.0182   0.0745   0.0379   0.0499   0.0414   0.0422   0.1509   0.0766   0.0483   0.0583   0.0275   0.0644   0.0411   0.0169   0.0899   0.0760   0.0407   0.0597   0.0801   0.0313   0.0463   0.0003   0.0725
SIM28L2  0.0879  0.0429  0.0851  0.0623  0.0831  0.0442  0.0439  0.1644  0.0937  0.0625   0.0443   0.0851   0.0737   0.0752   0.0700   0.0935   0.1071   0.0346   0.0410   0.1784   0.0339   0.0616   0.0088   0.0636   0.0255   0.1175   0.0536   0.0182   1.0000   0.0538   0.0511   0.0254   0.0459   0.0507   0.0619   0.1248   0.0956   0.0488   0.0847   0.0603   0.0745   0.0284   0.0650   0.0429   0.1088   0.0734   0.0993   0.0351   0.1067   0.0210   0.0475
SIM29L2  0.1237  0.0287  0.0708  0.0121  0.0302  0.0174  0.0132  0.0246  0.0233  0.0331   0.0642   0.0216   0.0207   0.0469   0.1438   0.1555   0.0227   0.0405   0.0533   0.0097   0.1372   0.0337   0.1369   0.0637   0.0380   0.0487   0.0307   0.0745   0.0538   1.0000   0.0456   0.0517   0.0390   0.0228   0.0445   0.0510   0.1329   0.0160   0.0121   0.0060   0.0220   0.0165   0.0878   0.0377   0.0516   0.0181   0.0354   0.0403   0.0303   0.0090   0.0326
SIM30L2  0.0976  0.0308  0.0356  0.0496  0.0711  0.1235  0.0632  0.0638  0.0635  0.0506   0.0969   0.0188   0.0914   0.0376   0.0855   0.0601   0.0487   0.0794   0.0538   0.0508   0.0495   0.0736   0.0824   0.0721   0.0621   0.0601   0.0578   0.0379   0.0511   0.0456   1.0000   0.0407   0.0415   0.0538   0.0524   0.0962   0.0301   0.1372   0.0900   0.0831   0.0912   0.0475   0.0589   0.0225   0.0488   0.0533   0.0349   0.0584   0.0349   0.0591   0.0444
SIM31L2  0.0770  0.0584  0.0621  0.0475  0.0567  0.0407  0.0734  0.0568  0.0661  0.1538   0.0992   0.0530   0.0725   0.0574   0.0622   0.0662   0.0114   0.0138   0.0653   0.0683   0.0256   0.1067   0.0358   0.0689   0.0792   0.1649   0.1009   0.0499   0.0254   0.0517   0.0407   1.0000   0.0380   0.1122   0.0504   0.1040   0.0955   0.0134   0.1133   0.0385   0.0188   0.0632   0.0729   0.0474   0.0343   0.0696   0.0091   0.0100   0.0474   0.0470   0.0303
SIM32L2  0.0707  0.0460  0.0546  0.0519  0.0780  0.1369  0.0697  0.0194  0.0543  0.0904   0.0565   0.0412   0.0622   0.0546   0.0182   0.0127   0.0222   0.0355   0.0702   0.0876   0.0764   0.0203   0.0494   0.0565   0.1022   0.0166   0.0672   0.0414   0.0459   0.0390   0.0415   0.0380   1.0000   0.0924   0.0279   0.0498   0.0570   0.0283   0.0726   0.0465   0.1022   0.0734   0.0679   0.0510   0.0397   0.0611   0.0393   0.0814   0.0410   0.0754   0.0616
SIM33L2  0.0792  0.0645  0.0839  0.0415  0.0265  0.0566  0.0575  0.0662  0.0622  0.1103   0.0669   0.0231   0.0783   0.0256   0.0293   0.0521   0.0557   0.0483   0.0371   0.0626   0.0036   0.0822   0.0479   0.0585   0.0781   0.0941   0.0842   0.0422   0.0507   0.0228   0.0538   0.1122   0.0924   1.0000   0.0410   0.0840   0.0802   0.0593   0.0757   0.0662   0.0674   0.1641   0.0508   0.0321   0.0980   0.0130   0.0599   0.0846   0.0627   0.0256   0.0414
SIM34L2  0.0971  0.0869  0.0799  0.0953  0.0813  0.0359  0.0995  0.0864  0.0518  0.0787   0.1137   0.0695   0.0959   0.0984   0.0791   0.0823   0.1105   0.1227   0.0843   0.0711   0.0364   0.1014   0.0485   0.0663   0.1049   0.0598   0.0515   0.1509   0.0619   0.0445   0.0524   0.0504   0.0279   0.0410   1.0000   0.0930   0.0834   0.1003   0.0733   0.0726   0.0994   0.0328   0.0692   0.0877   0.0457   0.1511   0.0549   0.0479   0.0853   0.0561   0.1047
SIM35L2  0.0892  0.0545  0.1178  0.1049  0.0967  0.0495  0.0670  0.0827  0.0544  0.0983   0.0748   0.0290   0.1087   0.1017   0.0475   0.0924   0.1184   0.0640   0.0238   0.0517   0.0545   0.1002   0.0455   0.0597   0.0360   0.1255   0.0541   0.0766   0.1248   0.0510   0.0962   0.1040   0.0498   0.0840   0.0930   1.0000   0.0556   0.0839   0.0977   0.0396   0.0491   0.0411   0.0597   0.0413   0.0701   0.0664   0.0587   0.0663   0.1012   0.0691   0.1220
SIM36L2  0.0903  0.0555  0.0864  0.0851  0.0860  0.0450  0.0487  0.0842  0.0836  0.1271   0.0471  -0.0013   0.0457   0.0440   0.0643   0.1129   0.1103   0.0390   0.0997   0.1264   0.0526   0.0516   0.1163   0.0327   0.0907   0.1357   0.0979   0.0483   0.0956   0.1329   0.0301   0.0955   0.0570   0.0802   0.0834   0.0556   1.0000   0.0505   0.0991   0.1186   0.0573   0.1050   0.0394   0.0292   0.0829   0.0459   0.0887   0.0818   0.0840   0.0609   0.0603
SIM37L2  0.0867  0.0342  0.0457  0.1076  0.0778  0.0708  0.0456  0.0996  0.0502  0.0598   0.0841   0.0326   0.0640   0.0599   0.0325   0.0547   0.0532   0.0553   0.0138   0.0703   0.0167   0.1137   0.0772   0.0269   0.0262   0.0897   0.0622   0.0583   0.0488   0.0160   0.1372   0.0134   0.0283   0.0593   0.1003   0.0839   0.0505   1.0000   0.0575   0.0266   0.0484   0.0603   0.0510   0.0334   0.0737   0.0992   0.0203   0.0217   0.0572   0.0437   0.0901
SIM38L2  0.0879  0.0709  0.0854  0.0684  0.1074  0.0720  0.0441  0.0949  0.0726  0.1396   0.1002   0.0473   0.0717   0.0360   0.0599   0.0522   0.0439   0.0502   0.0404   0.0613   0.0837   0.0810   0.0575   0.0410   0.0449   0.0963   0.0793   0.0275   0.0847   0.0121   0.0900   0.1133   0.0726   0.0757   0.0733   0.0977   0.0991   0.0575   1.0000   0.0848   0.0516   0.0607   0.0919   0.0775   0.0426   0.0821   0.1321   0.0796   0.0452   0.0501   0.0752
SIM39L2  0.0731  0.0505  0.0560  0.0947  0.0965  0.0525  0.0972  0.0624  0.1472  0.1134   0.0222   0.0479   0.1058   0.1093   0.0346   0.0495   0.0610   0.0717   0.0727   0.0740   0.0301   0.1026   0.0985   0.0288   0.1081   0.0509   0.0806   0.0644   0.0603   0.0060   0.0831   0.0385   0.0465   0.0662   0.0726   0.0396   0.1186   0.0266   0.0848   1.0000   0.0551   0.0519   0.0565   0.0590   0.0564   0.0249   0.0460   0.0542   0.0492   0.0841   0.0307
SIM40L2  0.1004  0.0361  0.0745  0.0349  0.0429  0.0459  0.0393  0.0519  0.0396  0.0730   0.0627   0.0510   0.0839   0.0874   0.0319   0.0622   0.0314   0.0485   0.0653   0.0714   0.0537   0.0128   0.0717   0.0428   0.0668   0.0473   0.0844   0.0411   0.0745   0.0220   0.0912   0.0188   0.1022   0.0674   0.0994   0.0491   0.0573   0.0484   0.0516   0.0551   1.0000   0.0660   0.0591   0.0953   0.0048   0.0878   0.0310   0.0428   0.0747   0.0508   0.0449
SIM41L2  0.1048  0.0788  0.0562  0.0724  0.0511  0.0309  0.0432  0.0567  0.0546  0.1057   0.0804   0.0398   0.0138   0.0542   0.0437   0.0394   0.0771   0.0349   0.0305   0.0241   0.0185   0.0850   0.0327   0.0531   0.0793   0.0817   0.1088   0.0169   0.0284   0.0165   0.0475   0.0632   0.0734   0.1641   0.0328   0.0411   0.1050   0.0603   0.0607   0.0519   0.0660   1.0000   0.0207   0.0472   0.1105   0.0081   0.0843   0.0473   0.0971   0.0485   0.0266
SIM42L2  0.0829  0.0565  0.0576  0.0377  0.0296  0.0763  0.0404  0.0836  0.0425  0.0447   0.1321   0.0692   0.0951   0.1049   0.0349   0.0407   0.0443   0.0739   0.0767   0.0641   0.0464   0.0945   0.0666   0.0669   0.0610   0.0612   0.0596   0.0899   0.0650   0.0878   0.0589   0.0729   0.0679   0.0508   0.0692   0.0597   0.0394   0.0510   0.0919   0.0565   0.0591   0.0207   1.0000   0.0777   0.0991   0.0820   0.0736   0.0642   0.0306   0.0839   0.0806
SIM43L2  0.1098  0.0472  0.0634  0.0426  0.0866  0.0729  0.0883  0.0522  0.0628  0.0688   0.0895   0.0236   0.0375   0.0266  -0.0011   0.0535   0.0561   0.0686   0.0205   0.0172   0.0922   0.0275   0.0778   0.0728   0.0899   0.0173   0.0683   0.0760   0.0429   0.0377   0.0225   0.0474   0.0510   0.0321   0.0877   0.0413   0.0292   0.0334   0.0775   0.0590   0.0953   0.0472   0.0777   1.0000   0.0589   0.0677   0.0480   0.0690   0.0655   0.0501   0.0523
SIM44L2  0.1111  0.0427  0.0425  0.0612  0.0546  0.0242  0.0988  0.1902  0.0944  0.0413   0.1309   0.0043   0.1049   0.0656   0.0887   0.0910   0.0393   0.0303   0.1120   0.0714   0.0487   0.0390   0.0431   0.0803   0.0573   0.0720   0.0232   0.0407   0.1088   0.0516   0.0488   0.0343   0.0397   0.0980   0.0457   0.0701   0.0829   0.0737   0.0426   0.0564   0.0048   0.1105   0.0991   0.0589   1.0000   0.0280   0.0844   0.0284   0.0668   0.0439   0.0849
SIM45L2  0.0817  0.0500  0.0676  0.0474  0.0665  0.1017  0.0250  0.0927  0.0480  0.0504   0.0502   0.0693   0.0891   0.0880   0.0393   0.0498   0.0258   0.0540   0.0659   0.0840   0.0639   0.0923   0.0807   0.0758   0.0357   0.0925   0.0259   0.0597   0.0734   0.0181   0.0533   0.0696   0.0611   0.0130   0.1511   0.0664   0.0459   0.0992   0.0821   0.0249   0.0878   0.0081   0.0820   0.0677   0.0280   1.0000   0.0363   0.0577   0.0600   0.0354   0.0543
SIM46L2  0.1018  0.0806  0.0281  0.0489  0.1071  0.0663  0.0541  0.1005  0.0848  0.0694   0.0715   0.0368   0.0713   0.0710   0.0489   0.0812   0.0501   0.0840   0.0408   0.0750   0.0487   0.0892   0.0365   0.1385   0.0562   0.0648   0.0620   0.0801   0.0993   0.0354   0.0349   0.0091   0.0393   0.0599   0.0549   0.0587   0.0887   0.0203   0.1321   0.0460   0.0310   0.0843   0.0736   0.0480   0.0844   0.0363   1.0000   0.0702   0.0552   0.0601   0.1002
SIM47L2  0.0815  0.0790  0.0905  0.0486  0.0931  0.0676  0.1145  0.0258  0.0668  0.0799   0.0268   0.0203   0.0416   0.0454  -0.0018   0.0412   0.1015   0.0584   0.0337   0.1041   0.0910   0.0504   0.0424   0.0712   0.0376   0.0564   0.0533   0.0313   0.0351   0.0403   0.0584   0.0100   0.0814   0.0846   0.0479   0.0663   0.0818   0.0217   0.0796   0.0542   0.0428   0.0473   0.0642   0.0690   0.0284   0.0577   0.0702   1.0000   0.0508   0.0610   0.0921
SIM48L2  0.0925  0.0315  0.1209  0.0739  0.0433  0.0096  0.1023  0.1021  0.0785  0.0668   0.0714   0.0500   0.0447   0.0563   0.0440   0.0678   0.1340   0.0396   0.0724   0.1444   0.0323   0.0584   0.0497   0.0605   0.0242   0.0455   0.0839   0.0463   0.1067   0.0303   0.0349   0.0474   0.0410   0.0627   0.0853   0.1012   0.0840   0.0572   0.0452   0.0492   0.0747   0.0971   0.0306   0.0655   0.0668   0.0600   0.0552   0.0508   1.0000   0.1129   0.0659
SIM49L2  0.0772  0.0696  0.1060  0.0577  0.0766  0.0730  0.0853  0.0493  0.0480  0.0498   0.0894   0.0160   0.0447   0.0974   0.0531   0.0534   0.0740   0.1098   0.0506   0.1129   0.0853   0.0808   0.0693   0.0487   0.0855   0.0390   0.0771   0.0003   0.0210   0.0090   0.0591   0.0470   0.0754   0.0256   0.0561   0.0691   0.0609   0.0437   0.0501   0.0841   0.0508   0.0485   0.0839   0.0501   0.0439   0.0354   0.0601   0.0610   0.1129   1.0000   0.0748
SIM50L2  0.0797  0.0519  0.1014  0.0633  0.0717  0.0599  0.0290  0.0829  0.0332  0.0380   0.0689   0.0306   0.0461   0.0786   0.0087   0.1000   0.1500   0.0910   0.0812   0.0901   0.0361   0.0267   0.0444   0.0840   0.0603   0.0483   0.0344   0.0725   0.0475   0.0326   0.0444   0.0303   0.0616   0.0414   0.1047   0.1220   0.0603   0.0901   0.0752   0.0307   0.0449   0.0266   0.0806   0.0523   0.0849   0.0543   0.1002   0.0921   0.0659   0.0748   1.0000

LD Score Matrix Condition Number
3.158

Annotation Correlation Matrix
         SIM1    SIM2    SIM3    SIM4    SIM5    SIM6    SIM7    SIM8    SIM9   SIM10   SIM11   SIM12   SIM13   SIM14   SIM15   SIM16   SIM17   SIM18   SIM19   SIM20   SIM21   SIM22   SIM23   SIM24   SIM25   SIM26   SIM27   SIM28   SIM29   SIM30   SIM31   SIM32   SIM33   SIM34   SIM35   SIM36   SIM37   SIM38   SIM39   SIM40   SIM41   SIM42   SIM43   SIM44   SIM45   SIM46   SIM47   SIM48   SIM49   SIM50
SIM1   1.0000  0.0058  0.0128  0.0057  0.0094  0.0090  0.0061  0.0026  0.0094  0.0058  0.0028  0.0029  0.0129  0.0095 -0.0004  0.0090  0.0029  0.0059 -0.0004  0.0027  0.0095  0.0059  0.0060  0.0062  0.0094  0.0028  0.0066  0.0029  0.0065  0.0089  0.0061  0.0092  0.0185  0.0061  0.0059  0.0029  0.0095  0.0060  0.0060  0.0091 -0.0004 -0.0005  0.0061  0.0091  0.0123  0.0121  0.0029  0.0058  0.0028  0.0030
SIM2   0.0058  1.0000  0.0028  0.0056  0.0092  0.0058  0.0060  0.0025  0.0028  0.0089  0.0123  0.0028  0.0160  0.0094  0.0096  0.0027 -0.0004  0.0027  0.0029  0.0057  0.0126  0.0058  0.0059  0.0028  0.0190  0.0092  0.0134  0.0061  0.0030  0.0057  0.0028  0.0027  0.0089  0.0028  0.0185 -0.0004  0.0061  0.0188  0.0028  0.0121  0.0029  0.0026  0.0060  0.0027  0.0027  0.0088  0.0062 -0.0005  0.0093  0.0063
SIM3   0.0128  0.0028  1.0000  0.0060  0.0098  0.0061  0.0064  0.0217  0.0098  0.0028  0.0131  0.0030  0.0100  0.0030  0.0031 -0.0004  0.0030 -0.0004  0.0135  0.0028  0.0065  0.0062  0.0096  0.0064 -0.0004  0.0064  0.0033  0.0099  0.0032  0.0028  0.0030 -0.0004  0.0094  0.0098  0.0129  0.0030  0.0030  0.0063  0.0063 -0.0004 -0.0004 -0.0004  0.0063 -0.0004  0.0062  0.0224  0.0031  0.0093  0.0064  0.0102
SIM4   0.0057  0.0056  0.0060  1.0000  0.0122  0.0149  0.0154  0.0113  0.0059  0.0087  0.0058  0.0092  0.0125  0.0092  0.0094  0.0057  0.0123  0.0026  0.0060  0.0026  0.0124  0.0119  0.0120  0.0027  0.0123 -0.0004  0.0064  0.0092  0.0029  0.0086  0.0059  0.0026  0.0118  0.0154  0.0057  0.0059  0.0060  0.0121  0.0152  0.0119  0.0126  0.0055  0.0122  0.0088  0.0119  0.0056  0.0061  0.0026  0.0218  0.0029
SIM5   0.0094  0.0092  0.0098  0.0122  1.0000  0.0093  0.0063 -0.0005  0.0063  0.0060 -0.0004  0.0030  0.0064 -0.0004  0.0065  0.0060  0.0097  0.0060  0.0064  0.0028  0.0030  0.0094  0.0062  0.0097  0.0063  0.0196  0.0032  0.0131 -0.0004  0.0092  0.0029  0.0028  0.0093  0.0096  0.0061  0.0198  0.0030 -0.0004  0.0095  0.0093  0.0030 -0.0004  0.0096  0.0094  0.0028  0.0092  0.0030 -0.0004  0.0130 -0.0004
SIM6   0.0090  0.0058  0.0061  0.0149  0.0093  1.0000  0.0158  0.0025  0.0093  0.0214  0.0060  0.0127 -0.0004 -0.0004  0.0029  0.0089 -0.0004  0.0058  0.0062  0.0089  0.0094  0.0027  0.0155  0.0159  0.0159  0.0060  0.0065  0.0160  0.0099  0.0057  0.0028  0.0059  0.0090  0.0093  0.0122  0.0061  0.0094 -0.0004  0.0060 -0.0004  0.0096  0.0026  0.0028  0.0059  0.0059  0.0089  0.0096  0.0120  0.0061  0.0029
SIM7   0.0061  0.0060  0.0064  0.0154  0.0063  0.0158  1.0000  0.0027  0.0097  0.0093  0.0062  0.0098 -0.0004  0.0098  0.0100  0.0060  0.0030  0.0093  0.0133  0.0124  0.0064  0.0159  0.0062  0.0165  0.0030  0.0063  0.0176  0.0165  0.0103  0.0092 -0.0004  0.0094  0.0125  0.0063  0.0028  0.0063  0.0064  0.0129  0.0129  0.0061  0.0099  0.0059  0.0029  0.0126  0.0028  0.0125 -0.0004  0.0124  0.0029  0.0031
SIM8   0.0026  0.0025  0.0217  0.0113 -0.0005  0.0025  0.0027  1.0000  0.0027  0.0025  0.0150  0.0090  0.0059  0.0090  0.0124  0.0055  0.0058  0.0086  0.0218  0.0025  0.0279  0.0117  0.0118  0.0027  0.0121  0.0026  0.0062  0.0058 -0.0004  0.0055  0.0152 -0.0005  0.0025  0.0027  0.0056  0.0058  0.0059  0.0026  0.0057  0.0026  0.0124  0.0084  0.0057  0.0026  0.0086  0.0025  0.0028  0.0025  0.0058  0.0060
SIM9   0.0094  0.0028  0.0098  0.0059  0.0063  0.0093  0.0097  0.0027  1.0000  0.0125  0.0029 -0.0004  0.0065  0.0064 -0.0004  0.0061 -0.0004 -0.0004  0.0133  0.0189 -0.0004  0.0061  0.0128  0.0131  0.0165  0.0130  0.0068  0.0030  0.0139 -0.0004  0.0131  0.0062  0.0126  0.0130  0.0029  0.0098  0.0064  0.0029  0.0096  0.0127  0.0065  0.0091  0.0063  0.0127 -0.0004  0.0060  0.0100  0.0028  0.0063  0.0066
SIM10  0.0058  0.0089  0.0028  0.0087  0.0060  0.0214  0.0093  0.0025  0.0125  1.0000  0.0091  0.0094  0.0029 -0.0004  0.0029  0.0089  0.0028 -0.0005  0.0062  0.0057 -0.0004  0.0027  0.0091  0.0061  0.0125  0.0060 -0.0004  0.0061  0.0098  0.0180  0.0028 -0.0004  0.0089  0.0092  0.0153 -0.0004  0.0126  0.0028 -0.0004  0.0058  0.0162  0.0057  0.0060  0.0090  0.0027  0.0026  0.0095  0.0088  0.0060  0.0063
SIM11  0.0028  0.0123  0.0131  0.0058 -0.0004  0.0060  0.0062  0.0150  0.0029  0.0091  1.0000  0.0029  0.0064  0.0097  0.0064  0.0060  0.0063  0.0092  0.0097  0.0091  0.0029 -0.0004 -0.0004  0.0029  0.0096  0.0095  0.0138  0.0063 -0.0004  0.0059  0.0129  0.0061 -0.0004  0.0029  0.0126 -0.0004  0.0063  0.0095  0.0029  0.0157  0.0030  0.0122  0.0062  0.0060  0.0060  0.0059  0.0064  0.0059  0.0129  0.0030
SIM12  0.0029  0.0028  0.0030  0.0092  0.0030  0.0127  0.0098  0.0090 -0.0004  0.0094  0.0029  1.0000  0.0204  0.0134  0.0101 -0.0004  0.0099  0.0094  0.0100  0.0093  0.0030  0.0029  0.0029  0.0030  0.0030  0.0030  0.0032  0.0030 -0.0004  0.0060  0.0098  0.0062  0.0127 -0.0004  0.0095 -0.0004  0.0030  0.0198  0.0097  0.0062 -0.0004  0.0125  0.0232 -0.0004  0.0029 -0.0004 -0.0004  0.0028 -0.0004  0.0137
SIM13  0.0129  0.0160  0.0100  0.0125  0.0064 -0.0004 -0.0004  0.0059  0.0065  0.0029  0.0064  0.0204  1.0000  0.0100  0.0102  0.0095  0.0134  0.0029  0.0031  0.0094  0.0065  0.0096  0.0097  0.0099  0.0030  0.0098  0.0069  0.0065  0.0032  0.0061  0.0030  0.0096 -0.0004  0.0098 -0.0004  0.0065  0.0065  0.0098  0.0064  0.0062  0.0066  0.0093  0.0064  0.0096  0.0062  0.0160  0.0031  0.0127  0.0099  0.0138
SIM14  0.0095  0.0094  0.0030  0.0092 -0.0004 -0.0004  0.0098  0.0090  0.0064 -0.0004  0.0097  0.0134  0.0100  1.0000  0.0101  0.0061  0.0065  0.0061  0.0100  0.0159  0.0065 -0.0004  0.0029  0.0167  0.0064  0.0098  0.0069  0.0133  0.0068  0.0126  0.0064  0.0096  0.0094  0.0030 -0.0004  0.0030  0.0065  0.0165  0.0164  0.0062  0.0136  0.0028  0.0030  0.0062  0.0062  0.0061  0.0031  0.0061  0.0030  0.0066
SIM15 -0.0004  0.0096  0.0031  0.0094  0.0065  0.0029  0.0100  0.0124 -0.0004  0.0029  0.0064  0.0101  0.0102  0.0101  1.0000  0.0029  0.0101  0.0063  0.0067  0.0062  0.0101  0.0063  0.0132  0.0101  0.0031  0.0168  0.0107  0.0101  0.0033  0.0095  0.0031 -0.0004 -0.0004  0.0030  0.0030  0.0101  0.0171  0.0065  0.0064  0.0164  0.0067  0.0094  0.0065  0.0030  0.0030  0.0096  0.0067  0.0029  0.0065  0.0068
SIM16  0.0090  0.0027 -0.0004  0.0057  0.0060  0.0089  0.0060  0.0055  0.0061  0.0089  0.0060 -0.0004  0.0095  0.0061  0.0029  1.0000  0.0094  0.0058  0.0029  0.0089  0.0028 -0.0004  0.0027  0.0028  0.0061  0.0028  0.0100  0.0094  0.0064  0.0181  0.0061  0.0027  0.0058  0.0060  0.0091  0.0061  0.0061  0.0028  0.0156  0.0090  0.0029  0.0088  0.0028  0.0059  0.0027  0.0151  0.0029  0.0088  0.0028  0.0163
SIM17  0.0029 -0.0004  0.0030  0.0123  0.0097 -0.0004  0.0030  0.0058 -0.0004  0.0028  0.0063  0.0099  0.0134  0.0065  0.0101  0.0094  1.0000  0.0127  0.0065  0.0223  0.0064  0.0128 -0.0004  0.0064  0.0030  0.0063 -0.0004  0.0030  0.0139  0.0028  0.0030  0.0029  0.0094  0.0030  0.0095  0.0064  0.0030  0.0063  0.0130  0.0029  0.0031  0.0156  0.0097  0.0062  0.0062  0.0126 -0.0004  0.0028  0.0030  0.0066
SIM18  0.0059  0.0027 -0.0004  0.0026  0.0060  0.0058  0.0093  0.0086 -0.0004 -0.0005  0.0092  0.0094  0.0029  0.0061  0.0063  0.0058  0.0127  1.0000  0.0128  0.0089  0.0029  0.0059  0.0060  0.0159  0.0028  0.0060  0.0100 -0.0004  0.0065  0.0057  0.0061  0.0027  0.0090  0.0093  0.0027  0.0061  0.0061  0.0060  0.0060  0.0027  0.0096  0.0026  0.0157  0.0154  0.0059  0.0089  0.0029  0.0089  0.0093  0.0029
SIM19 -0.0004  0.0029  0.0135  0.0060  0.0064  0.0062  0.0133  0.0218  0.0133  0.0062  0.0097  0.0100  0.0031  0.0100  0.0067  0.0029  0.0065  0.0128  1.0000  0.0028  0.0100 -0.0004  0.0097  0.0065  0.0099  0.0064  0.0033  0.0065  0.0032  0.0061  0.0133  0.0063  0.0161  0.0098 -0.0004  0.0099  0.0204 -0.0004  0.0097  0.0162  0.0031  0.0093 -0.0004  0.0062  0.0029  0.0029  0.0031  0.0061  0.0167  0.0138
SIM20  0.0027  0.0057  0.0028  0.0026  0.0028  0.0089  0.0124  0.0025  0.0189  0.0057  0.0091  0.0093  0.0094  0.0159  0.0062  0.0089  0.0223  0.0089  0.0028  1.0000  0.0061  0.0184  0.0218 -0.0004  0.0060  0.0028  0.0134  0.0061  0.0132  0.0118  0.0060  0.0059  0.0027  0.0060  0.0121  0.0093  0.0126  0.0091  0.0123  0.0058 -0.0004  0.0087 -0.0004  0.0090  0.0184  0.0026  0.0062  0.0057  0.0092  0.0062
SIM21  0.0095  0.0126  0.0065  0.0124  0.0030  0.0094  0.0064  0.0279 -0.0004 -0.0004  0.0029  0.0030  0.0065  0.0065  0.0101  0.0028  0.0064  0.0029  0.0100  0.0061  1.0000  0.0029  0.0063  0.0098  0.0098  0.0064  0.0105  0.0099  0.0104  0.0028  0.0098  0.0129  0.0160  0.0064  0.0062  0.0167  0.0065  0.0097  0.0164  0.0029  0.0066  0.0092  0.0030  0.0095  0.0029 -0.0004  0.0066  0.0061  0.0098  0.0172
SIM22  0.0059  0.0058  0.0062  0.0119  0.0094  0.0027  0.0159  0.0117  0.0061  0.0027 -0.0004  0.0029  0.0096 -0.0004  0.0063 -0.0004  0.0128  0.0059 -0.0004  0.0184  0.0029  1.0000  0.0060 -0.0004  0.0094  0.0028  0.0066  0.0029  0.0100  0.0027  0.0029  0.0028  0.0027  0.0061  0.0059  0.0094 -0.0004  0.0060  0.0028  0.0091  0.0097  0.0089  0.0093  0.0059  0.0091  0.0090  0.0096  0.0027  0.0028  0.0097
SIM23  0.0060  0.0059  0.0096  0.0120  0.0062  0.0155  0.0062  0.0118  0.0128  0.0091 -0.0004  0.0029  0.0097  0.0029  0.0132  0.0027 -0.0004  0.0060  0.0097  0.0218  0.0063  0.0060  1.0000 -0.0004  0.0029  0.0062  0.0067  0.0129  0.0066  0.0059  0.0029  0.0093  0.0187  0.0029 -0.0004  0.0062  0.0063 -0.0004  0.0061  0.0124  0.0030  0.0184  0.0061  0.0060  0.0060  0.0027 -0.0004  0.0091  0.0062  0.0133
SIM24  0.0062  0.0028  0.0064  0.0027  0.0097  0.0159  0.0165  0.0027  0.0131  0.0061  0.0029  0.0030  0.0099  0.0167  0.0101  0.0028  0.0064  0.0159  0.0065 -0.0004  0.0098 -0.0004 -0.0004  1.0000  0.0030  0.0029  0.0068  0.0132  0.0032  0.0092  0.0030  0.0128  0.0061  0.0165  0.0062  0.0030  0.0030  0.0029  0.0063  0.0061  0.0100  0.0220  0.0063 -0.0004  0.0062  0.0125  0.0100  0.0093  0.0131  0.0031
SIM25  0.0094  0.0190 -0.0004  0.0123  0.0063  0.0159  0.0030  0.0121  0.0165  0.0125  0.0096  0.0030  0.0030  0.0064  0.0031  0.0061  0.0030  0.0028  0.0099  0.0060  0.0098  0.0094  0.0029  0.0030  1.0000 -0.0004  0.0032  0.0234 -0.0004  0.0060  0.0030  0.0062  0.0028 -0.0004  0.0062  0.0064  0.0064  0.0096  0.0096  0.0127  0.0065 -0.0004  0.0029  0.0029  0.0193  0.0125  0.0065 -0.0004 -0.0004  0.0101
