*********************************************************************
* LD Score Regression (LDSC)
* Version 1.0.1
* (C) 2014-2019 Brendan Bulik-Sullivan and Hilary Finucane
* Broad Institute of MIT and Harvard / MIT Department of Mathematics
* GNU General Public License v3
*********************************************************************
Call: 
./ldsc.py \
--out /data/sbcs/GuoLab/backup/liq17/CRC_TF_TWAS_zhishan2024/NC_revision_OceanCode/v2_NC_revision//84Tracks//ldscores_sim5000//4 \
--bfile /data/sbcs/GuoLab/backup/liq17/ref/Alkesgroup/1000G_EUR_Phase3_plink_hg38/1000G.EUR.QC.4 \
--annot /data/sbcs/GuoLab/backup/liq17/CRC_TF_TWAS_zhishan2024/NC_revision_OceanCode/v2_NC_revision//84Tracks//annots_sim5000//4.annot.txt \
--l2  \
--ld-wind-kb 100.0 

Beginning analysis at Sun Oct 26 22:12:27 2025
Read list of 729546 SNPs from /data/sbcs/GuoLab/backup/liq17/ref/Alkesgroup/1000G_EUR_Phase3_plink_hg38/1000G.EUR.QC.4.bim
Read 50 annotations for 729546 SNPs from /data/sbcs/GuoLab/backup/liq17/CRC_TF_TWAS_zhishan2024/NC_revision_OceanCode/v2_NC_revision//84Tracks//annots_sim5000//4.annot.txt
Read list of 489 individuals from /data/sbcs/GuoLab/backup/liq17/ref/Alkesgroup/1000G_EUR_Phase3_plink_hg38/1000G.EUR.QC.4.fam
Reading genotypes from /data/sbcs/GuoLab/backup/liq17/ref/Alkesgroup/1000G_EUR_Phase3_plink_hg38/1000G.EUR.QC.4.bed
Estimating LD Score.
Writing LD Scores for 729546 SNPs to /data/sbcs/GuoLab/backup/liq17/CRC_TF_TWAS_zhishan2024/NC_revision_OceanCode/v2_NC_revision//84Tracks//ldscores_sim5000//4.l2.ldscore.gz

Summary of LD Scores in /data/sbcs/GuoLab/backup/liq17/CRC_TF_TWAS_zhishan2024/NC_revision_OceanCode/v2_NC_revision//84Tracks//ldscores_sim5000//4.l2.ldscore.gz
         MAF  SIM1L2  SIM2L2  SIM3L2  SIM4L2  SIM5L2  SIM6L2  SIM7L2  SIM8L2  SIM9L2  SIM10L2  SIM11L2  SIM12L2  SIM13L2  SIM14L2  SIM15L2  SIM16L2  SIM17L2  SIM18L2  SIM19L2  SIM20L2  SIM21L2  SIM22L2  SIM23L2  SIM24L2  SIM25L2  SIM26L2  SIM27L2  SIM28L2  SIM29L2  SIM30L2  SIM31L2  SIM32L2  SIM33L2  SIM34L2  SIM35L2  SIM36L2  SIM37L2  SIM38L2  SIM39L2  SIM40L2  SIM41L2  SIM42L2  SIM43L2  SIM44L2  SIM45L2  SIM46L2  SIM47L2  SIM48L2  SIM49L2  SIM50L2
mean  0.1491  0.0255  0.0285  0.0288  0.0346  0.0297  0.0290  0.0302  0.0320  0.0314   0.0349   0.0275   0.0321   0.0289   0.0285   0.0293   0.0254   0.0273   0.0307   0.0300   0.0348   0.0293   0.0323   0.0294   0.0258   0.0299   0.0283   0.0231   0.0307   0.0296   0.0299   0.0309   0.0294   0.0311   0.0302   0.0294   0.0295   0.0305   0.0298   0.0286   0.0301   0.0311   0.0290   0.0309   0.0323   0.0369   0.0277   0.0285   0.0297   0.0335   0.0264
std   0.1485  0.1274  0.1345  0.1384  0.1503  0.1331  0.1346  0.1382  0.1419  0.1454   0.1532   0.1286   0.1387   0.1389   0.1341   0.1336   0.1252   0.1350   0.1395   0.1366   0.1520   0.1370   0.1451   0.1374   0.1244   0.1355   0.1331   0.1189   0.1454   0.1329   0.1350   0.1393   0.1357   0.1394   0.1467   0.1322   0.1377   0.1418   0.1343   0.1298   0.1468   0.1395   0.1426   0.1444   0.1411   0.1514   0.1342   0.1355   0.1341   0.1469   0.1262
min   0.0051 -0.0079 -0.0073 -0.0104 -0.0084 -0.0074 -0.0083 -0.0073 -0.0071 -0.0076  -0.0078  -0.0071  -0.0065  -0.0075  -0.0073  -0.0097  -0.0107  -0.0087  -0.0074  -0.0076  -0.0075  -0.0077  -0.0092  -0.0079  -0.0060  -0.0059  -0.0071  -0.0079  -0.0076  -0.0097  -0.0072  -0.0075  -0.0091  -0.0094  -0.0072  -0.0077  -0.0073  -0.0064  -0.0081  -0.0090  -0.0094  -0.0071  -0.0070  -0.0081  -0.0088  -0.0085  -0.0077  -0.0075  -0.0077  -0.0079  -0.0090
25%   0.0194  0.0000  0.0000  0.0000  0.0000  0.0000  0.0000  0.0000  0.0000  0.0000   0.0000   0.0000   0.0000   0.0000   0.0000   0.0000   0.0000   0.0000   0.0000   0.0000   0.0000   0.0000   0.0000   0.0000   0.0000   0.0000   0.0000   0.0000   0.0000   0.0000   0.0000   0.0000   0.0000   0.0000   0.0000   0.0000   0.0000   0.0000   0.0000   0.0000   0.0000   0.0000   0.0000   0.0000   0.0000   0.0000   0.0000   0.0000   0.0000   0.0000   0.0000
50%   0.0900  0.0000  0.0000  0.0000  0.0000  0.0000  0.0000  0.0000  0.0000  0.0000   0.0000   0.0000   0.0000   0.0000   0.0000   0.0000   0.0000   0.0000   0.0000   0.0000   0.0000   0.0000   0.0000   0.0000   0.0000   0.0000   0.0000   0.0000   0.0000   0.0000   0.0000   0.0000   0.0000   0.0000   0.0000   0.0000   0.0000   0.0000   0.0000   0.0000   0.0000   0.0000   0.0000   0.0000   0.0000   0.0000   0.0000   0.0000   0.0000   0.0000   0.0000
75%   0.2587  0.0000  0.0000  0.0000  0.0000  0.0000  0.0000  0.0000  0.0000  0.0000   0.0000   0.0000   0.0000   0.0000   0.0000   0.0000   0.0000   0.0000   0.0000   0.0000   0.0000   0.0000   0.0000   0.0000   0.0000   0.0000   0.0000   0.0000   0.0000   0.0000   0.0000   0.0000   0.0000   0.0000   0.0000   0.0000   0.0000   0.0000   0.0000   0.0000   0.0000   0.0000   0.0000   0.0000   0.0000   0.0000   0.0000   0.0000   0.0000   0.0000   0.0000
max   0.5000  2.0093  2.0000  2.8354  2.0000  1.9244  2.0114  3.0000  2.0082  2.0112   2.1441   2.0000   1.9982   2.6015   1.9962   2.2343   2.0000   2.0000   2.0000   2.0000   2.0104   2.4612   2.0000   2.2519   1.7894   1.6332   2.0108   2.0000   2.0000   2.0000   1.9980   1.9225   3.0000   2.0023   2.2919   1.8216   2.0000   2.0000   1.9751   1.7997   2.0000   2.0000   2.2175   2.1313   2.1325   1.9999   2.0014   2.0442   2.0577   2.0524   1.8805

MAF/LD Score Correlation Matrix
            MAF  SIM1L2  SIM2L2  SIM3L2  SIM4L2  SIM5L2  SIM6L2  SIM7L2  SIM8L2  SIM9L2  SIM10L2  SIM11L2  SIM12L2  SIM13L2  SIM14L2  SIM15L2  SIM16L2  SIM17L2  SIM18L2  SIM19L2  SIM20L2  SIM21L2  SIM22L2  SIM23L2  SIM24L2  SIM25L2  SIM26L2  SIM27L2  SIM28L2  SIM29L2  SIM30L2  SIM31L2  SIM32L2  SIM33L2  SIM34L2  SIM35L2  SIM36L2  SIM37L2  SIM38L2  SIM39L2  SIM40L2  SIM41L2  SIM42L2  SIM43L2  SIM44L2  SIM45L2  SIM46L2  SIM47L2  SIM48L2  SIM49L2  SIM50L2
MAF      1.0000  0.0806  0.0848  0.0634  0.0591  0.1138  0.0824  0.1097  0.1200  0.0857   0.0974   0.0719   0.0904   0.0617   0.1216   0.0829   0.0735   0.0731   0.0939   0.0875   0.0981   0.0963   0.1097   0.0627   0.0754   0.1339   0.0735   0.0628   0.1120   0.0754   0.0860   0.0813   0.0929   0.0969   0.0803   0.1059   0.0661   0.1134   0.0942   0.1018   0.0804   0.1083   0.1053   0.0901   0.1081   0.1203   0.0722   0.0846   0.0977   0.0719   0.0887
SIM1L2   0.0806  1.0000  0.0569  0.0161  0.0089  0.0524  0.0489  0.0252  0.0219  0.0235   0.0629   0.0908   0.0281   0.0315   0.0781   0.0013   0.0241   0.0255   0.0696   0.0390   0.0666   0.0064   0.0455   0.0790   0.0989   0.0293   0.0612   0.0348   0.0899   0.0311   0.0610   0.0868  -0.0017   0.0477   0.0363   0.0466   0.0653   0.0588   0.0091   0.0258   0.0748   0.0372   0.0916   0.1502   0.0138   0.0463   0.0462   0.0654   0.0525   0.0795   0.0064
SIM2L2   0.0848  0.0569  1.0000  0.0958  0.1225  0.0607  0.0585  0.0468  0.0958  0.0798   0.0632   0.0590   0.0810   0.0562   0.0161   0.0699   0.0393   0.0955   0.1204   0.0346   0.0274   0.0583   0.1008   0.0524   0.0481   0.0655   0.0435   0.0324   0.0295   0.0276   0.0500   0.0512   0.0829   0.0682   0.1401   0.0437   0.0876   0.1438   0.0801   0.0477   0.0919   0.0891   0.0784   0.0642   0.0124   0.1184   0.0375   0.0861   0.0724   0.0778   0.0446
SIM3L2   0.0634  0.0161  0.0958  1.0000  0.0791  0.0605  0.0295  0.1302  0.0354  0.0446   0.0593   0.0442   0.0648   0.0532   0.0296   0.0238   0.0509   0.0534   0.0624   0.0864   0.0542   0.0698   0.0643   0.0353   0.0246   0.0474   0.0493   0.0433   0.0364   0.0900   0.0539   0.0348   0.0223   0.0189   0.0226   0.0358   0.0623   0.0911   0.1158   0.0377   0.0398   0.0872   0.0116   0.0644   0.0941   0.0883   0.0474   0.0282   0.0522   0.1233   0.0341
SIM4L2   0.0591  0.0089  0.1225  0.0791  1.0000  0.0382  0.0674  0.0185  0.0885  0.0436   0.0278   0.0819   0.0573   0.0541   0.0541   0.1077   0.0458   0.0592   0.0796   0.0851   0.0647   0.0301   0.0746   0.0515   0.0986   0.0283   0.0357   0.0395   0.0648   0.0664   0.0370   0.0653   0.0947   0.0881   0.0518   0.0777   0.1094   0.0886   0.0548   0.0462   0.1502   0.0728   0.0768   0.0533   0.0589   0.0937   0.0606   0.1052   0.0731   0.0778   0.0245
SIM5L2   0.1138  0.0524  0.0607  0.0605  0.0382  1.0000  0.0714  0.0788  0.0634  0.0301   0.1008   0.0377   0.0616   0.0642   0.0566   0.0732   0.0354   0.0388   0.0198   0.0547   0.1271   0.0610   0.0692   0.0341   0.0486   0.0263   0.0722   0.0334   0.0691   0.0417   0.0235   0.0508   0.0224   0.0775   0.0546   0.1056   0.0613   0.1331   0.0575   0.0695   0.0771   0.1169   0.0390   0.0660   0.0494   0.0864   0.0525   0.1127   0.0861   0.0964   0.0644
SIM6L2   0.0824  0.0489  0.0585  0.0295  0.0674  0.0714  1.0000  0.0310  0.0231  0.0658   0.0799   0.0714   0.0441   0.0482   0.0438   0.0221   0.0455   0.0539   0.0305   0.0294   0.0660   0.0484   0.1009   0.0167   0.0223   0.0247   0.0029   0.0273   0.0851   0.0272   0.0898   0.0617   0.0651   0.0544   0.0170   0.1080   0.0689   0.0955   0.0604   0.0419   0.1167   0.0691   0.0837   0.0660   0.0464   0.0548   0.0745   0.0911   0.0845   0.0982   0.0761
SIM7L2   0.1097  0.0252  0.0468  0.1302  0.0185  0.0788  0.0310  1.0000  0.0662  0.0581   0.0715   0.0379   0.0966   0.0512   0.0683   0.0560   0.0541   0.0348   0.0460   0.0395   0.0497   0.0773   0.0896   0.0523   0.0331   0.0813   0.1038   0.0059   0.0164   0.0882   0.0162   0.0628   0.0601   0.0568   0.0240   0.0553   0.0183   0.0560   0.0889   0.1229   0.0636   0.0757   0.1056   0.0645   0.0912   0.0953   0.0410   0.0592   0.0436   0.0933   0.0573
SIM8L2   0.1200  0.0219  0.0958  0.0354  0.0885  0.0634  0.0231  0.0662  1.0000  0.0666   0.1119   0.0915   0.0726   0.0585   0.0596   0.0754   0.0584   0.0663   0.1050   0.0821   0.0454   0.0823   0.0625   0.0613   0.0798   0.0879   0.0532   0.0716   0.0022   0.0711   0.0482   0.0868   0.0656   0.0640   0.0705   0.0529   0.0876   0.0996   0.0675   0.1004   0.0492   0.0617   0.0543   0.0534   0.0335   0.0510   0.0801   0.0362   0.0858   0.0792   0.0236
SIM9L2   0.0857  0.0235  0.0798  0.0446  0.0436  0.0301  0.0658  0.0581  0.0666  1.0000   0.0375   0.0539   0.0445   0.0709   0.1132   0.0484   0.0124   0.0728   0.0624   0.0361   0.0365   0.0773   0.0696   0.1067   0.0191   0.1046   0.0357   0.0233   0.0661   0.0306   0.0471   0.0069   0.0749   0.0923   0.1178   0.0483   0.1123   0.0764   0.0856   0.0335   0.0438   0.0622   0.1326   0.1862   0.0355   0.1398   0.0544   0.0321   0.0369   0.1020   0.0413
SIM10L2  0.0974  0.0629  0.0632  0.0593  0.0278  0.1008  0.0799  0.0715  0.1119  0.0375   1.0000   0.1249   0.0300   0.0652   0.0820   0.0746   0.0702   0.0654   0.0561   0.0666   0.0217   0.0921   0.0652   0.0649   0.0479   0.0624   0.0462   0.0481   0.0145   0.0904   0.1231   0.1074   0.0471   0.0679   0.0179   0.0793   0.1281   0.0799   0.0969   0.0611   0.0467   0.1355   0.1228   0.0574   0.0936   0.0849   0.0621   0.0564   0.0660   0.1305   0.0560
SIM11L2  0.0719  0.0908  0.0590  0.0442  0.0819  0.0377  0.0714  0.0379  0.0915  0.0539   0.1249   1.0000   0.0554   0.0712   0.0546   0.0458  -0.0006   0.1290   0.0875   0.0916   0.0221   0.0283   0.0534   0.0134   0.0463   0.0278   0.0285   0.0300   0.0089   0.0801   0.0886   0.0743   0.0759   0.0476   0.0346   0.0842   0.0733   0.0609   0.0497   0.0680   0.0533   0.0349   0.1079   0.0466   0.0317   0.0737   0.0435   0.0634   0.0527   0.0600   0.0421
SIM12L2  0.0904  0.0281  0.0810  0.0648  0.0573  0.0616  0.0441  0.0966  0.0726  0.0445   0.0300   0.0554   1.0000   0.0422   0.0180   0.0861   0.0334   0.0318   0.0796   0.0476   0.0487   0.0575   0.1080   0.0368   0.0371   0.0552   0.0738   0.0588   0.0156   0.0861   0.0354   0.0555   0.0179   0.0510   0.2071   0.0079   0.0577   0.0758   0.0565   0.0858   0.0591   0.0400   0.0796   0.0865   0.0442   0.0712   0.0852   0.0497   0.0402   0.0625   0.0494
SIM13L2  0.0617  0.0315  0.0562  0.0532  0.0541  0.0642  0.0482  0.0512  0.0585  0.0709   0.0652   0.0712   0.0422   1.0000   0.0463   0.0661   0.0569   0.0236   0.0789   0.0349   0.0561   0.0543   0.0651   0.0807   0.0650   0.0414   0.1207   0.0631   0.0621   0.0617   0.0632   0.0306   0.0286   0.0735   0.0915   0.0651   0.0086   0.0397   0.0366   0.0491   0.0192   0.1182   0.0430   0.0411   0.0744   0.0443   0.0370   0.0618   0.0669   0.0351   0.0874
SIM14L2  0.1216  0.0781  0.0161  0.0296  0.0541  0.0566  0.0438  0.0683  0.0596  0.1132   0.0820   0.0546   0.0180   0.0463   1.0000   0.0447   0.1182   0.0385   0.0605   0.0549   0.0643   0.0070   0.0849   0.0520   0.0736   0.0718   0.0151   0.0334   0.1069   0.0244   0.0737   0.0986   0.0742   0.0162   0.0434   0.0472   0.0107   0.1077   0.0409   0.0630   0.0984   0.0809   0.0867   0.1231   0.0185   0.0548   0.0239   0.0198   0.0784   0.1333   0.0355
SIM15L2  0.0829  0.0013  0.0699  0.0238  0.1077  0.0732  0.0221  0.0560  0.0754  0.0484   0.0746   0.0458   0.0861   0.0661   0.0447   1.0000   0.0311   0.0715   0.0378   0.0160   0.0605   0.0765   0.0453   0.0453   0.0798   0.0437   0.0539   0.0687   0.0338   0.0598   0.0672   0.0230   0.0405   0.0746   0.0361   0.0326   0.0709   0.0360   0.0725   0.0343   0.0598   0.0784   0.0472   0.0352   0.0473   0.0413   0.0334   0.0445   0.0713   0.0321   0.0300
SIM16L2  0.0735  0.0241  0.0393  0.0509  0.0458  0.0354  0.0455  0.0541  0.0584  0.0124   0.0702  -0.0006   0.0334   0.0569   0.1182   0.0311   1.0000   0.0816   0.0967   0.0580   0.0964   0.0495   0.0942   0.0361   0.0814   0.0544   0.0360   0.0129   0.1083   0.0645   0.0326   0.0447   0.0181   0.0403   0.0539   0.0582   0.0276   0.0672   0.0495   0.0047   0.0842   0.0599   0.0294   0.0435   0.0808   0.0589   0.0344   0.0540   0.0737   0.0651   0.0397
SIM17L2  0.0731  0.0255  0.0955  0.0534  0.0592  0.0388  0.0539  0.0348  0.0663  0.0728   0.0654   0.1290   0.0318   0.0236   0.0385   0.0715   0.0816   1.0000   0.1066   0.0908   0.0431   0.1290   0.0382   0.0948   0.0329   0.0572   0.0758   0.0414   0.0320   0.1077   0.0579   0.0741   0.0686   0.0859   0.0385   0.0519   0.0250   0.0121   0.0293   0.0538   0.0273   0.0584   0.0506   0.0539   0.0855   0.0772   0.0306   0.0711   0.0352   0.0752   0.0903
SIM18L2  0.0939  0.0696  0.1204  0.0624  0.0796  0.0198  0.0305  0.0460  0.1050  0.0624   0.0561   0.0875   0.0796   0.0789   0.0605   0.0378   0.0967   0.1066   1.0000   0.0700   0.0501   0.0459   0.0980   0.0603   0.0618   0.0785   0.0661   0.0252   0.1110   0.1103   0.0509   0.0441   0.0538   0.0643   0.1250   0.0262   0.0899   0.0903   0.0743   0.0520   0.0936   0.0550   0.0295   0.0442   0.0516   0.1004   0.0432   0.0881   0.0316   0.0703   0.0484
SIM19L2  0.0875  0.0390  0.0346  0.0864  0.0851  0.0547  0.0294  0.0395  0.0821  0.0361   0.0666   0.0916   0.0476   0.0349   0.0549   0.0160   0.0580   0.0908   0.0700   1.0000   0.0746   0.0403   0.0700   0.0942   0.0339   0.0351   0.0571   0.0324   0.0487   0.0580   0.0511   0.0812   0.0372   0.0446   0.0356   0.0525   0.1067   0.0626   0.0612   0.0438   0.0383   0.0376   0.0522   0.0278   0.0560   0.1123   0.0777   0.0310   0.0930   0.0701   0.0540
SIM20L2  0.0981  0.0666  0.0274  0.0542  0.0647  0.1271  0.0660  0.0497  0.0454  0.0365   0.0217   0.0221   0.0487   0.0561   0.0643   0.0605   0.0964   0.0431   0.0501   0.0746   1.0000   0.0554   0.0601   0.0929   0.0588   0.0590   0.0797   0.0217   0.1192   0.0258   0.0371   0.0591   0.0512   0.0293   0.0410   0.0970   0.0488   0.0409   0.0312   0.0664   0.0977   0.0670   0.0366   0.0685   0.0424   0.0477   0.0373   0.0485   0.0619   0.0325   0.0459
SIM21L2  0.0963  0.0064  0.0583  0.0698  0.0301  0.0610  0.0484  0.0773  0.0823  0.0773   0.0921   0.0283   0.0575   0.0543   0.0070   0.0765   0.0495   0.1290   0.0459   0.0403   0.0554   1.0000   0.0416   0.0700   0.0428   0.0533   0.0727   0.0142   0.0552   0.0854   0.0465   0.0765   0.0845   0.0557   0.0251   0.0068   0.0519   0.0356   0.0979   0.0525   0.0487   0.0881   0.0636   0.0569   0.0936   0.1118   0.0800   0.0715   0.0555   0.0675   0.0434
SIM22L2  0.1097  0.0455  0.1008  0.0643  0.0746  0.0692  0.1009  0.0896  0.0625  0.0696   0.0652   0.0534   0.1080   0.0651   0.0849   0.0453   0.0942   0.0382   0.0980   0.0700   0.0601   0.0416   1.0000   0.0316   0.0362   0.1023   0.0584   0.0391   0.1071   0.0909   0.0267   0.0639   0.0232   0.0752   0.1609   0.1007   0.0274   0.1649   0.0367   0.0415   0.1040   0.1074   0.0829   0.0829   0.0288   0.1014   0.0531   0.0352   0.0630   0.0823   0.0789
SIM23L2  0.0627  0.0790  0.0524  0.0353  0.0515  0.0341  0.0167  0.0523  0.0613  0.1067   0.0649   0.0134   0.0368   0.0807   0.0520   0.0453   0.0361   0.0948   0.0603   0.0942   0.0929   0.0700   0.0316   1.0000   0.1000   0.0748   0.0412   0.0400   0.0730   0.0463   0.0344   0.0517   0.0295   0.0449   0.0595   0.0279   0.0540   0.1007   0.0658   0.0735   0.0400   0.0131   0.0255   0.1050   0.0621   0.0715   0.1133   0.0511   0.0915   0.1071   0.0445
SIM24L2  0.0754  0.0989  0.0481  0.0246  0.0986  0.0486  0.0223  0.0331  0.0798  0.0191   0.0479   0.0463   0.0371   0.0650   0.0736   0.0798   0.0814   0.0329   0.0618   0.0339   0.0588   0.0428   0.0362   0.1000   1.0000   0.0207   0.0632   0.1114   0.0520   0.0335   0.0366   0.0317   0.0612   0.0710   0.0551   0.0859   0.0601   0.0201   0.0268   0.0416   0.0553   0.0329   0.0581   0.0535   0.0522   0.0473   0.0545   0.0675   0.0917   0.0384   0.0673
SIM25L2  0.1339  0.0293  0.0655  0.0474  0.0283  0.0263  0.0247  0.0813  0.0879  0.1046   0.0624   0.0278   0.0552   0.0414   0.0718   0.0437   0.0544   0.0572   0.0785   0.0351   0.0590   0.0533   0.1023   0.0748   0.0207   1.0000   0.0367   0.0302   0.0589   0.0530   0.0313   0.0689   0.0326   0.0277   0.0977   0.0732   0.0459   0.0684   0.0497   0.1184   0.0407   0.0562   0.1101   0.1237   0.0143   0.0964   0.0290   0.0442   0.0739   0.0420   0.0452
SIM26L2  0.0735  0.0612  0.0435  0.0493  0.0357  0.0722  0.0029  0.1038  0.0532  0.0357   0.0462   0.0285   0.0738   0.1207   0.0151   0.0539   0.0360   0.0758   0.0661   0.0571   0.0797   0.0727   0.0584   0.0412   0.0632   0.0367   1.0000   0.0682   0.0171   0.0266   0.0478   0.0479   0.0188   0.0536   0.0783   0.0546   0.0291   0.0028   0.0443   0.0445   0.0030   0.0739   0.0262   0.0452   0.0950   0.1145   0.0173   0.0894   0.0901   0.0522   0.0708
SIM27L2  0.0628  0.0348  0.0324  0.0433  0.0395  0.0334  0.0273  0.0059  0.0716  0.0233   0.0481   0.0300   0.0588   0.0631   0.0334   0.0687   0.0129   0.0414   0.0252   0.0324   0.0217   0.0142   0.0391   0.0400   0.1114   0.0302   0.0682   1.0000   0.0213   0.0483   0.0546   0.0614   0.0422   0.0365   0.0662   0.0211   0.0684   0.0509   0.0234   0.0672  -0.0042   0.0272   0.0240   0.0398  -0.0004   0.0230   0.0532   0.0446   0.0274   0.0803   0.0531
SIM28L2  0.1120  0.0899  0.0295  0.0364  0.0648  0.0691  0.0851  0.0164  0.0022  0.0661   0.0145   0.0089   0.0156   0.0621   0.1069   0.0338   0.1083   0.0320   0.1110   0.0487   0.1192   0.0552   0.1071   0.0730   0.0520   0.0589   0.0171   0.0213   1.0000   0.0449   0.0267   0.0378   0.0363   0.0057   0.0331   0.1271   0.0347   0.1250   0.0548   0.0537   0.1545   0.1257   0.0276  -0.0055   0.0237   0.0106   0.0594   0.0330   0.0644   0.0657   0.0715
SIM29L2  0.0754  0.0311  0.0276  0.0900  0.0664  0.0417  0.0272  0.0882  0.0711  0.0306   0.0904   0.0801   0.0861   0.0617   0.0244   0.0598   0.0645   0.1077   0.1103   0.0580   0.0258   0.0854   0.0909   0.0463   0.0335   0.0530   0.0266   0.0483   0.0449   1.0000   0.0936   0.0598   0.0920   0.0629   0.0771   0.0278   0.1026   0.0255   0.0665   0.0473   0.0150   0.0460   0.0117   0.0403   0.0911   0.0536   0.0552   0.0425   0.0521   0.0675   0.0555
SIM30L2  0.0860  0.0610  0.0500  0.0539  0.0370  0.0235  0.0898  0.0162  0.0482  0.0471   0.1231   0.0886   0.0354   0.0632   0.0737   0.0672   0.0326   0.0579   0.0509   0.0511   0.0371   0.0465   0.0267   0.0344   0.0366   0.0313   0.0478   0.0546   0.0267   0.0936   1.0000   0.1058   0.0230   0.0840   0.0478   0.0558   0.0317   0.1010   0.0649   0.0483   0.0196   0.0635   0.1183   0.0515   0.0458   0.0474   0.0580   0.0502   0.1187   0.1093   0.1126
SIM31L2  0.0813  0.0868  0.0512  0.0348  0.0653  0.0508  0.0617  0.0628  0.0868  0.0069   0.1074   0.0743   0.0555   0.0306   0.0986   0.0230   0.0447   0.0741   0.0441   0.0812   0.0591   0.0765   0.0639   0.0517   0.0317   0.0689   0.0479   0.0614   0.0378   0.0598   0.1058   1.0000   0.0887   0.0485   0.0144   0.0442   0.0597   0.0809   0.0293   0.0891   0.0500   0.0336   0.1078   0.0774   0.0490   0.0543   0.0565   0.0563   0.0837   0.1052   0.0750
SIM32L2  0.0929 -0.0017  0.0829  0.0223  0.0947  0.0224  0.0651  0.0601  0.0656  0.0749   0.0471   0.0759   0.0179   0.0286   0.0742   0.0405   0.0181   0.0686   0.0538   0.0372   0.0512   0.0845   0.0232   0.0295   0.0612   0.0326   0.0188   0.0422   0.0363   0.0920   0.0230   0.0887   1.0000   0.0583   0.0247   0.0955   0.0901   0.0132   0.0679   0.0548   0.0551   0.0429   0.0604   0.0353   0.0521   0.0516   0.0206   0.0742   0.0790   0.0658   0.0552
SIM33L2  0.0969  0.0477  0.0682  0.0189  0.0881  0.0775  0.0544  0.0568  0.0640  0.0923   0.0679   0.0476   0.0510   0.0735   0.0162   0.0746   0.0403   0.0859   0.0643   0.0446   0.0293   0.0557   0.0752   0.0449   0.0710   0.0277   0.0536   0.0365   0.0057   0.0629   0.0840   0.0485   0.0583   1.0000   0.0681   0.0712   0.0451   0.0743   0.0597   0.0637   0.0413   0.0996   0.0658   0.0358   0.0346   0.1601   0.0478   0.0749   0.0697   0.0735   0.1334
SIM34L2  0.0803  0.0363  0.1401  0.0226  0.0518  0.0546  0.0170  0.0240  0.0705  0.1178   0.0179   0.0346   0.2071   0.0915   0.0434   0.0361   0.0539   0.0385   0.1250   0.0356   0.0410   0.0251   0.1609   0.0595   0.0551   0.0977   0.0783   0.0662   0.0331   0.0771   0.0478   0.0144   0.0247   0.0681   1.0000   0.0714   0.0631   0.1317   0.0627   0.0525   0.0546   0.0599   0.1490   0.1288   0.0256   0.1232   0.0966   0.0318   0.0498   0.0696   0.0300
SIM35L2  0.1059  0.0466  0.0437  0.0358  0.0777  0.1056  0.1080  0.0553  0.0529  0.0483   0.0793   0.0842   0.0079   0.0651   0.0472   0.0326   0.0582   0.0519   0.0262   0.0525   0.0970   0.0068   0.1007   0.0279   0.0859   0.0732   0.0546   0.0211   0.1271   0.0278   0.0558   0.0442   0.0955   0.0712   0.0714   1.0000   0.0858   0.0254   0.0371   0.0701   0.0552   0.0572   0.0611   0.0462   0.0421   0.0704   0.0156   0.0331   0.0973   0.1254   0.0439
SIM36L2  0.0661  0.0653  0.0876  0.0623  0.1094  0.0613  0.0689  0.0183  0.0876  0.1123   0.1281   0.0733   0.0577   0.0086   0.0107   0.0709   0.0276   0.0250   0.0899   0.1067   0.0488   0.0519   0.0274   0.0540   0.0601   0.0459   0.0291   0.0684   0.0347   0.1026   0.0317   0.0597   0.0901   0.0451   0.0631   0.0858   1.0000   0.0408   0.0635   0.0736   0.0741   0.0245   0.0543   0.0584   0.0775   0.0435   0.0657   0.0618   0.0600   0.0717   0.0160
SIM37L2  0.1134  0.0588  0.1438  0.0911  0.0886  0.1331  0.0955  0.0560  0.0996  0.0764   0.0799   0.0609   0.0758   0.0397   0.1077   0.0360   0.0672   0.0121   0.0903   0.0626   0.0409   0.0356   0.1649   0.1007   0.0201   0.0684   0.0028   0.0509   0.1250   0.0255   0.1010   0.0809   0.0132   0.0743   0.1317   0.0254   0.0408   1.0000   0.0407   0.0365   0.1140   0.1629   0.1503   0.1475   0.0037   0.1489   0.1028   0.1156   0.1220   0.1546   0.0912
SIM38L2  0.0942  0.0091  0.0801  0.1158  0.0548  0.0575  0.0604  0.0889  0.0675  0.0856   0.0969   0.0497   0.0565   0.0366   0.0409   0.0725   0.0495   0.0293   0.0743   0.0612   0.0312   0.0979   0.0367   0.0658   0.0268   0.0497   0.0443   0.0234   0.0548   0.0665   0.0649   0.0293   0.0679   0.0597   0.0627   0.0371   0.0635   0.0407   1.0000   0.0355   0.0740   0.0907   0.0496   0.0189   0.0550   0.0932   0.0180   0.0390   0.0578   0.0689   0.0558
SIM39L2  0.1018  0.0258  0.0477  0.0377  0.0462  0.0695  0.0419  0.1229  0.1004  0.0335   0.0611   0.0680   0.0858   0.0491   0.0630   0.0343   0.0047   0.0538   0.0520   0.0438   0.0664   0.0525   0.0415   0.0735   0.0416   0.1184   0.0445   0.0672   0.0537   0.0473   0.0483   0.0891   0.0548   0.0637   0.0525   0.0701   0.0736   0.0365   0.0355   1.0000   0.0807   0.0761   0.0509   0.0479   0.0685   0.0388   0.0472   0.0577   0.0449   0.0235   0.0657
SIM40L2  0.0804  0.0748  0.0919  0.0398  0.1502  0.0771  0.1167  0.0636  0.0492  0.0438   0.0467   0.0533   0.0591   0.0192   0.0984   0.0598   0.0842   0.0273   0.0936   0.0383   0.0977   0.0487   0.1040   0.0400   0.0553   0.0407   0.0030  -0.0042   0.1545   0.0150   0.0196   0.0500   0.0551   0.0413   0.0546   0.0552   0.0741   0.1140   0.0740   0.0807   1.0000   0.1747   0.0199  -0.0055   0.0404   0.0094   0.0253   0.0627   0.0777   0.0144   0.0433
SIM41L2  0.1083  0.0372  0.0891  0.0872  0.0728  0.1169  0.0691  0.0757  0.0617  0.0622   0.1355   0.0349   0.0400   0.1182   0.0809   0.0784   0.0599   0.0584   0.0550   0.0376   0.0670   0.0881   0.1074   0.0131   0.0329   0.0562   0.0739   0.0272   0.1257   0.0460   0.0635   0.0336   0.0429   0.0996   0.0599   0.0572   0.0245   0.1629   0.0907   0.0761   0.1747   1.0000   0.0364   0.0153   0.0667   0.0876   0.0653   0.0492   0.0540   0.0750   0.0979
SIM42L2  0.1053  0.0916  0.0784  0.0116  0.0768  0.0390  0.0837  0.1056  0.0543  0.1326   0.1228   0.1079   0.0796   0.0430   0.0867   0.0472   0.0294   0.0506   0.0295   0.0522   0.0366   0.0636   0.0829   0.0255   0.0581   0.1101   0.0262   0.0240   0.0276   0.0117   0.1183   0.1078   0.0604   0.0658   0.1490   0.0611   0.0543   0.1503   0.0496   0.0509   0.0199   0.0364   1.0000   0.1569   0.0344   0.1164   0.0392   0.0626   0.0343   0.0959   0.0744
SIM43L2  0.0901  0.1502  0.0642  0.0644  0.0533  0.0660  0.0660  0.0645  0.0534  0.1862   0.0574   0.0466   0.0865   0.0411   0.1231   0.0352   0.0435   0.0539   0.0442   0.0278   0.0685   0.0569   0.0829   0.1050   0.0535   0.1237   0.0452   0.0398  -0.0055   0.0403   0.0515   0.0774   0.0353   0.0358   0.1288   0.0462   0.0584   0.1475   0.0189   0.0479  -0.0055   0.0153   0.1569   1.0000   0.0403   0.1602   0.0746   0.1062   0.0869   0.1913   0.0163
SIM44L2  0.1081  0.0138  0.0124  0.0941  0.0589  0.0494  0.0464  0.0912  0.0335  0.0355   0.0936   0.0317   0.0442   0.0744   0.0185   0.0473   0.0808   0.0855   0.0516   0.0560   0.0424   0.0936   0.0288   0.0621   0.0522   0.0143   0.0950  -0.0004   0.0237   0.0911   0.0458   0.0490   0.0521   0.0346   0.0256   0.0421   0.0775   0.0037   0.0550   0.0685   0.0404   0.0667   0.0344   0.0403   1.0000   0.0747   0.0480   0.0454   0.0481   0.0774   0.0548
SIM45L2  0.1203  0.0463  0.1184  0.0883  0.0937  0.0864  0.0548  0.0953  0.0510  0.1398   0.0849   0.0737   0.0712   0.0443   0.0548   0.0413   0.0589   0.0772   0.1004   0.1123   0.0477   0.1118   0.1014   0.0715   0.0473   0.0964   0.1145   0.0230   0.0106   0.0536   0.0474   0.0543   0.0516   0.1601   0.1232   0.0704   0.0435   0.1489   0.0932   0.0388   0.0094   0.0876   0.1164   0.1602   0.0747   1.0000   0.0576   0.1092   0.0750   0.0991   0.0806
SIM46L2  0.0722  0.0462  0.0375  0.0474  0.0606  0.0525  0.0745  0.0410  0.0801  0.0544   0.0621   0.0435   0.0852   0.0370   0.0239   0.0334   0.0344   0.0306   0.0432   0.0777   0.0373   0.0800   0.0531   0.1133   0.0545   0.0290   0.0173   0.0532   0.0594   0.0552   0.0580   0.0565   0.0206   0.0478   0.0966   0.0156   0.0657   0.1028   0.0180   0.0472   0.0253   0.0653   0.0392   0.0746   0.0480   0.0576   1.0000   0.0122   0.0904   0.0796   0.0483
SIM47L2  0.0846  0.0654  0.0861  0.0282  0.1052  0.1127  0.0911  0.0592  0.0362  0.0321   0.0564   0.0634   0.0497   0.0618   0.0198   0.0445   0.0540   0.0711   0.0881   0.0310   0.0485   0.0715   0.0352   0.0511   0.0675   0.0442   0.0894   0.0446   0.0330   0.0425   0.0502   0.0563   0.0742   0.0749   0.0318   0.0331   0.0618   0.1156   0.0390   0.0577   0.0627   0.0492   0.0626   0.1062   0.0454   0.1092   0.0122   1.0000   0.0664   0.0716   0.0548
SIM48L2  0.0977  0.0525  0.0724  0.0522  0.0731  0.0861  0.0845  0.0436  0.0858  0.0369   0.0660   0.0527   0.0402   0.0669   0.0784   0.0713   0.0737   0.0352   0.0316   0.0930   0.0619   0.0555   0.0630   0.0915   0.0917   0.0739   0.0901   0.0274   0.0644   0.0521   0.1187   0.0837   0.0790   0.0697   0.0498   0.0973   0.0600   0.1220   0.0578   0.0449   0.0777   0.0540   0.0343   0.0869   0.0481   0.0750   0.0904   0.0664   1.0000   0.0809   0.0679
SIM49L2  0.0719  0.0795  0.0778  0.1233  0.0778  0.0964  0.0982  0.0933  0.0792  0.1020   0.1305   0.0600   0.0625   0.0351   0.1333   0.0321   0.0651   0.0752   0.0703   0.0701   0.0325   0.0675   0.0823   0.1071   0.0384   0.0420   0.0522   0.0803   0.0657   0.0675   0.1093   0.1052   0.0658   0.0735   0.0696   0.1254   0.0717   0.1546   0.0689   0.0235   0.0144   0.0750   0.0959   0.1913   0.0774   0.0991   0.0796   0.0716   0.0809   1.0000   0.0533
SIM50L2  0.0887  0.0064  0.0446  0.0341  0.0245  0.0644  0.0761  0.0573  0.0236  0.0413   0.0560   0.0421   0.0494   0.0874   0.0355   0.0300   0.0397   0.0903   0.0484   0.0540   0.0459   0.0434   0.0789   0.0445   0.0673   0.0452   0.0708   0.0531   0.0715   0.0555   0.1126   0.0750   0.0552   0.1334   0.0300   0.0439   0.0160   0.0912   0.0558   0.0657   0.0433   0.0979   0.0744   0.0163   0.0548   0.0806   0.0483   0.0548   0.0679   0.0533   1.0000

LD Score Matrix Condition Number
3.2325

Annotation Correlation Matrix
         SIM1    SIM2    SIM3    SIM4    SIM5    SIM6    SIM7    SIM8    SIM9   SIM10   SIM11   SIM12   SIM13   SIM14   SIM15   SIM16   SIM17   SIM18   SIM19   SIM20   SIM21   SIM22   SIM23   SIM24   SIM25   SIM26   SIM27   SIM28   SIM29   SIM30   SIM31   SIM32   SIM33   SIM34   SIM35   SIM36   SIM37   SIM38   SIM39   SIM40   SIM41   SIM42   SIM43   SIM44   SIM45   SIM46   SIM47   SIM48   SIM49   SIM50
SIM1   1.0000  0.0032 -0.0004  0.0062  0.0029  0.0065  0.0029  0.0029  0.0029  0.0029  0.0031  0.0099  0.0131  0.0032  0.0065  0.0031  0.0138  0.0066  0.0030  0.0127  0.0063 -0.0004  0.0067  0.0064  0.0030  0.0100  0.0104  0.0164  0.0096  0.0168  0.0167  0.0064  0.0028  0.0066  0.0099 -0.0004 -0.0004  0.0030  0.0065  0.0173  0.0096  0.0033  0.0130  0.0030 -0.0004  0.0031  0.0029  0.0063  0.0065  0.0031
SIM2   0.0032  1.0000  0.0101  0.0063  0.0030  0.0067  0.0030  0.0097 -0.0004  0.0200  0.0102  0.0031  0.0065  0.0069 -0.0004  0.0068  0.0032  0.0068  0.0031  0.0097  0.0030  0.0066  0.0069  0.0100  0.0066  0.0102  0.0106  0.0065  0.0099 -0.0004  0.0031  0.0031  0.0029  0.0032  0.0102 -0.0004 -0.0004  0.0136  0.0031  0.0105  0.0030  0.0072  0.0065  0.0065  0.0028  0.0068  0.0099  0.0064  0.0067  0.0068
SIM3  -0.0004  0.0101  1.0000  0.0188 -0.0004  0.0063  0.0191 -0.0004  0.0028 -0.0004  0.0063  0.0063  0.0029  0.0030  0.0029  0.0030  0.0065  0.0030  0.0128  0.0091  0.0192 -0.0004  0.0099  0.0029  0.0096  0.0063  0.0135  0.0061  0.0061  0.0029  0.0062 -0.0004  0.0059  0.0030  0.0063  0.0129  0.0029  0.0063  0.0029  0.0030  0.0093  0.0104  0.0028  0.0061  0.0057 -0.0004  0.0061  0.0061  0.0130  0.0099
SIM4   0.0062  0.0063  0.0188  1.0000  0.0058  0.0125  0.0027  0.0026  0.0058 -0.0004  0.0060  0.0189  0.0091  0.0095  0.0060  0.0094  0.0162  0.0094  0.0059  0.0118 -0.0004 -0.0004  0.0029  0.0027  0.0028 -0.0004  0.0096  0.0090  0.0027 -0.0004  0.0219  0.0059  0.0148  0.0322  0.0060  0.0028  0.0060  0.0124  0.0060  0.0128  0.0027  0.0065  0.0058  0.0059  0.0084  0.0127  0.0090  0.0058  0.0028  0.0062
SIM5   0.0029  0.0030 -0.0004  0.0058  1.0000  0.0094  0.0028  0.0089  0.0123  0.0027  0.0029  0.0094  0.0028 -0.0004  0.0094  0.0029  0.0030  0.0029  0.0093  0.0089  0.0092  0.0061  0.0097  0.0028  0.0094  0.0127  0.0030  0.0028 -0.0004 -0.0004  0.0028  0.0028  0.0027  0.0128  0.0061  0.0028  0.0126 -0.0004  0.0061  0.0097  0.0154  0.0101  0.0091  0.0028  0.0115  0.0029  0.0059  0.0091  0.0029  0.0097
SIM6   0.0065  0.0067  0.0063  0.0125  0.0094  1.0000 -0.0004  0.0028  0.0127  0.0159 -0.0004  0.0030  0.0095  0.0135  0.0063  0.0065  0.0065  0.0064  0.0096  0.0060  0.0095  0.0063  0.0100  0.0029  0.0030 -0.0004  0.0136  0.0061  0.0029  0.0029  0.0063  0.0095  0.0028  0.0064  0.0063 -0.0004  0.0130  0.0164  0.0063  0.0031  0.0028  0.0104  0.0127 -0.0004  0.0088  0.0030  0.0094  0.0126  0.0063  0.0031
SIM7   0.0029  0.0030  0.0191  0.0027  0.0028 -0.0004  1.0000  0.0058  0.0028  0.0027  0.0029  0.0061  0.0060  0.0063  0.0126  0.0163  0.0063  0.0029  0.0093  0.0058  0.0028  0.0191  0.0030  0.0093  0.0094  0.0127  0.0098  0.0059  0.0059  0.0126  0.0061  0.0092  0.0027  0.0029  0.0094  0.0094 -0.0004  0.0126  0.0191  0.0063  0.0154  0.0136  0.0155  0.0060  0.0085  0.0062  0.0123  0.0059  0.0061  0.0029
SIM8   0.0029  0.0097 -0.0004  0.0026  0.0089  0.0028  0.0058  1.0000  0.0183  0.0027  0.0060 -0.0004  0.0027  0.0095  0.0028  0.0029  0.0128  0.0126  0.0059  0.0026  0.0090  0.0060  0.0029  0.0059  0.0124 -0.0004 -0.0004  0.0152  0.0058  0.0060  0.0186 -0.0004  0.0026  0.0028  0.0060  0.0028  0.0028  0.0060  0.0028  0.0062  0.0120  0.0099  0.0152  0.0090  0.0025  0.0159  0.0058  0.0089  0.0028  0.0095
SIM9   0.0029 -0.0004  0.0028  0.0058  0.0123  0.0127  0.0028  0.0183  1.0000  0.0091  0.0127  0.0094  0.0060  0.0063  0.0094 -0.0004  0.0063  0.0062  0.0061  0.0120  0.0028  0.0061  0.0164  0.0028  0.0061  0.0061  0.0064  0.0155  0.0091  0.0159  0.0125  0.0124  0.0120  0.0095  0.0127  0.0126  0.0061  0.0094  0.0028 -0.0004  0.0059  0.0066  0.0028  0.0124  0.0055  0.0029  0.0028  0.0059  0.0094  0.0029
SIM10  0.0029  0.0200 -0.0004 -0.0004  0.0027  0.0159  0.0027  0.0027  0.0091  1.0000  0.0094  0.0061  0.0092  0.0029  0.0158  0.0095 -0.0004  0.0095  0.0092  0.0027  0.0027  0.0028  0.0063  0.0028  0.0028 -0.0004  0.0063  0.0154  0.0090 -0.0004  0.0028  0.0092  0.0057  0.0127  0.0126  0.0093  0.0061  0.0061  0.0028  0.0029  0.0248  0.0031  0.0059  0.0028  0.0144  0.0062  0.0122  0.0153  0.0093  0.0029
SIM11  0.0031  0.0102  0.0063  0.0060  0.0029 -0.0004  0.0029  0.0060  0.0127  0.0094  1.0000  0.0063  0.0128  0.0031  0.0063  0.0099  0.0065  0.0064  0.0029  0.0092  0.0029 -0.0004  0.0065  0.0062  0.0231  0.0030  0.0066  0.0061 -0.0004  0.0097  0.0096  0.0095  0.0123 -0.0004  0.0030 -0.0004  0.0097  0.0029  0.0029  0.0031  0.0028  0.0104  0.0127  0.0161  0.0057  0.0099  0.0061  0.0061  0.0030  0.0169
SIM12  0.0099  0.0031  0.0063  0.0189  0.0094  0.0030  0.0061 -0.0004  0.0094  0.0061  0.0063  1.0000  0.0095  0.0030  0.0197  0.0064  0.0100  0.0030  0.0095  0.0060  0.0094  0.0029  0.0065  0.0029  0.0029  0.0030  0.0066  0.0094  0.0093  0.0063  0.0062 -0.0004  0.0091  0.0064 -0.0004  0.0063  0.0063  0.0096  0.0130  0.0134  0.0061  0.0104  0.0028  0.0029  0.0088  0.0166  0.0061  0.0061 -0.0004  0.0202
SIM13  0.0131  0.0065  0.0029  0.0091  0.0028  0.0095  0.0060  0.0027  0.0060  0.0092  0.0128  0.0095  1.0000  0.0098  0.0029  0.0063  0.0030 -0.0004  0.0061  0.0059  0.0060  0.0160  0.0200  0.0094  0.0029  0.0095  0.0030  0.0060  0.0092  0.0029  0.0061  0.0061  0.0089  0.0029  0.0128  0.0029  0.0029  0.0062  0.0193  0.0030  0.0188  0.0031  0.0028  0.0061  0.0026  0.0063  0.0157  0.0092  0.0128  0.0030
SIM14  0.0032  0.0069  0.0030  0.0095 -0.0004  0.0135  0.0063  0.0095  0.0063  0.0029  0.0031  0.0030  0.0098  1.0000  0.0065  0.0137  0.0032  0.0101  0.0098  0.0062  0.0097  0.0030  0.0032  0.0200  0.0030  0.0100  0.0068 -0.0004  0.0029  0.0065  0.0064  0.0234  0.0094  0.0101  0.0100  0.0030  0.0030 -0.0004  0.0065  0.0032  0.0197  0.0033  0.0130 -0.0004  0.0154  0.0031  0.0097  0.0096  0.0100  0.0173
SIM15  0.0065 -0.0004  0.0029  0.0060  0.0094  0.0063  0.0126  0.0028  0.0094  0.0158  0.0063  0.0197  0.0029  0.0065  1.0000  0.0064 -0.0004  0.0064 -0.0004  0.0092 -0.0004  0.0029  0.0100  0.0029  0.0063  0.0030  0.0066  0.0028  0.0093  0.0096  0.0062  0.0095  0.0027  0.0064  0.0063  0.0063  0.0130  0.0096  0.0130  0.0099  0.0061  0.0068  0.0094  0.0062  0.0149  0.0064  0.0159 -0.0004  0.0097  0.0030
SIM16  0.0031  0.0068  0.0030  0.0094  0.0029  0.0065  0.0163  0.0029 -0.0004  0.0095  0.0099  0.0064  0.0063  0.0137  0.0064  1.0000  0.0067  0.0100  0.0098  0.0126  0.0029  0.0167 -0.0004  0.0097  0.0201  0.0030 -0.0004  0.0063  0.0129  0.0064  0.0030  0.0063  0.0126  0.0169  0.0065  0.0030  0.0064  0.0098 -0.0004  0.0067  0.0062  0.0143  0.0129  0.0030  0.0059 -0.0004  0.0163  0.0162  0.0168  0.0066
SIM17  0.0138  0.0032  0.0065  0.0162  0.0030  0.0065  0.0063  0.0128  0.0063 -0.0004  0.0065  0.0100  0.0030  0.0032 -0.0004  0.0067  1.0000  0.0172  0.0099  0.0095  0.0030  0.0030  0.0139  0.0064  0.0065  0.0065  0.0032 -0.0004  0.0063  0.0065  0.0030  0.0064  0.0061 -0.0004  0.0100  0.0134 -0.0004  0.0030  0.0065  0.0032  0.0130  0.0070  0.0063  0.0098 -0.0004  0.0137 -0.0004  0.0063  0.0031  0.0103
SIM18  0.0066  0.0068  0.0030  0.0094  0.0029  0.0064  0.0029  0.0126  0.0062  0.0095  0.0064  0.0030 -0.0004  0.0101  0.0064  0.0100  0.0172  1.0000 -0.0004  0.0158  0.0029  0.0132  0.0137  0.0130  0.0132  0.0099  0.0032  0.0029  0.0029  0.0132  0.0097  0.0063  0.0060  0.0065  0.0098  0.0132  0.0064  0.0064  0.0064  0.0101  0.0029 -0.0004  0.0095 -0.0004  0.0089  0.0065  0.0029  0.0095 -0.0004  0.0031
SIM19  0.0030  0.0031  0.0128  0.0059  0.0093  0.0096  0.0093  0.0059  0.0061  0.0092  0.0029  0.0095  0.0061  0.0098 -0.0004  0.0098  0.0099 -0.0004  1.0000  0.0027  0.0061  0.0062  0.0030  0.0029  0.0062  0.0096 -0.0004  0.0125  0.0060  0.0095  0.0062 -0.0004  0.0090  0.0063  0.0096  0.0095  0.0062  0.0029  0.0128  0.0030  0.0125  0.0138  0.0028  0.0191  0.0117  0.0030  0.0125  0.0028  0.0162  0.0098
SIM20  0.0127  0.0097  0.0091  0.0118  0.0089  0.0060  0.0058  0.0026  0.0120  0.0027  0.0092  0.0060  0.0059  0.0062  0.0092  0.0126  0.0095  0.0158  0.0027  1.0000  0.0027  0.0091  0.0194  0.0027  0.0060  0.0092  0.0262  0.0120  0.0089  0.0059  0.0091  0.0184 -0.0005  0.0125  0.0092  0.0059  0.0028  0.0028  0.0123  0.0127  0.0120  0.0030  0.0120  0.0121  0.0142  0.0028  0.0058  0.0089 -0.0004  0.0061
SIM21  0.0063  0.0030  0.0192 -0.0004  0.0092  0.0095  0.0028  0.0090  0.0028  0.0027  0.0029  0.0094  0.0060  0.0097 -0.0004  0.0029  0.0030  0.0029  0.0061  0.0027  1.0000  0.0094  0.0030  0.0093  0.0029  0.0029  0.0030  0.0092  0.0155  0.0029  0.0028  0.0060 -0.0004  0.0129  0.0061  0.0061  0.0127  0.0094  0.0094  0.0097  0.0123  0.0066  0.0092  0.0092  0.0056  0.0029  0.0028  0.0091  0.0062  0.0164
SIM22 -0.0004  0.0066 -0.0004 -0.0004  0.0061  0.0063  0.0191  0.0060  0.0061  0.0028 -0.0004  0.0029  0.0160  0.0030  0.0029  0.0167  0.0030  0.0132  0.0062  0.0091  0.0094  1.0000  0.0099  0.0128  0.0096  0.0130 -0.0004  0.0126 -0.0004  0.0029  0.0128  0.0029 -0.0004  0.0064  0.0197  0.0129  0.0130 -0.0004  0.0063  0.0065  0.0093  0.0032  0.0028 -0.0004  0.0026  0.0030  0.0028  0.0093  0.0029  0.0065
SIM23  0.0067  0.0069  0.0099  0.0029  0.0097  0.0100  0.0030  0.0029  0.0164  0.0063  0.0065  0.0065  0.0200  0.0032  0.0100 -0.0004  0.0139  0.0137  0.0030  0.0194  0.0030  0.0099  1.0000  0.0132  0.0031  0.0031  0.0032  0.0030  0.0164  0.0030  0.0030  0.0064 -0.0004  0.0031 -0.0004  0.0099  0.0100  0.0134  0.0065 -0.0004  0.0029  0.0033  0.0030  0.0098  0.0059  0.0101  0.0097  0.0063 -0.0004  0.0067
SIM24  0.0064  0.0100  0.0029  0.0027  0.0028  0.0029  0.0093  0.0059  0.0028  0.0028  0.0062  0.0029  0.0094  0.0200  0.0029  0.0097  0.0064  0.0130  0.0029  0.0027  0.0093  0.0128  0.0132  1.0000  0.0128  0.0029  0.0099 -0.0004  0.0060  0.0095  0.0094  0.0061  0.0058  0.0096  0.0062  0.0128  0.0062  0.0095  0.0062  0.0098  0.0156  0.0032  0.0189  0.0126  0.0056  0.0097  0.0093  0.0188  0.0062  0.0098
SIM25  0.0030  0.0066  0.0096  0.0028  0.0094  0.0030  0.0094  0.0124  0.0061  0.0028  0.0231  0.0029  0.0029  0.0030  0.0063  0.0201  0.0065  0.0132  0.0062  0.0060  0.0029  0.0096  0.0031  0.0128  1.0000  0.0130  0.0031  0.0061  0.0061  0.0096  0.0095  0.0029 -0.0004  0.0030  0.0096  0.0063  0.0096  0.0096  0.0029  0.0099  0.0028  0.0104  0.0094  0.0062  0.0088  0.0064 -0.0004  0.0093  0.0029  0.0134
