*********************************************************************
* LD Score Regression (LDSC)
* Version 1.0.1
* (C) 2014-2019 Brendan Bulik-Sullivan and Hilary Finucane
* Broad Institute of MIT and Harvard / MIT Department of Mathematics
* GNU General Public License v3
*********************************************************************
Call: 
./ldsc.py \
--out /data/sbcs/GuoLab/backup/liq17/CRC_TF_TWAS_zhishan2024/NC_revision_OceanCode/v2_NC_revision//84Tracks//ldscores_sim5000//5 \
--bfile /data/sbcs/GuoLab/backup/liq17/ref/Alkesgroup/1000G_EUR_Phase3_plink_hg38/1000G.EUR.QC.5 \
--annot /data/sbcs/GuoLab/backup/liq17/CRC_TF_TWAS_zhishan2024/NC_revision_OceanCode/v2_NC_revision//84Tracks//annots_sim5000//5.annot.txt \
--l2  \
--ld-wind-kb 100.0 

Beginning analysis at Sun Oct 26 22:28:56 2025
Read list of 632996 SNPs from /data/sbcs/GuoLab/backup/liq17/ref/Alkesgroup/1000G_EUR_Phase3_plink_hg38/1000G.EUR.QC.5.bim
Read 50 annotations for 632996 SNPs from /data/sbcs/GuoLab/backup/liq17/CRC_TF_TWAS_zhishan2024/NC_revision_OceanCode/v2_NC_revision//84Tracks//annots_sim5000//5.annot.txt
Read list of 489 individuals from /data/sbcs/GuoLab/backup/liq17/ref/Alkesgroup/1000G_EUR_Phase3_plink_hg38/1000G.EUR.QC.5.fam
Reading genotypes from /data/sbcs/GuoLab/backup/liq17/ref/Alkesgroup/1000G_EUR_Phase3_plink_hg38/1000G.EUR.QC.5.bed
Estimating LD Score.
Writing LD Scores for 632996 SNPs to /data/sbcs/GuoLab/backup/liq17/CRC_TF_TWAS_zhishan2024/NC_revision_OceanCode/v2_NC_revision//84Tracks//ldscores_sim5000//5.l2.ldscore.gz

Summary of LD Scores in /data/sbcs/GuoLab/backup/liq17/CRC_TF_TWAS_zhishan2024/NC_revision_OceanCode/v2_NC_revision//84Tracks//ldscores_sim5000//5.l2.ldscore.gz
         MAF  SIM1L2  SIM2L2  SIM3L2  SIM4L2  SIM5L2  SIM6L2  SIM7L2  SIM8L2  SIM9L2  SIM10L2  SIM11L2  SIM12L2  SIM13L2  SIM14L2  SIM15L2  SIM16L2  SIM17L2  SIM18L2  SIM19L2  SIM20L2  SIM21L2  SIM22L2  SIM23L2  SIM24L2  SIM25L2  SIM26L2  SIM27L2  SIM28L2  SIM29L2  SIM30L2  SIM31L2  SIM32L2  SIM33L2  SIM34L2  SIM35L2  SIM36L2  SIM37L2  SIM38L2  SIM39L2  SIM40L2  SIM41L2  SIM42L2  SIM43L2  SIM44L2  SIM45L2  SIM46L2  SIM47L2  SIM48L2  SIM49L2  SIM50L2
mean  0.1479  0.0255  0.0236  0.0282  0.0297  0.0251  0.0255  0.0270  0.0247  0.0297   0.0269   0.0247   0.0249   0.0293   0.0239   0.0277   0.0235   0.0221   0.0274   0.0245   0.0203   0.0256   0.0272   0.0247   0.0258   0.0239   0.0242   0.0265   0.0273   0.0271   0.0289   0.0257   0.0267   0.0289   0.0271   0.0297   0.0262   0.0240   0.0248   0.0283   0.0252   0.0277   0.0278   0.0248   0.0293   0.0259   0.0267   0.0265   0.0237   0.0279   0.0257
std   0.1489  0.1299  0.1194  0.1361  0.1342  0.1263  0.1279  0.1324  0.1275  0.1391   0.1295   0.1239   0.1263   0.1333   0.1217   0.1292   0.1202   0.1138   0.1367   0.1223   0.1057   0.1254   0.1339   0.1223   0.1284   0.1182   0.1196   0.1275   0.1369   0.1297   0.1440   0.1245   0.1363   0.1368   0.1318   0.1385   0.1341   0.1217   0.1225   0.1324   0.1203   0.1320   0.1284   0.1250   0.1379   0.1216   0.1353   0.1363   0.1260   0.1315   0.1278
min   0.0051 -0.0069 -0.0079 -0.0072 -0.0077 -0.0076 -0.0060 -0.0077 -0.0080 -0.0103  -0.0099  -0.0084  -0.0103  -0.0087  -0.0076  -0.0078  -0.0076  -0.0089  -0.0070  -0.0061  -0.0068  -0.0088  -0.0061  -0.0078  -0.0077  -0.0080  -0.0072  -0.0078  -0.0075  -0.0072  -0.0089  -0.0087  -0.0073  -0.0074  -0.0078  -0.0068  -0.0080  -0.0098  -0.0080  -0.0076  -0.0068  -0.0094  -0.0079  -0.0067  -0.0077  -0.0078  -0.0075  -0.0074  -0.0092  -0.0073  -0.0062
25%   0.0184  0.0000  0.0000  0.0000  0.0000  0.0000  0.0000  0.0000  0.0000  0.0000   0.0000   0.0000   0.0000   0.0000   0.0000   0.0000   0.0000   0.0000   0.0000   0.0000   0.0000   0.0000   0.0000   0.0000   0.0000   0.0000   0.0000   0.0000   0.0000   0.0000   0.0000   0.0000   0.0000   0.0000   0.0000   0.0000   0.0000   0.0000   0.0000   0.0000   0.0000   0.0000   0.0000   0.0000   0.0000   0.0000   0.0000   0.0000   0.0000   0.0000   0.0000
50%   0.0869  0.0000  0.0000  0.0000  0.0000  0.0000  0.0000  0.0000  0.0000  0.0000   0.0000   0.0000   0.0000   0.0000   0.0000   0.0000   0.0000   0.0000   0.0000   0.0000   0.0000   0.0000   0.0000   0.0000   0.0000   0.0000   0.0000   0.0000   0.0000   0.0000   0.0000   0.0000   0.0000   0.0000   0.0000   0.0000   0.0000   0.0000   0.0000   0.0000   0.0000   0.0000   0.0000   0.0000   0.0000   0.0000   0.0000   0.0000   0.0000   0.0000   0.0000
75%   0.2577  0.0000  0.0000  0.0000  0.0000  0.0000  0.0000  0.0000  0.0000  0.0000   0.0000   0.0000   0.0000   0.0000   0.0000   0.0000   0.0000   0.0000   0.0000   0.0000   0.0000   0.0000   0.0000   0.0000   0.0000   0.0000   0.0000   0.0000   0.0000   0.0000   0.0000   0.0000   0.0000   0.0000   0.0000   0.0000   0.0000   0.0000   0.0000   0.0000   0.0000   0.0000   0.0000   0.0000   0.0000   0.0000   0.0000   0.0000   0.0000   0.0000   0.0000
max   0.5000  1.9873  1.5570  2.2697  1.9963  2.2193  2.0787  2.0578  2.0144  2.3974   2.0133   1.9996   2.4093   1.9779   1.9505   1.5917   2.2640   2.0000   2.1105   1.9949   1.1067   1.8328   2.9277   1.9973   2.3592   1.6059   1.9873   2.0166   1.9952   2.0000   3.0641   1.9056   2.9704   1.9982   2.0154   2.1581   3.0000   1.9770   1.7468   1.9398   2.0000   2.0307   1.5038   2.0000   2.0000   1.6366   2.8161   2.7012   2.1992   2.0834   2.0464

MAF/LD Score Correlation Matrix
            MAF  SIM1L2  SIM2L2  SIM3L2  SIM4L2  SIM5L2  SIM6L2  SIM7L2  SIM8L2  SIM9L2  SIM10L2  SIM11L2  SIM12L2  SIM13L2  SIM14L2  SIM15L2  SIM16L2  SIM17L2  SIM18L2  SIM19L2  SIM20L2  SIM21L2  SIM22L2  SIM23L2  SIM24L2  SIM25L2  SIM26L2  SIM27L2  SIM28L2  SIM29L2  SIM30L2  SIM31L2  SIM32L2  SIM33L2  SIM34L2  SIM35L2  SIM36L2  SIM37L2  SIM38L2  SIM39L2  SIM40L2  SIM41L2  SIM42L2  SIM43L2  SIM44L2  SIM45L2  SIM46L2  SIM47L2  SIM48L2  SIM49L2  SIM50L2
MAF      1.0000  0.0959  0.1020  0.1026  0.0801  0.0818  0.0729  0.0797  0.0790  0.0959   0.0680   0.0825   0.0574   0.0782   0.0638   0.1019   0.0884   0.0825   0.0676   0.0725   0.0960   0.0859   0.0861   0.0951   0.0749   0.0600   0.0907   0.0908   0.0769   0.1021   0.0894   0.0816   0.0924   0.0871   0.0801   0.0956   0.0581   0.0984   0.0795   0.1165   0.0869   0.0927   0.1200   0.0847   0.0970   0.0892   0.0856   0.0990   0.0641   0.1172   0.0799
SIM1L2   0.0959  1.0000  0.0713  0.1346  0.0292  0.0683  0.0400  0.0779  0.0332  0.0898   0.0515   0.0599   0.1201   0.0547   0.0424   0.0215   0.0289   0.1131   0.0624   0.0355   0.0352   0.0532   0.0528   0.0805   0.1126   0.0408   0.1169   0.0538   0.1043   0.0562   0.1474   0.0404   0.1289   0.1068   0.0676   0.0627   0.0175   0.0563   0.0565   0.0673   0.0772   0.0776   0.0959   0.0715   0.1108   0.0236   0.0843   0.1052   0.1091   0.0247   0.1602
SIM2L2   0.1020  0.0713  1.0000  0.0797  0.1444  0.1321  0.0487  0.1099  0.0360  0.0935   0.0432   0.0205   0.0446   0.0961   0.0707   0.0056   0.0924   0.1263   0.1211   0.0564   0.1048   0.0848   0.0704   0.0576   0.0718   0.0773   0.0437   0.0469   0.1499   0.0673   0.1149   0.0613   0.1134   0.0936   0.0934   0.0962   0.0429   0.0275   0.1031   0.0526   0.0639   0.0570   0.0651   0.0511   0.0928   0.0741   0.0929   0.1650   0.0687   0.0082   0.0726
SIM3L2   0.1026  0.1346  0.0797  1.0000  0.0542  0.0527  0.1604  0.0372  0.0396  0.0595   0.0799   0.1173   0.0987   0.0487   0.0631   0.0624   0.1167   0.1046   0.0645   0.0574   0.0594   0.0962   0.1250   0.0675   0.0624   0.0457   0.0704   0.0283   0.0604   0.0671   0.1474   0.0379   0.1426   0.0909   0.1155   0.1040   0.1407   0.0369   0.0681   0.0294   0.0593   0.0795   0.0804   0.0688   0.0614   0.0406   0.0319   0.1426   0.1535   0.0530   0.1181
SIM4L2   0.0801  0.0292  0.1444  0.0542  1.0000  0.0272  0.0492  0.0175  0.0341  0.0960   0.0722   0.0708   0.1036   0.0889   0.0462   0.0767   0.0915   0.0637   0.0682   0.0627   0.0718   0.0697   0.0337   0.0490   0.0962   0.0641   0.0759   0.0202   0.0846   0.0453   0.0128   0.0984   0.0773   0.0674   0.0571   0.1171   0.0737   0.0686   0.0359   0.0625   0.0783   0.0746   0.0700   0.0088   0.0583   0.0641   0.0459   0.1076   0.0625   0.0364   0.0444
SIM5L2   0.0818  0.0683  0.1321  0.0527  0.0272  1.0000  0.0564  0.0399  0.0421  0.0699   0.0541   0.0467   0.0269   0.0413   0.0276   0.1386   0.0337   0.0867   0.0291   0.0571   0.0671   0.0526   0.0055   0.0321   0.0563   0.0481   0.0498   0.0935   0.0689   0.0689   0.0808   0.0081   0.0502   0.0403   0.0640   0.0355   0.0660   0.0439   0.0314   0.0663   0.0382   0.0620   0.0776   0.0816   0.0725   0.0255   0.0771   0.0592   0.0334   0.0726   0.0122
SIM6L2   0.0729  0.0400  0.0487  0.1604  0.0492  0.0564  1.0000  0.0611  0.0295  0.0754   0.0002   0.0579   0.0620   0.1114   0.0621   0.0400   0.1196   0.0534   0.0068   0.0877   0.0417   0.0220   0.1200   0.0223   0.0322   0.0533   0.0444   0.0481   0.0626   0.0237   0.0546   0.0373   0.0565   0.0950   0.1115   0.0547   0.1025   0.1050   0.0272   0.0779   0.0660   0.0343   0.0663   0.0514   0.0345   0.0599   0.0640   0.0596   0.1335   0.0385   0.1013
SIM7L2   0.0797  0.0779  0.1099  0.0372  0.0175  0.0399  0.0611  1.0000  0.0264  0.0618   0.0615   0.0649   0.0098   0.0755   0.0658   0.0591   0.0619   0.0163   0.1082   0.0252   0.0599   0.0462   0.1054   0.0327   0.1089   0.0855   0.0653   0.0985   0.0858   0.0140   0.0602   0.0591   0.0620   0.1007   0.0453   0.0152   0.0914   0.0658   0.0173   0.1207   0.0146   0.0574   0.0152   0.0095   0.0959   0.0755   0.0337   0.0910   0.0502   0.0507   0.0197
SIM8L2   0.0790  0.0332  0.0360  0.0396  0.0341  0.0421  0.0295  0.0264  1.0000  0.0383   0.0385   0.0582   0.0309   0.0616   0.0003   0.0237   0.0486   0.0188   0.0617   0.0273   0.0461   0.0565   0.0607   0.0591   0.0577   0.0399   0.0771   0.0675   0.0194   0.0710   0.0412   0.0461   0.0586   0.0799   0.0999   0.0378   0.0648   0.0247   0.0225   0.0334   0.0409   0.0558   0.0368   0.0321   0.0203   0.0510   0.0561   0.0444   0.0461   0.0715   0.0097
SIM9L2   0.0959  0.0898  0.0935  0.0595  0.0960  0.0699  0.0754  0.0618  0.0383  1.0000   0.1062   0.0654   0.0408   0.0409   0.0645   0.0769   0.0806   0.0714   0.0380   0.0301   0.0595   0.0557   0.1428   0.0402   0.1026   0.1019   0.0858   0.1044   0.1120   0.1795   0.0364   0.0382   0.0598   0.1474   0.1220   0.0874   0.0528   0.0649   0.0955   0.1246   0.0319   0.1237   0.1098   0.0897   0.0857   0.0868   0.1466   0.0510   0.0643   0.0963   0.0716
SIM10L2  0.0680  0.0515  0.0432  0.0799  0.0722  0.0541  0.0002  0.0615  0.0385  0.1062   1.0000   0.0802   0.0479   0.0406   0.0235   0.0880   0.0662   0.0666   0.0519   0.0250   0.0884   0.0191   0.1306   0.0697   0.0926   0.0718   0.0571   0.0313   0.0642   0.0503   0.0540   0.1059   0.0383   0.0692   0.0376   0.0465   0.0480   0.0654   0.0322   0.0939   0.0381   0.0379   0.0484   0.0543   0.0566   0.0690   0.0481   0.0735   0.0319   0.1094   0.0514
SIM11L2  0.0825  0.0599  0.0205  0.1173  0.0708  0.0467  0.0579  0.0649  0.0582  0.0654   0.0802   1.0000   0.0669   0.0422   0.0446   0.0948   0.0751   0.0485   0.0655   0.0183   0.0306   0.0496   0.0704   0.1021   0.0510   0.0315   0.0341   0.0195   0.0521   0.0531   0.0554   0.0454   0.0618   0.0260   0.0668   0.1005   0.1429   0.0420   0.0603   0.0991   0.0485   0.0393   0.0819   0.1223   0.0669   0.0083   0.0360   0.0083   0.0737   0.0347   0.0443
SIM12L2  0.0574  0.1201  0.0446  0.0987  0.1036  0.0269  0.0620  0.0098  0.0309  0.0408   0.0479   0.0669   1.0000   0.1033   0.1095   0.0786  -0.0029   0.0710   0.0692   0.0417   0.0238   0.0469   0.0508   0.0466   0.0788   0.0528   0.0501   0.0367   0.0371   0.0151   0.0993   0.0909   0.1039   0.0818   0.0893   0.0701   0.0075   0.0636   0.0518   0.0720   0.1184   0.0411   0.0666   0.0761   0.0541   0.0688   0.0409   0.0752   0.1102   0.0439   0.1188
SIM13L2  0.0782  0.0547  0.0961  0.0487  0.0889  0.0413  0.1114  0.0755  0.0616  0.0409   0.0406   0.0422   0.1033   1.0000   0.0746   0.0273   0.0514   0.0774   0.0479   0.0368   0.0166   0.0688   0.0804   0.0466   0.0878   0.0830   0.0363   0.0086   0.1137   0.0483   0.0478   0.0904   0.0565   0.1045   0.0564   0.0827   0.0398   0.0301   0.0643   0.0848   0.1235   0.0710   0.0694   0.0412   0.0793   0.1157   0.0466   0.1052   0.0799   0.0693   0.0710
SIM14L2  0.0638  0.0424  0.0707  0.0631  0.0462  0.0276  0.0621  0.0658  0.0003  0.0645   0.0235   0.0446   0.1095   0.0746   1.0000   0.0417   0.0403   0.0428  -0.0057   0.0590   0.0141   0.0495   0.0262   0.0665   0.0836   0.0217   0.0448   0.0413   0.0283   0.0434   0.0072   0.0317   0.0792   0.0610   0.0691   0.0512   0.0286   0.0415   0.0592   0.0759   0.0871   0.0203   0.0927   0.0108   0.0403   0.0192   0.0737   0.1584   0.0803   0.0879   0.0397
SIM15L2  0.1019  0.0215  0.0056  0.0624  0.0767  0.1386  0.0400  0.0591  0.0237  0.0769   0.0880   0.0948   0.0786   0.0273   0.0417   1.0000   0.0228   0.0495   0.0303   0.0261   0.0750   0.0424   0.0682   0.0495   0.0247   0.0163   0.0723   0.0433   0.0709   0.0425   0.0523   0.0268   0.0579   0.0271   0.0496   0.0153   0.1111   0.0878   0.0353   0.1081   0.0139   0.0009   0.0487   0.0374   0.0983   0.0489   0.0089   0.0286   0.0364   0.0557   0.0427
SIM16L2  0.0884  0.0289  0.0924  0.1167  0.0915  0.0337  0.1196  0.0619  0.0486  0.0806   0.0662   0.0751  -0.0029   0.0514   0.0403   0.0228   1.0000   0.0330   0.0274   0.0550   0.1104   0.0495   0.0915   0.0647   0.0314   0.0766   0.0174   0.0700   0.1037   0.0360   0.0407   0.0578   0.0536   0.0662   0.0848   0.0487   0.0384   0.0263   0.0600   0.0461   0.0327   0.0787   0.0380   0.0278   0.0969   0.0740   0.0583   0.1043   0.0865   0.0619   0.0577
SIM17L2  0.0825  0.1131  0.1263  0.1046  0.0637  0.0867  0.0534  0.0163  0.0188  0.0714   0.0666   0.0485   0.0710   0.0774   0.0428   0.0495   0.0330   1.0000   0.0465   0.0533   0.0697   0.0698   0.0761   0.0235   0.0471   0.0293   0.1315   0.0467   0.0708   0.0150   0.1242   0.0038   0.1807   0.0992   0.0910   0.0551   0.0554   0.0534   0.0556   0.0251   0.1107   0.0248   0.0233   0.0706   0.0300   0.0411   0.0440   0.0789   0.0718   0.0406   0.1325
SIM18L2  0.0676  0.0624  0.1211  0.0645  0.0682  0.0291  0.0068  0.1082  0.0617  0.0380   0.0519   0.0655   0.0692   0.0479  -0.0057   0.0303   0.0274   0.0465   1.0000   0.0234   0.0439   0.0572   0.0087   0.0634   0.0912   0.0457   0.0467   0.0824   0.0451   0.0588   0.0835   0.0330   0.0196   0.0638   0.0333   0.0858   0.0065   0.0056   0.0359   0.0672   0.0328   0.0847   0.0115   0.0704   0.0729   0.0135   0.0352   0.0308   0.0467   0.0345   0.0592
SIM19L2  0.0725  0.0355  0.0564  0.0574  0.0627  0.0571  0.0877  0.0252  0.0273  0.0301   0.0250   0.0183   0.0417   0.0368   0.0590   0.0261   0.0550   0.0533   0.0234   1.0000   0.0250   0.0063   0.0683   0.0198   0.0717   0.0478   0.0107   0.0222   0.0600   0.0513   0.0376   0.0428   0.0603   0.0580   0.1010   0.0175   0.0606   0.0594   0.0411   0.0733   0.0097   0.0476   0.0509   0.0600   0.0167   0.0258   0.0492   0.0961   0.0635   0.0473   0.0088
SIM20L2  0.0960  0.0352  0.1048  0.0594  0.0718  0.0671  0.0417  0.0599  0.0461  0.0595   0.0884   0.0306   0.0238   0.0166   0.0141   0.0750   0.1104   0.0697   0.0439   0.0250   1.0000   0.0279   0.1126   0.0390   0.0637   0.1039   0.0337   0.0798   0.1109   0.0705   0.0854   0.0699   0.0349   0.0825   0.0516   0.0586   0.0390   0.0913   0.0620   0.1006   0.0654   0.0160   0.0482   0.0454   0.0652   0.1169   0.0490   0.0570   0.0327   0.0291   0.0676
SIM21L2  0.0859  0.0532  0.0848  0.0962  0.0697  0.0526  0.0220  0.0462  0.0565  0.0557   0.0191   0.0496   0.0469   0.0688   0.0495   0.0424   0.0495   0.0698   0.0572   0.0063   0.0279   1.0000   0.0353   0.0741   0.0165   0.0307   0.0703   0.0781   0.0191   0.0636   0.1138   0.0321   0.0922   0.0864   0.0839   0.0449   0.0318   0.0508   0.0459   0.0339   0.0751   0.0804   0.0479   0.0530   0.0502   0.0675   0.0535   0.0262   0.0625   0.0583   0.0813
SIM22L2  0.0861  0.0528  0.0704  0.1250  0.0337  0.0055  0.1200  0.1054  0.0607  0.1428   0.1306   0.0704   0.0508   0.0804   0.0262   0.0682   0.0915   0.0761   0.0087   0.0683   0.1126   0.0353   1.0000   0.0071   0.0810   0.0966   0.1217   0.0655   0.0910   0.0851   0.1454   0.0679   0.1026   0.2096   0.0991   0.0322   0.0712   0.1160   0.0449   0.1335   0.0422   0.0253   0.0678   0.0537   0.0587   0.1048   0.0601   0.0927   0.1424   0.0497   0.0796
SIM23L2  0.0951  0.0805  0.0576  0.0675  0.0490  0.0321  0.0223  0.0327  0.0591  0.0402   0.0697   0.1021   0.0466   0.0466   0.0665   0.0495   0.0647   0.0235   0.0634   0.0198   0.0390   0.0741   0.0071   1.0000   0.0428   0.0369   0.0405   0.0058   0.0911   0.0512   0.0432   0.0666   0.0774   0.0501   0.0437   0.0854   0.0548   0.0537   0.0400   0.0319   0.0489   0.0714   0.0595   0.0590   0.0534   0.0745   0.1253   0.1173   0.0556   0.0475   0.0546
SIM24L2  0.0749  0.1126  0.0718  0.0624  0.0962  0.0563  0.0322  0.1089  0.0577  0.1026   0.0926   0.0510   0.0788   0.0878   0.0836   0.0247   0.0314   0.0471   0.0912   0.0717   0.0637   0.0165   0.0810   0.0428   1.0000   0.1237   0.0252   0.0772   0.0846   0.0844   0.0560   0.0574   0.0626   0.0695   0.1329   0.0156   0.0933   0.0493   0.0986   0.0823   0.0682   0.0417   0.0870   0.0529   0.0865   0.0413   0.0472   0.1436   0.0766   0.0536   0.0695
SIM25L2  0.0600  0.0408  0.0773  0.0457  0.0641  0.0481  0.0533  0.0855  0.0399  0.1019   0.0718   0.0315   0.0528   0.0830   0.0217   0.0163   0.0766   0.0293   0.0457   0.0478   0.1039   0.0307   0.0966   0.0369   0.1237   1.0000   0.0566   0.0254   0.1639   0.0688   0.0518   0.0734   0.0478   0.0823   0.0880   0.0116   0.0398   0.0762   0.0442   0.1190   0.0184   0.0589   0.0251   0.0563   0.0263   0.1046   0.0463   0.1177   0.0189   0.0642   0.0560
SIM26L2  0.0907  0.1169  0.0437  0.0704  0.0759  0.0498  0.0444  0.0653  0.0771  0.0858   0.0571   0.0341   0.0501   0.0363   0.0448   0.0723   0.0174   0.1315   0.0467   0.0107   0.0337   0.0703   0.1217   0.0405   0.0252   0.0566   1.0000   0.0951   0.0694   0.0507   0.1189   0.0458   0.1333   0.1118   0.0773   0.0657   0.0382   0.0376   0.0320   0.0508   0.0694   0.0381   0.0440   0.0015   0.0599   0.0261   0.0526   0.0416   0.0567   0.0458   0.1048
SIM27L2  0.0908  0.0538  0.0469  0.0283  0.0202  0.0935  0.0481  0.0985  0.0675  0.1044   0.0313   0.0195   0.0367   0.0086   0.0413   0.0433   0.0700   0.0467   0.0824   0.0222   0.0798   0.0781   0.0655   0.0058   0.0772   0.0254   0.0951   1.0000   0.0517   0.0613   0.1561   0.0283   0.0441   0.0674   0.0408   0.0995   0.0385   0.0795   0.0420   0.0736   0.0543   0.0775   0.0744   0.0435   0.1537   0.0502   0.0798   0.0625   0.0506   0.0673   0.0931
SIM28L2  0.0769  0.1043  0.1499  0.0604  0.0846  0.0689  0.0626  0.0858  0.0194  0.1120   0.0642   0.0521   0.0371   0.1137   0.0283   0.0709   0.1037   0.0708   0.0451   0.0600   0.1109   0.0191   0.0910   0.0911   0.0846   0.1639   0.0694   0.0517   1.0000   0.0585   0.0902   0.1444   0.0873   0.1029   0.0683   0.1062   0.0764   0.0198   0.0845   0.1510   0.0480   0.1117   0.0755   0.0898   0.0527   0.1490   0.0776   0.0815   0.0325   0.0403   0.0885
SIM29L2  0.1021  0.0562  0.0673  0.0671  0.0453  0.0689  0.0237  0.0140  0.0710  0.1795   0.0503   0.0531   0.0151   0.0483   0.0434   0.0425   0.0360   0.0150   0.0588   0.0513   0.0705   0.0636   0.0851   0.0512   0.0844   0.0688   0.0507   0.0613   0.0585   1.0000   0.0356   0.0183   0.0094   0.0627   0.0439   0.0492   0.0422   0.0581   0.0815   0.0541   0.0544   0.0791   0.1281   0.0983   0.0964   0.0269   0.0856   0.0635   0.0383   0.0678   0.0116
SIM30L2  0.0894  0.1474  0.1149  0.1474  0.0128  0.0808  0.0546  0.0602  0.0412  0.0364   0.0540   0.0554   0.0993   0.0478   0.0072   0.0523   0.0407   0.1242   0.0835   0.0376   0.0854   0.1138   0.1454   0.0432   0.0560   0.0518   0.1189   0.1561   0.0902   0.0356   1.0000   0.0644   0.2319   0.1265   0.1087   0.1146   0.0212   0.1171   0.0452   0.0885   0.1231   0.0693   0.1342   0.0804   0.1092   0.0373   0.0927   0.1045   0.1885   0.0394   0.1300
SIM31L2  0.0816  0.0404  0.0613  0.0379  0.0984  0.0081  0.0373  0.0591  0.0461  0.0382   0.1059   0.0454   0.0909   0.0904   0.0317   0.0268   0.0578   0.0038   0.0330   0.0428   0.0699   0.0321   0.0679   0.0666   0.0574   0.0734   0.0458   0.0283   0.1444   0.0183   0.0644   1.0000   0.0923   0.0307   0.0574   0.0598   0.0556   0.0390   0.0076   0.1134   0.0460   0.1036   0.0399   0.0422   0.0428   0.1138   0.1073   0.0470   0.0261   0.0138   0.0202
SIM32L2  0.0924  0.1289  0.1134  0.1426  0.0773  0.0502  0.0565  0.0620  0.0586  0.0598   0.0383   0.0618   0.1039   0.0565   0.0792   0.0579   0.0536   0.1807   0.0196   0.0603   0.0349   0.0922   0.1026   0.0774   0.0626   0.0478   0.1333   0.0441   0.0873   0.0094   0.2319   0.0923   1.0000   0.1456   0.0996   0.0510   0.0530   0.0543   0.0993   0.0962   0.1321   0.0499   0.0663   0.0855   0.0158   0.0800   0.1176   0.1439   0.1289   0.0590   0.1558
SIM33L2  0.0871  0.1068  0.0936  0.0909  0.0674  0.0403  0.0950  0.1007  0.0799  0.1474   0.0692   0.0260   0.0818   0.1045   0.0610   0.0271   0.0662   0.0992   0.0638   0.0580   0.0825   0.0864   0.2096   0.0501   0.0695   0.0823   0.1118   0.0674   0.1029   0.0627   0.1265   0.0307   0.1456   1.0000   0.0735   0.0869   0.0445   0.0608   0.0760   0.0830   0.1020   0.0859   0.0914   0.0276   0.0471   0.0861   0.1711   0.1057   0.1292   0.0421   0.1240
SIM34L2  0.0801  0.0676  0.0934  0.1155  0.0571  0.0640  0.1115  0.0453  0.0999  0.1220   0.0376   0.0668   0.0893   0.0564   0.0691   0.0496   0.0848   0.0910   0.0333   0.1010   0.0516   0.0839   0.0991   0.0437   0.1329   0.0880   0.0773   0.0408   0.0683   0.0439   0.1087   0.0574   0.0996   0.0735   1.0000   0.0504   0.0937   0.0540   0.1060   0.0534   0.0715   0.0427   0.0362   0.0217   0.0534   0.0418   0.0351   0.1205   0.0629   0.0152   0.1416
SIM35L2  0.0956  0.0627  0.0962  0.1040  0.1171  0.0355  0.0547  0.0152  0.0378  0.0874   0.0465   0.1005   0.0701   0.0827   0.0512   0.0153   0.0487   0.0551   0.0858   0.0175   0.0586   0.0449   0.0322   0.0854   0.0156   0.0116   0.0657   0.0995   0.1062   0.0492   0.1146   0.0598   0.0510   0.0869   0.0504   1.0000   0.0253   0.0684   0.0793   0.0793   0.0475   0.1100   0.1056   0.0657   0.0965   0.0603   0.1007   0.1111   0.0398   0.0779   0.0923
SIM36L2  0.0581  0.0175  0.0429  0.1407  0.0737  0.0660  0.1025  0.0914  0.0648  0.0528   0.0480   0.1429   0.0075   0.0398   0.0286   0.1111   0.0384   0.0554   0.0065   0.0606   0.0390   0.0318   0.0712   0.0548   0.0933   0.0398   0.0382   0.0385   0.0764   0.0422   0.0212   0.0556   0.0530   0.0445   0.0937   0.0253   1.0000   0.0350   0.0231   0.1144   0.0930   0.0315   0.0266   0.0559   0.0271   0.0421   0.0942   0.0685   0.1187   0.0764   0.0257
SIM37L2  0.0984  0.0563  0.0275  0.0369  0.0686  0.0439  0.1050  0.0658  0.0247  0.0649   0.0654   0.0420   0.0636   0.0301   0.0415   0.0878   0.0263   0.0534   0.0056   0.0594   0.0913   0.0508   0.1160   0.0537   0.0493   0.0762   0.0376   0.0795   0.0198   0.0581   0.1171   0.0390   0.0543   0.0608   0.0540   0.0684   0.0350   1.0000   0.0416   0.0995   0.0333   0.0466   0.1325   0.0170   0.0550   0.0539   0.0326   0.0349   0.0384   0.0381   0.0291
SIM38L2  0.0795  0.0565  0.1031  0.0681  0.0359  0.0314  0.0272  0.0173  0.0225  0.0955   0.0322   0.0603   0.0518   0.0643   0.0592   0.0353   0.0600   0.0556   0.0359   0.0411   0.0620   0.0459   0.0449   0.0400   0.0986   0.0442   0.0320   0.0420   0.0845   0.0815   0.0452   0.0076   0.0993   0.0760   0.1060   0.0793   0.0231   0.0416   1.0000   0.0568   0.0259   0.0448   0.0132   0.0537   0.0573   0.0431   0.0831   0.0960   0.0202   0.0478   0.0751
SIM39L2  0.1165  0.0673  0.0526  0.0294  0.0625  0.0663  0.0779  0.1207  0.0334  0.1246   0.0939   0.0991   0.0720   0.0848   0.0759   0.1081   0.0461   0.0251   0.0672   0.0733   0.1006   0.0339   0.1335   0.0319   0.0823   0.1190   0.0508   0.0736   0.1510   0.0541   0.0885   0.1134   0.0962   0.0830   0.0534   0.0793   0.1144   0.0995   0.0568   1.0000   0.0298   0.0626   0.0373   0.0669   0.0922   0.0745   0.0828   0.0523   0.0700   0.0596   0.0348
SIM40L2  0.0869  0.0772  0.0639  0.0593  0.0783  0.0382  0.0660  0.0146  0.0409  0.0319   0.0381   0.0485   0.1184   0.1235   0.0871   0.0139   0.0327   0.1107   0.0328   0.0097   0.0654   0.0751   0.0422   0.0489   0.0682   0.0184   0.0694   0.0543   0.0480   0.0544   0.1231   0.0460   0.1321   0.1020   0.0715   0.0475   0.0930   0.0333   0.0259   0.0298   1.0000   0.0360   0.0661   0.0285   0.0443   0.0657   0.1316   0.0726   0.0797   0.0518   0.1422
SIM41L2  0.0927  0.0776  0.0570  0.0795  0.0746  0.0620  0.0343  0.0574  0.0558  0.1237   0.0379   0.0393   0.0411   0.0710   0.0203   0.0009   0.0787   0.0248   0.0847   0.0476   0.0160   0.0804   0.0253   0.0714   0.0417   0.0589   0.0381   0.0775   0.1117   0.0791   0.0693   0.1036   0.0499   0.0859   0.0427   0.1100   0.0315   0.0466   0.0448   0.0626   0.0360   1.0000   0.0906   0.0569   0.0293   0.0793   0.1293   0.0743   0.0438   0.0627   0.0883
SIM42L2  0.1200  0.0959  0.0651  0.0804  0.0700  0.0776  0.0663  0.0152  0.0368  0.1098   0.0484   0.0819   0.0666   0.0694   0.0927   0.0487   0.0380   0.0233   0.0115   0.0509   0.0482   0.0479   0.0678   0.0595   0.0870   0.0251   0.0440   0.0744   0.0755   0.1281   0.1342   0.0399   0.0663   0.0914   0.0362   0.1056   0.0266   0.1325   0.0132   0.0373   0.0661   0.0906   1.0000   0.0665   0.0802   0.0423   0.0648   0.1023   0.0560   0.0454   0.0510
SIM43L2  0.0847  0.0715  0.0511  0.0688  0.0088  0.0816  0.0514  0.0095  0.0321  0.0897   0.0543   0.1223   0.0761   0.0412   0.0108   0.0374   0.0278   0.0706   0.0704   0.0600   0.0454   0.0530   0.0537   0.0590   0.0529   0.0563   0.0015   0.0435   0.0898   0.0983   0.0804   0.0422   0.0855   0.0276   0.0217   0.0657   0.0559   0.0170   0.0537   0.0669   0.0285   0.0569   0.0665   1.0000   0.0584   0.0579   0.0261   0.0342   0.0621   0.0392   0.0728
SIM44L2  0.0970  0.1108  0.0928  0.0614  0.0583  0.0725  0.0345  0.0959  0.0203  0.0857   0.0566   0.0669   0.0541   0.0793   0.0403   0.0983   0.0969   0.0300   0.0729   0.0167   0.0652   0.0502   0.0587   0.0534   0.0865   0.0263   0.0599   0.1537   0.0527   0.0964   0.1092   0.0428   0.0158   0.0471   0.0534   0.0965   0.0271   0.0550   0.0573   0.0922   0.0443   0.0293   0.0802   0.0584   1.0000   0.0232   0.0215   0.0572   0.0628   0.1254   0.0546
SIM45L2  0.0892  0.0236  0.0741  0.0406  0.0641  0.0255  0.0599  0.0755  0.0510  0.0868   0.0690   0.0083   0.0688   0.1157   0.0192   0.0489   0.0740   0.0411   0.0135   0.0258   0.1169   0.0675   0.1048   0.0745   0.0413   0.1046   0.0261   0.0502   0.1490   0.0269   0.0373   0.1138   0.0800   0.0861   0.0418   0.0603   0.0421   0.0539   0.0431   0.0745   0.0657   0.0793   0.0423   0.0579   0.0232   1.0000   0.0402   0.0769   0.0144   0.0146   0.0495
SIM46L2  0.0856  0.0843  0.0929  0.0319  0.0459  0.0771  0.0640  0.0337  0.0561  0.1466   0.0481   0.0360   0.0409   0.0466   0.0737   0.0089   0.0583   0.0440   0.0352   0.0492   0.0490   0.0535   0.0601   0.1253   0.0472   0.0463   0.0526   0.0798   0.0776   0.0856   0.0927   0.1073   0.1176   0.1711   0.0351   0.1007   0.0942   0.0326   0.0831   0.0828   0.1316   0.1293   0.0648   0.0261   0.0215   0.0402   1.0000   0.0724   0.0257   0.0565   0.0667
SIM47L2  0.0990  0.1052  0.1650  0.1426  0.1076  0.0592  0.0596  0.0910  0.0444  0.0510   0.0735   0.0083   0.0752   0.1052   0.1584   0.0286   0.1043   0.0789   0.0308   0.0961   0.0570   0.0262   0.0927   0.1173   0.1436   0.1177   0.0416   0.0625   0.0815   0.0635   0.1045   0.0470   0.1439   0.1057   0.1205   0.1111   0.0685   0.0349   0.0960   0.0523   0.0726   0.0743   0.1023   0.0342   0.0572   0.0769   0.0724   1.0000   0.0778   0.0562   0.0640
SIM48L2  0.0641  0.1091  0.0687  0.1535  0.0625  0.0334  0.1335  0.0502  0.0461  0.0643   0.0319   0.0737   0.1102   0.0799   0.0803   0.0364   0.0865   0.0718   0.0467   0.0635   0.0327   0.0625   0.1424   0.0556   0.0766   0.0189   0.0567   0.0506   0.0325   0.0383   0.1885   0.0261   0.1289   0.1292   0.0629   0.0398   0.1187   0.0384   0.0202   0.0700   0.0797   0.0438   0.0560   0.0621   0.0628   0.0144   0.0257   0.0778   1.0000   0.0620   0.1369
SIM49L2  0.1172  0.0247  0.0082  0.0530  0.0364  0.0726  0.0385  0.0507  0.0715  0.0963   0.1094   0.0347   0.0439   0.0693   0.0879   0.0557   0.0619   0.0406   0.0345   0.0473   0.0291   0.0583   0.0497   0.0475   0.0536   0.0642   0.0458   0.0673   0.0403   0.0678   0.0394   0.0138   0.0590   0.0421   0.0152   0.0779   0.0764   0.0381   0.0478   0.0596   0.0518   0.0627   0.0454   0.0392   0.1254   0.0146   0.0565   0.0562   0.0620   1.0000   0.0540
SIM50L2  0.0799  0.1602  0.0726  0.1181  0.0444  0.0122  0.1013  0.0197  0.0097  0.0716   0.0514   0.0443   0.1188   0.0710   0.0397   0.0427   0.0577   0.1325   0.0592   0.0088   0.0676   0.0813   0.0796   0.0546   0.0695   0.0560   0.1048   0.0931   0.0885   0.0116   0.1300   0.0202   0.1558   0.1240   0.1416   0.0923   0.0257   0.0291   0.0751   0.0348   0.1422   0.0883   0.0510   0.0728   0.0546   0.0495   0.0667   0.0640   0.1369   0.0540   1.0000

LD Score Matrix Condition Number
3.3285

Annotation Correlation Matrix
         SIM1    SIM2    SIM3    SIM4    SIM5    SIM6    SIM7    SIM8    SIM9   SIM10   SIM11   SIM12   SIM13   SIM14   SIM15   SIM16   SIM17   SIM18   SIM19   SIM20   SIM21   SIM22   SIM23   SIM24   SIM25   SIM26   SIM27   SIM28   SIM29   SIM30   SIM31   SIM32   SIM33   SIM34   SIM35   SIM36   SIM37   SIM38   SIM39   SIM40   SIM41   SIM42   SIM43   SIM44   SIM45   SIM46   SIM47   SIM48   SIM49   SIM50
SIM1   1.0000  0.0034 -0.0004  0.0067  0.0151  0.0035 -0.0004  0.0035 -0.0004  0.0071  0.0073  0.0112  0.0072  0.0072 -0.0004  0.0115  0.0036  0.0034  0.0112  0.0117  0.0034  0.0033  0.0272  0.0109  0.0071  0.0115  0.0033  0.0073 -0.0004  0.0105  0.0072  0.0035  0.0110  0.0114  0.0071  0.0033  0.0149  0.0073  0.0070  0.0036  0.0033  0.0183  0.0072  0.0070 -0.0004  0.0035  0.0034  0.0035  0.0034  0.0185
SIM2   0.0034  1.0000 -0.0004  0.0173  0.0072  0.0150  0.0149  0.0034  0.0142  0.0033  0.0034  0.0034  0.0109  0.0071  0.0034  0.0035  0.0074  0.0109 -0.0004  0.0116  0.0108  0.0069 -0.0004  0.0145  0.0033  0.0074  0.0033 -0.0004  0.0106  0.0068  0.0033  0.0073  0.0071  0.0073  0.0107  0.0033  0.0109  0.0186  0.0143  0.0153 -0.0004  0.0107  0.0108  0.0106  0.0147  0.0111  0.0147 -0.0004  0.0034  0.0071
SIM3  -0.0004 -0.0004  1.0000  0.0139  0.0035  0.0074 -0.0004  0.0112  0.0181  0.0033  0.0229  0.0112  0.0072  0.0034  0.0226  0.0076  0.0075 -0.0004  0.0073 -0.0004 -0.0004  0.0144  0.0035  0.0034  0.0147 -0.0004  0.0033  0.0035  0.0107  0.0069  0.0110  0.0191  0.0072  0.0114  0.0108  0.0145  0.0187  0.0073  0.0033  0.0036  0.0033  0.0220  0.0110  0.0033  0.0034  0.0190 -0.0004  0.0114  0.0149  0.0071
SIM4   0.0067  0.0173  0.0139  1.0000  0.0102 -0.0004  0.0067  0.0102  0.0098  0.0099  0.0067  0.0102  0.0101  0.0031  0.0066  0.0032  0.0142  0.0206  0.0031  0.0145  0.0030  0.0030 -0.0004  0.0030  0.0065  0.0105  0.0030  0.0102  0.0064  0.0029 -0.0005  0.0067  0.0101 -0.0004  0.0099  0.0099  0.0066  0.0066  0.0064  0.0105  0.0099  0.0064  0.0065  0.0201  0.0101  0.0246  0.0101  0.0141 -0.0004  0.0030
SIM5   0.0151  0.0072  0.0035  0.0102  1.0000  0.0112 -0.0004  0.0111  0.0106  0.0070  0.0034  0.0034  0.0109  0.0110  0.0186  0.0075  0.0075  0.0034  0.0111  0.0197  0.0071 -0.0004  0.0035  0.0033  0.0033  0.0035  0.0033  0.0073  0.0070  0.0068  0.0033  0.0073  0.0034  0.0074  0.0108 -0.0004  0.0072  0.0110  0.0107  0.0075  0.0070  0.0033  0.0109  0.0070 -0.0004  0.0073  0.0147 -0.0004 -0.0004  0.0109
SIM6   0.0035  0.0150  0.0074 -0.0004  0.0112  1.0000 -0.0004 -0.0004  0.0033 -0.0004  0.0073  0.0073  0.0186  0.0034  0.0073  0.0115  0.0036  0.0034  0.0151  0.0037  0.0110  0.0070  0.0035  0.0109  0.0109  0.0036  0.0145  0.0112  0.0219  0.0032  0.0034 -0.0004  0.0072  0.0035  0.0071  0.0108  0.0263  0.0111 -0.0004  0.0155  0.0033  0.0145  0.0110  0.0107  0.0110  0.0035  0.0110  0.0075  0.0034  0.0034
SIM7  -0.0004  0.0149 -0.0004  0.0067 -0.0004 -0.0004  1.0000  0.0073  0.0069  0.0107  0.0073  0.0073  0.0071  0.0147  0.0072  0.0035  0.0035  0.0071  0.0073  0.0036  0.0033  0.0143  0.0035  0.0071  0.0071  0.0114  0.0070  0.0149  0.0033  0.0141  0.0033  0.0073 -0.0004  0.0113  0.0070  0.0033  0.0034  0.0148  0.0107 -0.0004  0.0108  0.0107  0.0109  0.0033  0.0072  0.0073  0.0261 -0.0004 -0.0004  0.0146
SIM8   0.0035  0.0034  0.0112  0.0102  0.0111 -0.0004  0.0073  1.0000  0.0033  0.0033  0.0034  0.0073  0.0109 -0.0004  0.0072  0.0114  0.0075  0.0034 -0.0004  0.0076 -0.0004  0.0033  0.0035  0.0071  0.0033 -0.0004 -0.0004  0.0073  0.0033  0.0068  0.0033  0.0073  0.0072  0.0113  0.0033  0.0107  0.0072  0.0072  0.0033  0.0035 -0.0004  0.0033  0.0109  0.0143  0.0072  0.0034  0.0071  0.0074  0.0072  0.0146
SIM9  -0.0004  0.0142  0.0181  0.0098  0.0106  0.0033  0.0069  0.0033  1.0000  0.0139  0.0070 -0.0004  0.0104  0.0032  0.0105 -0.0004 -0.0004  0.0105  0.0033 -0.0004  0.0104  0.0243 -0.0004  0.0067  0.0068  0.0071  0.0173  0.0033  0.0031  0.0065  0.0068  0.0107  0.0032 -0.0004  0.0031  0.0067  0.0032  0.0032  0.0137  0.0109  0.0210  0.0031  0.0104  0.0066  0.0068 -0.0004  0.0105  0.0071  0.0068 -0.0004
SIM10  0.0071  0.0033  0.0033  0.0099  0.0070 -0.0004  0.0107  0.0033  0.0139  1.0000  0.0033  0.0033  0.0106  0.0106  0.0143  0.0073  0.0072  0.0069  0.0219  0.0152  0.0142  0.0067  0.0072  0.0068  0.0032  0.0034  0.0067  0.0107 -0.0004  0.0066  0.0105  0.0033 -0.0004  0.0071  0.0104  0.0032  0.0069  0.0033  0.0139  0.0072  0.0032  0.0068  0.0069  0.0067  0.0032  0.0033  0.0069 -0.0004  0.0069  0.0141
SIM11  0.0073  0.0034  0.0229  0.0067  0.0034  0.0073  0.0073  0.0034  0.0070  0.0033  1.0000  0.0111  0.0034 -0.0004  0.0110  0.0075  0.0036  0.0110  0.0073  0.0077  0.0109  0.0144  0.0114  0.0184  0.0109  0.0114  0.0070  0.0034 -0.0004 -0.0004 -0.0004  0.0112  0.0072  0.0152  0.0145  0.0070  0.0072  0.0111  0.0070  0.0075  0.0033  0.0033  0.0185  0.0033  0.0034  0.0112 -0.0004  0.0075  0.0072  0.0109
SIM12  0.0112  0.0034  0.0112  0.0102  0.0034  0.0073  0.0073  0.0073 -0.0004  0.0033  0.0111  1.0000  0.0109  0.0034  0.0072 -0.0004  0.0114  0.0034  0.0073  0.0036  0.0033  0.0143  0.0113  0.0033  0.0108  0.0035  0.0181  0.0034  0.0070  0.0177  0.0146  0.0073 -0.0004  0.0074  0.0145  0.0033 -0.0004  0.0072  0.0107  0.0075  0.0070  0.0033  0.0109  0.0033  0.0072  0.0034  0.0071  0.0074  0.0185 -0.0004
SIM13  0.0072  0.0109  0.0072  0.0101  0.0109  0.0186  0.0071  0.0109  0.0104  0.0106  0.0034  0.0109  1.0000  0.0108  0.0071  0.0074  0.0035  0.0070  0.0071  0.0115  0.0107 -0.0004  0.0111  0.0033  0.0106  0.0189  0.0032  0.0071  0.0032  0.0139  0.0033  0.0072  0.0033  0.0034  0.0106  0.0069  0.0070 -0.0004 -0.0004  0.0035  0.0032  0.0032  0.0070  0.0068  0.0070  0.0148  0.0033  0.0073  0.0070  0.0070
SIM14  0.0072  0.0071  0.0034  0.0031  0.0110  0.0034  0.0147 -0.0004  0.0032  0.0106 -0.0004  0.0034  0.0108  1.0000 -0.0004  0.0074  0.0152  0.0033  0.0034 -0.0004  0.0070  0.0032  0.0073  0.0144  0.0033  0.0074  0.0069  0.0072  0.0105  0.0103  0.0070  0.0149  0.0033  0.0073  0.0069 -0.0004  0.0071  0.0184  0.0105  0.0151  0.0033  0.0142  0.0070  0.0105 -0.0004  0.0072  0.0108  0.0035  0.0108  0.0144
SIM15 -0.0004  0.0034  0.0226  0.0066  0.0186  0.0073  0.0072  0.0072  0.0105  0.0143  0.0110  0.0072  0.0071 -0.0004  1.0000  0.0035  0.0113 -0.0004  0.0148  0.0076  0.0108  0.0105  0.0035  0.0070  0.0033  0.0035  0.0032  0.0034  0.0069  0.0104  0.0145  0.0034  0.0071  0.0035 -0.0004  0.0032  0.0071 -0.0004  0.0106 -0.0004  0.0033 -0.0004  0.0108  0.0069  0.0071  0.0034 -0.0004  0.0074  0.0071  0.0070
SIM16  0.0115  0.0035  0.0076  0.0032  0.0075  0.0115  0.0035  0.0114 -0.0004  0.0073  0.0075 -0.0004  0.0074  0.0074  0.0035  1.0000  0.0037  0.0152  0.0036  0.0079  0.0073 -0.0004  0.0117 -0.0004 -0.0004  0.0158  0.0072  0.0154 -0.0004  0.0071  0.0073  0.0116  0.0074 -0.0004  0.0187 -0.0004  0.0113 -0.0004  0.0148  0.0037  0.0073  0.0034  0.0112  0.0148  0.0152  0.0036  0.0035  0.0036  0.0152  0.0073
SIM17  0.0036  0.0074  0.0075  0.0142  0.0075  0.0036  0.0035  0.0075 -0.0004  0.0072  0.0036  0.0114  0.0035  0.0152  0.0113  0.0037  1.0000  0.0035  0.0114  0.0079 -0.0004  0.0185  0.0036  0.0188  0.0189  0.0157  0.0034  0.0075  0.0034  0.0033  0.0035  0.0036  0.0074  0.0036  0.0034  0.0110  0.0113  0.0113  0.0034 -0.0004  0.0073  0.0034  0.0151  0.0110  0.0113  0.0115  0.0035  0.0077  0.0074 -0.0004
SIM18  0.0034  0.0109 -0.0004  0.0206  0.0034  0.0034  0.0071  0.0034  0.0105  0.0069  0.0110  0.0034  0.0070  0.0033 -0.0004  0.0152  0.0035  1.0000  0.0072  0.0036  0.0033  0.0105  0.0150  0.0180  0.0070  0.0112  0.0142  0.0034  0.0032  0.0103  0.0070 -0.0004  0.0145 -0.0004  0.0143  0.0032 -0.0004  0.0071  0.0141  0.0112  0.0032  0.0105  0.0070 -0.0004 -0.0004  0.0186  0.0145  0.0035  0.0071  0.0144
SIM19  0.0112 -0.0004  0.0073  0.0031  0.0111  0.0151  0.0073 -0.0004  0.0033  0.0219  0.0073  0.0073  0.0071  0.0034  0.0148  0.0036  0.0114  0.0072  1.0000  0.0036  0.0071  0.0180  0.0153  0.0108  0.0071  0.0035  0.0070  0.0034  0.0070  0.0032  0.0109  0.0151  0.0072  0.0113  0.0070  0.0033  0.0072  0.0110  0.0033  0.0035  0.0182  0.0033  0.0185 -0.0004  0.0110  0.0073  0.0110  0.0035  0.0110  0.0071
SIM20  0.0117  0.0116 -0.0004  0.0145  0.0197  0.0037  0.0036  0.0076 -0.0004  0.0152  0.0077  0.0036  0.0115 -0.0004  0.0076  0.0079  0.0079  0.0036  0.0036  1.0000  0.0075  0.0034  0.0037  0.0035  0.0153  0.0119 -0.0004  0.0036  0.0073  0.0072  0.0075  0.0037  0.0075  0.0118  0.0035  0.0074  0.0234  0.0076 -0.0004  0.0037  0.0113  0.0074  0.0075  0.0112  0.0075  0.0077  0.0115  0.0119  0.0194  0.0075
SIM21  0.0034  0.0108 -0.0004  0.0030  0.0071  0.0110  0.0033 -0.0004  0.0104  0.0142  0.0109  0.0033  0.0107  0.0070  0.0108  0.0073 -0.0004  0.0033  0.0071  0.0075  1.0000 -0.0004  0.0073  0.0069  0.0069 -0.0004  0.0068  0.0071  0.0032  0.0031  0.0033  0.0110  0.0070  0.0072  0.0032  0.0105  0.0033  0.0108  0.0032  0.0034  0.0105  0.0105  0.0144 -0.0004  0.0219  0.0071 -0.0004  0.0073 -0.0004  0.0069
SIM22  0.0033  0.0069  0.0144  0.0030 -0.0004  0.0070  0.0143  0.0033  0.0243  0.0067  0.0144  0.0143 -0.0004  0.0032  0.0105 -0.0004  0.0185  0.0105  0.0180  0.0034 -0.0004  1.0000 -0.0004  0.0032  0.0212  0.0147  0.0031  0.0069  0.0031  0.0030  0.0068  0.0070  0.0068  0.0071  0.0103  0.0102  0.0105  0.0105  0.0102  0.0071  0.0031  0.0102  0.0068  0.0173  0.0068  0.0070  0.0068  0.0071  0.0068  0.0068
SIM23  0.0272 -0.0004  0.0035 -0.0004  0.0035  0.0035  0.0035  0.0035 -0.0004  0.0072  0.0114  0.0113  0.0111  0.0073  0.0035  0.0117  0.0036  0.0150  0.0153  0.0037  0.0073 -0.0004  1.0000 -0.0004 -0.0004  0.0076  0.0034  0.0074 -0.0004  0.0033 -0.0004 -0.0004  0.0112  0.0195  0.0072  0.0071  0.0035  0.0035 -0.0004  0.0036  0.0072  0.0109  0.0111  0.0033  0.0150  0.0035  0.0227  0.0036  0.0035  0.0149
SIM24  0.0109  0.0145  0.0034  0.0030  0.0033  0.0109  0.0071  0.0071  0.0067  0.0068  0.0184  0.0033  0.0033  0.0144  0.0070 -0.0004  0.0188  0.0180  0.0108  0.0035  0.0069  0.0032 -0.0004  1.0000  0.0105  0.0072  0.0068  0.0033  0.0032  0.0031  0.0032  0.0071  0.0070  0.0034  0.0068  0.0032  0.0181  0.0145  0.0068 -0.0004  0.0032  0.0068  0.0106  0.0032 -0.0004  0.0033  0.0070 -0.0004  0.0107  0.0032
SIM25  0.0071  0.0033  0.0147  0.0065  0.0033  0.0109  0.0071  0.0033  0.0068  0.0032  0.0109  0.0108  0.0106  0.0033  0.0033 -0.0004  0.0189  0.0070  0.0071  0.0153  0.0069  0.0212 -0.0004  0.0105  1.0000  0.0188  0.0140  0.0146  0.0104 -0.0004  0.0032  0.0109  0.0107  0.0072  0.0105  0.0104  0.0107  0.0070  0.0032 -0.0004  0.0069  0.0032  0.0033  0.0104  0.0144  0.0109  0.0033  0.0072  0.0070  0.0179
