*********************************************************************
* LD Score Regression (LDSC)
* Version 1.0.1
* (C) 2014-2019 Brendan Bulik-Sullivan and Hilary Finucane
* Broad Institute of MIT and Harvard / MIT Department of Mathematics
* GNU General Public License v3
*********************************************************************
Call: 
./ldsc.py \
--out /data/sbcs/GuoLab/backup/liq17/CRC_TF_TWAS_zhishan2024/NC_revision_OceanCode/v2_NC_revision//84Tracks//ldscores_sim5000//7 \
--bfile /data/sbcs/GuoLab/backup/liq17/ref/Alkesgroup/1000G_EUR_Phase3_plink_hg38/1000G.EUR.QC.7 \
--annot /data/sbcs/GuoLab/backup/liq17/CRC_TF_TWAS_zhishan2024/NC_revision_OceanCode/v2_NC_revision//84Tracks//annots_sim5000//7.annot.txt \
--l2  \
--ld-wind-kb 100.0 

Beginning analysis at Sun Oct 26 22:58:06 2025
Read list of 589044 SNPs from /data/sbcs/GuoLab/backup/liq17/ref/Alkesgroup/1000G_EUR_Phase3_plink_hg38/1000G.EUR.QC.7.bim
Read 50 annotations for 589044 SNPs from /data/sbcs/GuoLab/backup/liq17/CRC_TF_TWAS_zhishan2024/NC_revision_OceanCode/v2_NC_revision//84Tracks//annots_sim5000//7.annot.txt
Read list of 489 individuals from /data/sbcs/GuoLab/backup/liq17/ref/Alkesgroup/1000G_EUR_Phase3_plink_hg38/1000G.EUR.QC.7.fam
Reading genotypes from /data/sbcs/GuoLab/backup/liq17/ref/Alkesgroup/1000G_EUR_Phase3_plink_hg38/1000G.EUR.QC.7.bed
Estimating LD Score.
Writing LD Scores for 589044 SNPs to /data/sbcs/GuoLab/backup/liq17/CRC_TF_TWAS_zhishan2024/NC_revision_OceanCode/v2_NC_revision//84Tracks//ldscores_sim5000//7.l2.ldscore.gz

Summary of LD Scores in /data/sbcs/GuoLab/backup/liq17/CRC_TF_TWAS_zhishan2024/NC_revision_OceanCode/v2_NC_revision//84Tracks//ldscores_sim5000//7.l2.ldscore.gz
         MAF  SIM1L2  SIM2L2  SIM3L2  SIM4L2  SIM5L2  SIM6L2  SIM7L2      SIM8L2  SIM9L2     SIM10L2  SIM11L2  SIM12L2  SIM13L2  SIM14L2  SIM15L2  SIM16L2  SIM17L2  SIM18L2  SIM19L2  SIM20L2  SIM21L2     SIM22L2  SIM23L2  SIM24L2  SIM25L2  SIM26L2  SIM27L2  SIM28L2     SIM29L2  SIM30L2  SIM31L2  SIM32L2  SIM33L2  SIM34L2  SIM35L2  SIM36L2  SIM37L2  SIM38L2  SIM39L2  SIM40L2  SIM41L2  SIM42L2  SIM43L2  SIM44L2  SIM45L2  SIM46L2     SIM47L2  SIM48L2  SIM49L2  SIM50L2
mean  0.1497  0.0307  0.0348  0.0324  0.0323  0.0348  0.0336  0.0390  3.0413e-02  0.0301  3.3363e-02   0.0376   0.0329   0.0396   0.0355   0.0360   0.0324   0.0360   0.0375   0.0313   0.0362   0.0338  3.6422e-02   0.0342   0.0353   0.0321   0.0353   0.0397   0.0315  3.3896e-02   0.0396   0.0340   0.0346   0.0331   0.0361   0.0346   0.0326   0.0349   0.0334   0.0325   0.0331   0.0285   0.0349   0.0293   0.0319   0.0353   0.0312  3.6403e-02   0.0373   0.0382   0.0331
std   0.1496  0.1383  0.1514  0.1416  0.1438  0.1467  0.1470  0.1615  1.3630e-01  0.1303  1.5005e-01   0.1636   0.1432   0.1575   0.1462   0.1466   0.1444   0.1546   0.1564   0.1398   0.1524   0.1456  1.6089e-01   0.1446   0.1551   0.1446   0.1541   0.1599   0.1371  1.4696e-01   0.1591   0.1438   0.1489   0.1480   0.1489   0.1514   0.1425   0.1569   0.1488   0.1403   0.1403   0.1309   0.1540   0.1319   0.1402   0.1505   0.1381  1.5176e-01   0.1556   0.1566   0.1415
min   0.0051 -0.0100 -0.0090 -0.0091 -0.0091 -0.0086 -0.0089 -0.0117 -7.7325e-03 -0.0089 -8.0278e-03  -0.0102  -0.0093  -0.0095  -0.0106  -0.0097  -0.0092  -0.0078  -0.0092  -0.0060  -0.0092  -0.0090 -1.0656e-02  -0.0081  -0.0087  -0.0093  -0.0122  -0.0089  -0.0089 -9.1644e-03  -0.0101  -0.0083  -0.0142  -0.0077  -0.0093  -0.0105  -0.0079  -0.0109  -0.0086  -0.0088  -0.0089  -0.0099  -0.0119  -0.0089  -0.0079  -0.0073  -0.0074 -7.4759e-03  -0.0088  -0.0075  -0.0087
25%   0.0194  0.0000  0.0000  0.0000  0.0000  0.0000  0.0000  0.0000  0.0000e+00  0.0000  0.0000e+00   0.0000   0.0000   0.0000   0.0000   0.0000   0.0000   0.0000   0.0000   0.0000   0.0000   0.0000  0.0000e+00   0.0000   0.0000   0.0000   0.0000   0.0000   0.0000  0.0000e+00   0.0000   0.0000   0.0000   0.0000   0.0000   0.0000   0.0000   0.0000   0.0000   0.0000   0.0000   0.0000   0.0000   0.0000   0.0000   0.0000   0.0000  0.0000e+00   0.0000   0.0000   0.0000
50%   0.0879  0.0000  0.0000  0.0000  0.0000  0.0000  0.0000  0.0000  0.0000e+00  0.0000  0.0000e+00   0.0000   0.0000   0.0000   0.0000   0.0000   0.0000   0.0000   0.0000   0.0000   0.0000   0.0000  0.0000e+00   0.0000   0.0000   0.0000   0.0000   0.0000   0.0000  0.0000e+00   0.0000   0.0000   0.0000   0.0000   0.0000   0.0000   0.0000   0.0000   0.0000   0.0000   0.0000   0.0000   0.0000   0.0000   0.0000   0.0000   0.0000  0.0000e+00   0.0000   0.0000   0.0000
75%   0.2587  0.0000  0.0002  0.0000  0.0000  0.0002  0.0000  0.0004  8.5162e-05  0.0000  4.0594e-05   0.0008   0.0003   0.0009   0.0008   0.0010   0.0000   0.0008   0.0007   0.0000   0.0008   0.0001  6.1637e-05   0.0005   0.0000   0.0000   0.0000   0.0014   0.0000  7.8182e-05   0.0008   0.0002   0.0005   0.0000   0.0004   0.0000   0.0000   0.0000   0.0000   0.0006   0.0002   0.0000   0.0000   0.0000   0.0000   0.0000   0.0000  3.0982e-05   0.0007   0.0005   0.0001
max   0.5000  1.9716  2.6938  2.0370  2.1207  2.0835  2.0000  2.6877  2.0190e+00  2.0000  2.1358e+00   4.7028   2.0370   2.1640   1.9219   1.9665   2.0000   3.0000   2.2695   1.9785   2.0000   2.0638  2.0892e+00   2.0000   2.0000   2.0434   2.3236   2.0303   1.9565  2.1922e+00   2.3842   1.9749   1.9938   2.0248   2.1064   2.9496   2.5292   2.2608   3.0000   2.0000   1.8648   1.9508   2.0000   2.0133   2.0000   2.0025   2.0000  1.9148e+00   2.1565   2.0000   1.9932

MAF/LD Score Correlation Matrix
            MAF  SIM1L2  SIM2L2  SIM3L2  SIM4L2  SIM5L2  SIM6L2  SIM7L2  SIM8L2  SIM9L2  SIM10L2  SIM11L2  SIM12L2  SIM13L2  SIM14L2  SIM15L2  SIM16L2  SIM17L2  SIM18L2  SIM19L2  SIM20L2  SIM21L2  SIM22L2  SIM23L2  SIM24L2  SIM25L2  SIM26L2  SIM27L2  SIM28L2  SIM29L2  SIM30L2  SIM31L2  SIM32L2  SIM33L2  SIM34L2  SIM35L2  SIM36L2  SIM37L2  SIM38L2  SIM39L2  SIM40L2  SIM41L2  SIM42L2  SIM43L2  SIM44L2  SIM45L2  SIM46L2  SIM47L2  SIM48L2  SIM49L2  SIM50L2
MAF      1.0000  0.0844  0.0769  0.0933  0.0882  0.0967  0.0640  0.1351  0.0842  0.0892   0.0710   0.1056   0.0967   0.0898   0.1294   0.1126   0.1101   0.0796   0.1126   0.0893   0.1179   0.0822   0.0786   0.0859   0.1043   0.0782   0.0927   0.0952   0.1025   0.1169   0.1138   0.0878   0.0956   0.0852   0.0837   0.1006   0.1145   0.0655   0.0587   0.1205   0.0805   0.0749   0.0946   0.1000   0.0850   0.0972   0.1058   0.1120   0.0997   0.1005   0.1084
SIM1L2   0.0844  1.0000  0.0573  0.0760  0.0512  0.0557  0.0677  0.1006  0.0844  0.0794   0.0749   0.1072   0.1387   0.0716   0.0610   0.1079   0.0973   0.0640   0.1311   0.1052   0.1047   0.1259   0.0793   0.0532   0.0901   0.0298   0.0853   0.1193   0.0328   0.0464   0.0498   0.0948   0.0595   0.1088   0.1046   0.0968   0.0573   0.1373   0.0373   0.0342   0.1045   0.1082   0.0866   0.1040   0.0894   0.0397   0.0953   0.0786   0.0890   0.0771   0.0775
SIM2L2   0.0769  0.0573  1.0000  0.0588  0.0958  0.1205  0.0833  0.0385  0.0345  0.0657   0.0584   0.0891   0.0791   0.0566   0.1039   0.0847   0.0983   0.0932   0.0687   0.0713   0.1316   0.0397   0.1099   0.0417   0.0799   0.0688   0.1071   0.0822   0.1446   0.0481   0.0597   0.0512   0.0639   0.0556   0.1380   0.1021   0.0397   0.0893   0.0564   0.0404   0.0383   0.1270   0.1144   0.0559   0.0955   0.1104   0.0833   0.0521   0.0772   0.0730   0.1050
SIM3L2   0.0933  0.0760  0.0588  1.0000  0.0822  0.0559  0.0429  0.0833  0.1331  0.0439   0.0480   0.0472   0.0856   0.1093   0.1173   0.0669   0.1209   0.0494   0.0480   0.0508   0.1234   0.1137   0.0634   0.0645   0.1143   0.0974   0.0933   0.0657   0.0546   0.0659   0.1465   0.0788   0.0499   0.0630   0.0964   0.0719   0.1123   0.0790   0.0358   0.0527   0.0905   0.0413   0.0653   0.0696   0.0953   0.0797   0.0655   0.0609   0.0883   0.0761   0.0915
SIM4L2   0.0882  0.0512  0.0958  0.0822  1.0000  0.1792  0.0294  0.0778  0.0504  0.1107   0.0936   0.0440   0.0195   0.1643   0.0930   0.1070   0.0946   0.0527   0.0586  -0.0017   0.0863   0.0342   0.0737   0.0723   0.0945   0.0813   0.0678   0.0739   0.0243   0.0676   0.0410   0.0632   0.0746   0.0638   0.1331   0.1199   0.0693   0.0793   0.0767   0.0207   0.0253   0.0975   0.0730   0.0560   0.1133   0.0998   0.1117   0.0391   0.1074   0.0671   0.0436
SIM5L2   0.0967  0.0557  0.1205  0.0559  0.1792  1.0000  0.1228  0.1177  0.0330  0.0619   0.0847   0.1093   0.0733   0.1105   0.1285   0.0986   0.0999   0.0458   0.1063   0.0831   0.0894   0.1088   0.0553   0.1607   0.1417   0.0780   0.0642   0.1196   0.0964   0.0487   0.0664   0.0490   0.1156   0.0910   0.0942   0.1050   0.1233   0.1152   0.1335   0.0389   0.0184   0.0483   0.1267   0.0348   0.1441   0.1325   0.0442   0.0342   0.0697   0.0779   0.1104
SIM6L2   0.0640  0.0677  0.0833  0.0429  0.0294  0.1228  1.0000  0.0518  0.0496  0.0555   0.0158   0.0411   0.0522   0.0848   0.0266   0.0390   0.0396   0.1197   0.0505   0.1463   0.0838   0.0584   0.1029   0.1426   0.0960   0.0801   0.0729   0.0691   0.0495   0.0571   0.0610   0.0775   0.2131   0.0364   0.0715   0.0393   0.0374   0.0328   0.1330   0.0564   0.0924   0.0373   0.1945   0.0421   0.0822   0.1615   0.0591   0.0903   0.0742   0.0382   0.0384
SIM7L2   0.1351  0.1006  0.0385  0.0833  0.0778  0.1177  0.0518  1.0000  0.0932  0.0609   0.0536   0.0830   0.1181   0.0921   0.0768   0.0871   0.1542   0.0428   0.0822   0.0997   0.1257   0.0940   0.1183   0.0722   0.0987   0.0797   0.0404   0.0878   0.0618   0.1418   0.0562   0.1025   0.0924   0.1030   0.0864   0.1047   0.0938   0.0768   0.0893   0.0689   0.0895   0.0630   0.0364   0.0792   0.0555   0.0752   0.0585   0.0498   0.0782   0.0698   0.0588
SIM8L2   0.0842  0.0844  0.0345  0.1331  0.0504  0.0330  0.0496  0.0932  1.0000  0.0236   0.0219   0.0722   0.0577   0.0673   0.1098   0.0605   0.0539   0.0603   0.0477   0.0665   0.1156   0.0718   0.0652   0.0978   0.0653   0.0465   0.0620   0.0654   0.0281   0.0714   0.0591   0.0404   0.0553   0.0556   0.1006   0.0700   0.0720   0.0431   0.0396   0.0915   0.1334   0.0444   0.0501   0.0683   0.0503   0.0430   0.0939   0.0250   0.0309   0.0893   0.0319
SIM9L2   0.0892  0.0794  0.0657  0.0439  0.1107  0.0619  0.0555  0.0609  0.0236  1.0000   0.1037   0.0382   0.0306   0.0857   0.0353   0.0790   0.0731   0.0863   0.0558   0.0491   0.0797   0.0810   0.0139   0.0456   0.0662   0.0727   0.0472   0.1210   0.0314   0.0381   0.0854   0.0738   0.0503   0.0965   0.0622   0.0545   0.0602   0.1363   0.0672   0.0650   0.0739   0.0402   0.1100   0.0297   0.0470   0.0638   0.0500   0.0711   0.0836   0.0814   0.0958
SIM10L2  0.0710  0.0749  0.0584  0.0480  0.0936  0.0847  0.0158  0.0536  0.0219  0.1037   1.0000   0.0302   0.0455   0.1276   0.0535   0.0443   0.0831   0.0581   0.1325   0.0320   0.0887   0.0595   0.0471   0.0980   0.1017   0.0874   0.0698   0.0847   0.1288   0.0759   0.0659   0.0696   0.0621   0.1465   0.0766   0.0868   0.0516   0.1089   0.0758   0.1469   0.0908   0.0682   0.0752   0.0523   0.0760   0.1128   0.1069   0.0940   0.0672   0.1144   0.0722
SIM11L2  0.1056  0.1072  0.0891  0.0472  0.0440  0.1093  0.0411  0.0830  0.0722  0.0382   0.0302   1.0000   0.0435   0.0475   0.1385   0.0856   0.0861   0.0660   0.0853   0.0326   0.0926   0.0871   0.1018   0.0738   0.0771   0.0640   0.1156   0.0686   0.1211   0.0942   0.0960   0.0920   0.0438   0.1332   0.0464   0.0975   0.0557   0.1375   0.0701   0.0931   0.0945   0.0979   0.0822   0.0803   0.0615   0.0763   0.0434   0.0801   0.0823   0.1117   0.0754
SIM12L2  0.0967  0.1387  0.0791  0.0856  0.0195  0.0733  0.0522  0.1181  0.0577  0.0306   0.0455   0.0435   1.0000   0.0520   0.1282   0.1048   0.1162   0.0697   0.1056   0.1089   0.1373   0.1140   0.0621   0.0399   0.0419   0.0304   0.0761   0.0798   0.0989   0.0976   0.0857   0.0324   0.0698   0.1007   0.0791   0.0752   0.0768   0.0622   0.0365   0.0870   0.0599   0.0567   0.0424   0.0487   0.1004   0.0325   0.0500   0.0419   0.1068   0.0249   0.0506
SIM13L2  0.0898  0.0716  0.0566  0.1093  0.1643  0.1105  0.0848  0.0921  0.0673  0.0857   0.1276   0.0475   0.0520   1.0000   0.0627   0.0588   0.0455   0.0786   0.1304   0.0601   0.0759   0.0513   0.0901   0.0852   0.1455   0.0422   0.1007   0.1653   0.0717   0.0888   0.0860   0.1160   0.0941   0.1343   0.0711   0.1211   0.1099   0.1088   0.1076   0.0493   0.1576   0.0599   0.0511   0.0224   0.1094   0.1247   0.1224   0.0931   0.1225   0.1035   0.0287
SIM14L2  0.1294  0.0610  0.1039  0.1173  0.0930  0.1285  0.0266  0.0768  0.1098  0.0353   0.0535   0.1385   0.1282   0.0627   1.0000   0.1324   0.1122   0.0628   0.0979   0.0398   0.1390   0.1391   0.1072   0.0653   0.0725   0.0706   0.1224   0.1329   0.1485   0.1300   0.1074   0.0463   0.0925   0.0745   0.0991   0.1341   0.0891   0.1137   0.0793   0.1097   0.0982   0.0621   0.1065   0.0230   0.0577   0.0863   0.0563   0.0694   0.0604   0.0982   0.0440
SIM15L2  0.1126  0.1079  0.0847  0.0669  0.1070  0.0986  0.0390  0.0871  0.0605  0.0790   0.0443   0.0856   0.1048   0.0588   0.1324   1.0000   0.0755   0.0461   0.0965   0.0486   0.1243   0.0635   0.0642   0.0598   0.1195   0.0370   0.1409   0.0457   0.0719   0.0830   0.0846   0.0796   0.0737   0.0332   0.1189   0.0761   0.1154   0.1112   0.0731   0.0708   0.0822   0.0734   0.1040   0.0374   0.0356   0.0623   0.0943   0.0567   0.0676   0.0585   0.0793
SIM16L2  0.1101  0.0973  0.0983  0.1209  0.0946  0.0999  0.0396  0.1542  0.0539  0.0731   0.0831   0.0861   0.1162   0.0455   0.1122   0.0755   1.0000   0.0579   0.0904   0.1146   0.1605   0.1588   0.0648   0.0562   0.0586   0.0617   0.0931   0.0725   0.0601   0.0594   0.0624   0.0267   0.0699   0.1374   0.1104   0.1305   0.0825   0.0589   0.0431   0.0371   0.0692   0.0850   0.0674   0.0630   0.1070   0.0902   0.0700   0.0530   0.0908   0.1359   0.0799
SIM17L2  0.0796  0.0640  0.0932  0.0494  0.0527  0.0458  0.1197  0.0428  0.0603  0.0863   0.0581   0.0660   0.0697   0.0786   0.0628   0.0461   0.0579   1.0000   0.0508   0.0535   0.1061   0.0199   0.0688   0.0531   0.1187   0.0581   0.0800   0.0473   0.0893   0.0765   0.0261   0.0604   0.0598   0.1308   0.0759   0.0689   0.0290   0.0785   0.0426   0.0516   0.0865   0.1299   0.1522   0.0555   0.0912   0.0666   0.0512   0.1168   0.0776   0.1110   0.0779
SIM18L2  0.1126  0.1311  0.0687  0.0480  0.0586  0.1063  0.0505  0.0822  0.0477  0.0558   0.1325   0.0853   0.1056   0.1304   0.0979   0.0965   0.0904   0.0508   1.0000   0.0335   0.0903   0.1123   0.1632   0.0599   0.1337   0.0622   0.1196   0.1036   0.0786   0.1334   0.0826   0.1229   0.0363   0.1137   0.0745   0.1197   0.0737   0.1840   0.0596   0.1130   0.1422   0.0876   0.1195   0.0446   0.0373   0.0790   0.1161   0.1098   0.1090   0.1231   0.0818
SIM19L2  0.0893  0.1052  0.0713  0.0508 -0.0017  0.0831  0.1463  0.0997  0.0665  0.0491   0.0320   0.0326   0.1089   0.0601   0.0398   0.0486   0.1146   0.0535   0.0335   1.0000   0.1048   0.1002   0.0506   0.0856   0.0597   0.0819   0.0844   0.1370   0.0106   0.0340   0.0743   0.0620   0.1517   0.0970   0.0581   0.0591   0.0773   0.0334   0.1277   0.0484   0.0677   0.0274   0.1162   0.0554   0.0642   0.0919   0.0415   0.1037   0.0569   0.0878   0.0801
SIM20L2  0.1179  0.1047  0.1316  0.1234  0.0863  0.0894  0.0838  0.1257  0.1156  0.0797   0.0887   0.0926   0.1373   0.0759   0.1390   0.1243   0.1605   0.1061   0.0903   0.1048   1.0000   0.1126   0.0731   0.0786   0.1195   0.1102   0.0937   0.0591   0.0828   0.0410   0.0772   0.0550   0.1255   0.0962   0.1026   0.1693   0.0904   0.0487   0.0739   0.0706   0.0773   0.1087   0.0827   0.0447   0.0640   0.1141   0.0763   0.1298   0.0458   0.1380   0.1023
SIM21L2  0.0822  0.1259  0.0397  0.1137  0.0342  0.1088  0.0584  0.0940  0.0718  0.0810   0.0595   0.0871   0.1140   0.0513   0.1391   0.0635   0.1588   0.0199   0.1123   0.1002   0.1126   1.0000   0.0857   0.0348   0.1284   0.0419   0.0937   0.1328   0.0254   0.0450   0.1015   0.0618   0.0154   0.0941   0.0637   0.1083   0.1034   0.1357   0.0592   0.0656   0.0715   0.0583   0.0614   0.0747   0.0812   0.0266   0.1082   0.0991   0.0753   0.1021   0.0711
SIM22L2  0.0786  0.0793  0.1099  0.0634  0.0737  0.0553  0.1029  0.1183  0.0652  0.0139   0.0471   0.1018   0.0621   0.0901   0.1072   0.0642   0.0648   0.0688   0.1632   0.0506   0.0731   0.0857   1.0000   0.0676   0.0970   0.0709   0.1039   0.0584   0.0979   0.0838   0.0370   0.1059   0.1278   0.0659   0.0630   0.0688   0.0834   0.0871   0.1111   0.0219   0.0845   0.1342   0.0341   0.0223   0.0682   0.0592   0.0666   0.1052   0.0443   0.0819   0.0603
SIM23L2  0.0859  0.0532  0.0417  0.0645  0.0723  0.1607  0.1426  0.0722  0.0978  0.0456   0.0980   0.0738   0.0399   0.0852   0.0653   0.0598   0.0562   0.0531   0.0599   0.0856   0.0786   0.0348   0.0676   1.0000   0.1051   0.0744   0.0678   0.0243   0.0947   0.1071   0.0632   0.0817   0.1404   0.0542   0.0697   0.0950   0.1028   0.0727   0.0909   0.0422   0.0986   0.0446   0.1012   0.0505   0.0964   0.1330   0.0523   0.0694   0.0753   0.0463   0.0698
SIM24L2  0.1043  0.0901  0.0799  0.1143  0.0945  0.1417  0.0960  0.0987  0.0653  0.0662   0.1017   0.0771   0.0419   0.1455   0.0725   0.1195   0.0586   0.1187   0.1337   0.0597   0.1195   0.1284   0.0970   0.1051   1.0000   0.0906   0.0485   0.0793   0.0320   0.0522   0.0742   0.1317   0.0747   0.0880   0.1135   0.1189   0.1087   0.1424   0.1405   0.0480   0.1457   0.0557   0.1341   0.0735   0.0729   0.1137   0.1218   0.1302   0.0901   0.1491   0.0568
SIM25L2  0.0782  0.0298  0.0688  0.0974  0.0813  0.0780  0.0801  0.0797  0.0465  0.0727   0.0874   0.0640   0.0304   0.0422   0.0706   0.0370   0.0617   0.0581   0.0622   0.0819   0.1102   0.0419   0.0709   0.0744   0.0906   1.0000   0.0856   0.0784   0.0739   0.0524   0.0938   0.0748   0.1318   0.0560   0.0544   0.0755   0.0984   0.0421   0.0587   0.0667   0.0284   0.0696   0.1146   0.0642   0.0483   0.0911   0.0333   0.0572   0.0688   0.1688   0.0985
SIM26L2  0.0927  0.0853  0.1071  0.0933  0.0678  0.0642  0.0729  0.0404  0.0620  0.0472   0.0698   0.1156   0.0761   0.1007   0.1224   0.1409   0.0931   0.0800   0.1196   0.0844   0.0937   0.0937   0.1039   0.0678   0.0485   0.0856   1.0000   0.1228   0.0661   0.1551   0.1247   0.0493   0.0478   0.0985   0.0966   0.1181   0.0710   0.1093   0.0965   0.0774   0.0725   0.0590   0.1364   0.0589   0.0770   0.1280   0.0573   0.1031   0.1281   0.0645   0.0763
SIM27L2  0.0952  0.1193  0.0822  0.0657  0.0739  0.1196  0.0691  0.0878  0.0654  0.1210   0.0847   0.0686   0.0798   0.1653   0.1329   0.0457   0.0725   0.0473   0.1036   0.1370   0.0591   0.1328   0.0584   0.0243   0.0793   0.0784   0.1228   1.0000   0.0307   0.0711   0.1344   0.0533   0.0822   0.0815   0.0434   0.0846   0.0571   0.1535   0.1216   0.0737   0.1036   0.0643   0.1326   0.0300   0.0870   0.1190   0.0703   0.0774   0.0487   0.0894   0.0865
SIM28L2  0.1025  0.0328  0.1446  0.0546  0.0243  0.0964  0.0495  0.0618  0.0281  0.0314   0.1288   0.1211   0.0989   0.0717   0.1485   0.0719   0.0601   0.0893   0.0786   0.0106   0.0828   0.0254   0.0979   0.0947   0.0320   0.0739   0.0661   0.0307   1.0000   0.1170   0.1059   0.0473   0.0409   0.0790   0.1016   0.1199   0.0524   0.0765   0.0482   0.1244   0.0535   0.0743   0.1012   0.0487   0.0877   0.1055   0.0288   0.0988   0.0864   0.0963   0.0674
SIM29L2  0.1169  0.0464  0.0481  0.0659  0.0676  0.0487  0.0571  0.1418  0.0714  0.0381   0.0759   0.0942   0.0976   0.0888   0.1300   0.0830   0.0594   0.0765   0.1334   0.0340   0.0410   0.0450   0.0838   0.1071   0.0522   0.0524   0.1551   0.0711   0.1170   1.0000   0.1140   0.0207   0.0574   0.0508   0.0431   0.1322   0.0678   0.0976   0.0399   0.0927   0.1281   0.0810   0.1170   0.0621   0.0497   0.1010   0.0602   0.0828   0.1036   0.0420   0.0616
SIM30L2  0.1138  0.0498  0.0597  0.1465  0.0410  0.0664  0.0610  0.0562  0.0591  0.0854   0.0659   0.0960   0.0857   0.0860   0.1074   0.0846   0.0624   0.0261   0.0826   0.0743   0.0772   0.1015   0.0370   0.0632   0.0742   0.0938   0.1247   0.1344   0.1059   0.1140   1.0000   0.0654   0.0276   0.0724   0.0635   0.0909   0.0984   0.1330   0.1028   0.0818   0.1172   0.0509   0.0811   0.0834   0.0580   0.1136   0.0743   0.1078   0.1202   0.0889   0.0586
SIM31L2  0.0878  0.0948  0.0512  0.0788  0.0632  0.0490  0.0775  0.1025  0.0404  0.0738   0.0696   0.0920   0.0324   0.1160   0.0463   0.0796   0.0267   0.0604   0.1229   0.0620   0.0550   0.0618   0.1059   0.0817   0.1317   0.0748   0.0493   0.0533   0.0473   0.0207   0.0654   1.0000   0.0368   0.0788   0.0246   0.0283   0.0758   0.1002   0.0802   0.0519   0.1237   0.0680   0.0695   0.0431   0.0611   0.0508   0.0658   0.0781   0.0872   0.1195   0.0414
SIM32L2  0.0956  0.0595  0.0639  0.0499  0.0746  0.1156  0.2131  0.0924  0.0553  0.0503   0.0621   0.0438   0.0698   0.0941   0.0925   0.0737   0.0699   0.0598   0.0363   0.1517   0.1255   0.0154   0.1278   0.1404   0.0747   0.1318   0.0478   0.0822   0.0409   0.0574   0.0276   0.0368   1.0000   0.0626   0.0213   0.0817   0.0335   0.0524   0.1265   0.0250   0.0477   0.0352   0.1293   0.0352   0.0501   0.1205   0.0465   0.0702   0.0814   0.0394   0.0897
SIM33L2  0.0852  0.1088  0.0556  0.0630  0.0638  0.0910  0.0364  0.1030  0.0556  0.0965   0.1465   0.1332   0.1007   0.1343   0.0745   0.0332   0.1374   0.1308   0.1137   0.0970   0.0962   0.0941   0.0659   0.0542   0.0880   0.0560   0.0985   0.0815   0.0790   0.0508   0.0724   0.0788   0.0626   1.0000   0.0389   0.0828   0.0448   0.0828   0.0863   0.0903   0.0885   0.0521   0.0847   0.0594   0.0973   0.1070   0.0936   0.0451   0.0559   0.1071   0.1183
SIM34L2  0.0837  0.1046  0.1380  0.0964  0.1331  0.0942  0.0715  0.0864  0.1006  0.0622   0.0766   0.0464   0.0791   0.0711   0.0991   0.1189   0.1104   0.0759   0.0745   0.0581   0.1026   0.0637   0.0630   0.0697   0.1135   0.0544   0.0966   0.0434   0.1016   0.0431   0.0635   0.0246   0.0213   0.0389   1.0000   0.1427   0.1030   0.0818   0.0554   0.1000   0.0427   0.0569   0.0568   0.0842   0.1136   0.0809   0.0814   0.0964   0.1008   0.0542   0.0624
SIM35L2  0.1006  0.0968  0.1021  0.0719  0.1199  0.1050  0.0393  0.1047  0.0700  0.0545   0.0868   0.0975   0.0752   0.1211   0.1341   0.0761   0.1305   0.0689   0.1197   0.0591   0.1693   0.1083   0.0688   0.0950   0.1189   0.0755   0.1181   0.0846   0.1199   0.1322   0.0909   0.0283   0.0817   0.0828   0.1427   1.0000   0.0809   0.0799   0.1034   0.0877   0.0981   0.0555   0.1003   0.0682   0.1247   0.1280   0.0698   0.0642   0.1734   0.1369   0.0527
SIM36L2  0.1145  0.0573  0.0397  0.1123  0.0693  0.1233  0.0374  0.0938  0.0720  0.0602   0.0516   0.0557   0.0768   0.1099   0.0891   0.1154   0.0825   0.0290   0.0737   0.0773   0.0904   0.1034   0.0834   0.1028   0.1087   0.0984   0.0710   0.0571   0.0524   0.0678   0.0984   0.0758   0.0335   0.0448   0.1030   0.0809   1.0000   0.0411   0.0678   0.0844   0.0467   0.0524   0.0678   0.0598   0.0852   0.0598   0.0664   0.1095   0.0383   0.1165   0.0593
SIM37L2  0.0655  0.1373  0.0893  0.0790  0.0793  0.1152  0.0328  0.0768  0.0431  0.1363   0.1089   0.1375   0.0622   0.1088   0.1137   0.1112   0.0589   0.0785   0.1840   0.0334   0.0487   0.1357   0.0871   0.0727   0.1424   0.0421   0.1093   0.1535   0.0765   0.0976   0.1330   0.1002   0.0524   0.0828   0.0818   0.0799   0.0411   1.0000   0.1552   0.0622   0.1790   0.0361   0.0904   0.0709   0.0881   0.1564   0.1374   0.1046   0.1124   0.1218   0.0789
SIM38L2  0.0587  0.0373  0.0564  0.0358  0.0767  0.1335  0.1330  0.0893  0.0396  0.0672   0.0758   0.0701   0.0365   0.1076   0.0793   0.0731   0.0431   0.0426   0.0596   0.1277   0.0739   0.0592   0.1111   0.0909   0.1405   0.0587   0.0965   0.1216   0.0482   0.0399   0.1028   0.0802   0.1265   0.0863   0.0554   0.1034   0.0678   0.1552   1.0000   0.0652   0.0687   0.0526   0.1219   0.0550   0.0953   0.1803   0.0478   0.0677   0.0437   0.0699   0.0402
SIM39L2  0.1205  0.0342  0.0404  0.0527  0.0207  0.0389  0.0564  0.0689  0.0915  0.0650   0.1469   0.0931   0.0870   0.0493   0.1097   0.0708   0.0371   0.0516   0.1130   0.0484   0.0706   0.0656   0.0219   0.0422   0.0480   0.0667   0.0774   0.0737   0.1244   0.0927   0.0818   0.0519   0.0250   0.0903   0.1000   0.0877   0.0844   0.0622   0.0652   1.0000   0.0797   0.0411   0.0681   0.0850   0.0494   0.0802   0.0741   0.1037   0.0951   0.0581   0.0299
SIM40L2  0.0805  0.1045  0.0383  0.0905  0.0253  0.0184  0.0924  0.0895  0.1334  0.0739   0.0908   0.0945   0.0599   0.1576   0.0982   0.0822   0.0692   0.0865   0.1422   0.0677   0.0773   0.0715   0.0845   0.0986   0.1457   0.0284   0.0725   0.1036   0.0535   0.1281   0.1172   0.1237   0.0477   0.0885   0.0427   0.0981   0.0467   0.1790   0.0687   0.0797   1.0000   0.0511   0.1220   0.0467   0.0658   0.0624   0.1211   0.1190   0.1294   0.1059   0.0339
SIM41L2  0.0749  0.1082  0.1270  0.0413  0.0975  0.0483  0.0373  0.0630  0.0444  0.0402   0.0682   0.0979   0.0567   0.0599   0.0621   0.0734   0.0850   0.1299   0.0876   0.0274   0.1087   0.0583   0.1342   0.0446   0.0557   0.0696   0.0590   0.0643   0.0743   0.0810   0.0509   0.0680   0.0352   0.0521   0.0569   0.0555   0.0524   0.0361   0.0526   0.0411   0.0511   1.0000   0.0805   0.0339   0.0439   0.0374   0.0911   0.0537   0.0603   0.0820   0.0419
SIM42L2  0.0946  0.0866  0.1144  0.0653  0.0730  0.1267  0.1945  0.0364  0.0501  0.1100   0.0752   0.0822   0.0424   0.0511   0.1065   0.1040   0.0674   0.1522   0.1195   0.1162   0.0827   0.0614   0.0341   0.1012   0.1341   0.1146   0.1364   0.1326   0.1012   0.1170   0.0811   0.0695   0.1293   0.0847   0.0568   0.1003   0.0678   0.0904   0.1219   0.0681   0.1220   0.0805   1.0000   0.0482   0.0803   0.1602   0.0568   0.1357   0.1188   0.0789   0.0904
SIM43L2  0.1000  0.1040  0.0559  0.0696  0.0560  0.0348  0.0421  0.0792  0.0683  0.0297   0.0523   0.0803   0.0487   0.0224   0.0230   0.0374   0.0630   0.0555   0.0446   0.0554   0.0447   0.0747   0.0223   0.0505   0.0735   0.0642   0.0589   0.0300   0.0487   0.0621   0.0834   0.0431   0.0352   0.0594   0.0842   0.0682   0.0598   0.0709   0.0550   0.0850   0.0467   0.0339   0.0482   1.0000   0.0453   0.1295   0.0384   0.0347   0.0781   0.1055   0.0887
SIM44L2  0.0850  0.0894  0.0955  0.0953  0.1133  0.1441  0.0822  0.0555  0.0503  0.0470   0.0760   0.0615   0.1004   0.1094   0.0577   0.0356   0.1070   0.0912   0.0373   0.0642   0.0640   0.0812   0.0682   0.0964   0.0729   0.0483   0.0770   0.0870   0.0877   0.0497   0.0580   0.0611   0.0501   0.0973   0.1136   0.1247   0.0852   0.0881   0.0953   0.0494   0.0658   0.0439   0.0803   0.0453   1.0000   0.0884   0.1038   0.0482   0.0980   0.0770   0.0615
SIM45L2  0.0972  0.0397  0.1104  0.0797  0.0998  0.1325  0.1615  0.0752  0.0430  0.0638   0.1128   0.0763   0.0325   0.1247   0.0863   0.0623   0.0902   0.0666   0.0790   0.0919   0.1141   0.0266   0.0592   0.1330   0.1137   0.0911   0.1280   0.1190   0.1055   0.1010   0.1136   0.0508   0.1205   0.1070   0.0809   0.1280   0.0598   0.1564   0.1803   0.0802   0.0624   0.0374   0.1602   0.1295   0.0884   1.0000   0.0773   0.0889   0.1180   0.1188   0.0728
SIM46L2  0.1058  0.0953  0.0833  0.0655  0.1117  0.0442  0.0591  0.0585  0.0939  0.0500   0.1069   0.0434   0.0500   0.1224   0.0563   0.0943   0.0700   0.0512   0.1161   0.0415   0.0763   0.1082   0.0666   0.0523   0.1218   0.0333   0.0573   0.0703   0.0288   0.0602   0.0743   0.0658   0.0465   0.0936   0.0814   0.0698   0.0664   0.1374   0.0478   0.0741   0.1211   0.0911   0.0568   0.0384   0.1038   0.0773   1.0000   0.0484   0.1193   0.0892   0.0493
SIM47L2  0.1120  0.0786  0.0521  0.0609  0.0391  0.0342  0.0903  0.0498  0.0250  0.0711   0.0940   0.0801   0.0419   0.0931   0.0694   0.0567   0.0530   0.1168   0.1098   0.1037   0.1298   0.0991   0.1052   0.0694   0.1302   0.0572   0.1031   0.0774   0.0988   0.0828   0.1078   0.0781   0.0702   0.0451   0.0964   0.0642   0.1095   0.1046   0.0677   0.1037   0.1190   0.0537   0.1357   0.0347   0.0482   0.0889   0.0484   1.0000   0.0967   0.1244   0.0550
SIM48L2  0.0997  0.0890  0.0772  0.0883  0.1074  0.0697  0.0742  0.0782  0.0309  0.0836   0.0672   0.0823   0.1068   0.1225   0.0604   0.0676   0.0908   0.0776   0.1090   0.0569   0.0458   0.0753   0.0443   0.0753   0.0901   0.0688   0.1281   0.0487   0.0864   0.1036   0.1202   0.0872   0.0814   0.0559   0.1008   0.1734   0.0383   0.1124   0.0437   0.0951   0.1294   0.0603   0.1188   0.0781   0.0980   0.1180   0.1193   0.0967   1.0000   0.0394   0.0175
SIM49L2  0.1005  0.0771  0.0730  0.0761  0.0671  0.0779  0.0382  0.0698  0.0893  0.0814   0.1144   0.1117   0.0249   0.1035   0.0982   0.0585   0.1359   0.1110   0.1231   0.0878   0.1380   0.1021   0.0819   0.0463   0.1491   0.1688   0.0645   0.0894   0.0963   0.0420   0.0889   0.1195   0.0394   0.1071   0.0542   0.1369   0.1165   0.1218   0.0699   0.0581   0.1059   0.0820   0.0789   0.1055   0.0770   0.1188   0.0892   0.1244   0.0394   1.0000   0.0793
SIM50L2  0.1084  0.0775  0.1050  0.0915  0.0436  0.1104  0.0384  0.0588  0.0319  0.0958   0.0722   0.0754   0.0506   0.0287   0.0440   0.0793   0.0799   0.0779   0.0818   0.0801   0.1023   0.0711   0.0603   0.0698   0.0568   0.0985   0.0763   0.0865   0.0674   0.0616   0.0586   0.0414   0.0897   0.1183   0.0624   0.0527   0.0593   0.0789   0.0402   0.0299   0.0339   0.0419   0.0904   0.0887   0.0615   0.0728   0.0493   0.0550   0.0175   0.0793   1.0000

LD Score Matrix Condition Number
3.5619

Annotation Correlation Matrix
         SIM1    SIM2    SIM3    SIM4    SIM5    SIM6    SIM7    SIM8    SIM9   SIM10   SIM11   SIM12   SIM13   SIM14   SIM15   SIM16   SIM17   SIM18   SIM19   SIM20   SIM21   SIM22   SIM23   SIM24   SIM25   SIM26   SIM27   SIM28   SIM29   SIM30   SIM31   SIM32   SIM33   SIM34   SIM35   SIM36   SIM37   SIM38   SIM39   SIM40   SIM41   SIM42   SIM43   SIM44   SIM45   SIM46   SIM47   SIM48   SIM49   SIM50
SIM1   1.0000  0.0124 -0.0005  0.0061 -0.0005  0.0027  0.0059  0.0093  0.0094  0.0060  0.0121  0.0027  0.0058  0.0092  0.0089  0.0027  0.0089  0.0058  0.0096  0.0026  0.0027  0.0057  0.0091  0.0061  0.0126  0.0088  0.0056  0.0094  0.0027  0.0058  0.0153  0.0060  0.0092  0.0153  0.0027  0.0092  0.0093  0.0027  0.0153  0.0059  0.0064  0.0060  0.0061  0.0127  0.0126 -0.0005  0.0090  0.0120  0.0152  0.0090
SIM2   0.0124  1.0000  0.0057  0.0092  0.0091  0.0027 -0.0005  0.0027  0.0059 -0.0005  0.0057  0.0058  0.0057  0.0090  0.0118 -0.0005  0.0118  0.0057  0.0128  0.0087 -0.0005  0.0056  0.0089 -0.0005  0.0027  0.0056  0.0085  0.0158  0.0122  0.0026  0.0057  0.0026  0.0090  0.0181  0.0122  0.0027  0.0059  0.0059  0.0026  0.0058  0.0131  0.0058  0.0027  0.0092  0.0059  0.0096 -0.0005  0.0025  0.0056  0.0151
SIM3  -0.0005  0.0057  1.0000  0.0122  0.0090  0.0058  0.0026  0.0026  0.0090  0.0090  0.0025  0.0150  0.0056  0.0088  0.0116  0.0058  0.0055  0.0148  0.0028  0.0025  0.0026  0.0115  0.0026  0.0027  0.0090  0.0145  0.0054  0.0027  0.0089  0.0117  0.0056  0.0057  0.0183  0.0086  0.0152  0.0057  0.0058  0.0026  0.0117  0.0057 -0.0005  0.0089  0.0059  0.0090  0.0026 -0.0005  0.0087  0.0025  0.0086  0.0180
SIM4   0.0061  0.0092  0.0122  1.0000  0.0060  0.0060  0.0027  0.0028  0.0028  0.0093 -0.0005  0.0027  0.0090  0.0092  0.0057  0.0093  0.0153  0.0058  0.0063  0.0026  0.0091  0.0089  0.0091  0.0094  0.0061  0.0026  0.0056  0.0061 -0.0005  0.0026  0.0185  0.0060  0.0223  0.0185  0.0027  0.0125  0.0028  0.0093  0.0154 -0.0005  0.0030  0.0092  0.0095  0.0193  0.0060  0.0029  0.0059  0.0026  0.0152  0.0059
SIM5  -0.0005  0.0091  0.0090  0.0060  1.0000  0.0157  0.0090  0.0027  0.0093 -0.0005  0.0120 -0.0005  0.0057  0.0252  0.0057  0.0124 -0.0005  0.0058 -0.0005  0.0088  0.0059  0.0026  0.0122  0.0061  0.0093  0.0026  0.0178  0.0127 -0.0005  0.0026  0.0026  0.0188  0.0027  0.0121  0.0027 -0.0005  0.0093  0.0254  0.0089  0.0059  0.0064  0.0059  0.0028  0.0060  0.0060 -0.0005  0.0154  0.0057  0.0026  0.0058
SIM6   0.0027  0.0027  0.0058  0.0060  0.0157  1.0000  0.0090  0.0060 -0.0005  0.0027  0.0057  0.0090  0.0026  0.0122 -0.0005  0.0059  0.0057  0.0058  0.0095  0.0057  0.0058  0.0149 -0.0005  0.0060  0.0157  0.0056  0.0055  0.0126  0.0155  0.0120  0.0089 -0.0005  0.0091  0.0151  0.0027  0.0123  0.0027  0.0123  0.0057  0.0090 -0.0005  0.0155  0.0093  0.0125  0.0092  0.0029  0.0058  0.0057  0.0026  0.0089
SIM7   0.0059 -0.0005  0.0026  0.0027  0.0090  0.0090  1.0000  0.0155 -0.0005 -0.0005  0.0056  0.0057  0.0025  0.0089  0.0056  0.0090 -0.0006  0.0088  0.0061  0.0117  0.0057  0.0086  0.0026  0.0059  0.0059  0.0086  0.0084  0.0092  0.0121  0.0025  0.0118  0.0058 -0.0005  0.0118  0.0026  0.0121  0.0090  0.0026  0.0149  0.0120  0.0062  0.0121  0.0027  0.0059  0.0154  0.0062 -0.0005  0.0178  0.0056  0.0026
SIM8   0.0093  0.0027  0.0026  0.0028  0.0027  0.0060  0.0155  1.0000 -0.0005 -0.0005  0.0121  0.0059  0.0026  0.0124  0.0120  0.0092  0.0058  0.0058  0.0130  0.0120  0.0059  0.0026 -0.0005  0.0127  0.0060  0.0088  0.0025  0.0061  0.0124  0.0058  0.0058  0.0059  0.0060  0.0153  0.0060  0.0060  0.0060  0.0157  0.0153  0.0059  0.0064  0.0124  0.0161  0.0094  0.0060  0.0064  0.0027  0.0088  0.0057  0.0090
SIM9   0.0094  0.0059  0.0090  0.0028  0.0093 -0.0005 -0.0005 -0.0005  1.0000  0.0093  0.0026  0.0091  0.0089  0.0059 -0.0005  0.0125  0.0152  0.0026  0.0029  0.0152  0.0027 -0.0005  0.0059  0.0061  0.0126 -0.0005  0.0087  0.0028  0.0027  0.0090  0.0026  0.0092  0.0125  0.0153  0.0060  0.0060  0.0093  0.0092  0.0090 -0.0005  0.0064  0.0092  0.0028  0.0127  0.0093  0.0064  0.0122  0.0089  0.0026  0.0059
SIM10  0.0060 -0.0005  0.0090  0.0093 -0.0005  0.0027 -0.0005 -0.0005  0.0093  1.0000  0.0057  0.0090  0.0026  0.0059  0.0057  0.0124 -0.0005  0.0090  0.0029  0.0026  0.0027  0.0088  0.0122  0.0061  0.0027  0.0057  0.0086  0.0127  0.0091  0.0089  0.0089  0.0027  0.0124  0.0026  0.0059  0.0027 -0.0005  0.0092  0.0089  0.0059  0.0064  0.0091  0.0061  0.0060  0.0060  0.0098  0.0122  0.0057  0.0089  0.0090
SIM11  0.0121  0.0057  0.0025 -0.0005  0.0120  0.0057  0.0056  0.0121  0.0026  0.0057  1.0000 -0.0006 -0.0006  0.0025  0.0085  0.0026  0.0146  0.0025  0.0027  0.0115  0.0118  0.0054  0.0025 -0.0005  0.0089  0.0054  0.0024  0.0027 -0.0005  0.0116  0.0086  0.0057  0.0119  0.0055  0.0088 -0.0005  0.0120  0.0088  0.0086  0.0025  0.0161  0.0119  0.0090  0.0026  0.0120  0.0094  0.0148  0.0055  0.0055  0.0117
SIM12  0.0027  0.0058  0.0150  0.0027 -0.0005  0.0090  0.0057  0.0059  0.0091  0.0090 -0.0006  1.0000  0.0056  0.0152  0.0056  0.0090  0.0056 -0.0005  0.0028  0.0086  0.0089  0.0025 -0.0005  0.0092  0.0123  0.0177  0.0084 -0.0005  0.0089 -0.0006  0.0025  0.0089  0.0090  0.0087  0.0058 -0.0005  0.0090  0.0026  0.0056  0.0151  0.0029  0.0026  0.0124  0.0091  0.0058  0.0028  0.0026  0.0086  0.0056  0.0088
SIM13  0.0058  0.0057  0.0056  0.0090  0.0057  0.0026  0.0025  0.0026  0.0089  0.0026 -0.0006  0.0056  1.0000  0.0025  0.0024  0.0026  0.0025  0.0147  0.0027  0.0175  0.0087  0.0024  0.0087  0.0154 -0.0005  0.0054  0.0113  0.0058  0.0119  0.0116  0.0116  0.0119  0.0057  0.0025  0.0088  0.0057  0.0057 -0.0005  0.0208  0.0148  0.0095  0.0026  0.0027  0.0090  0.0057  0.0061  0.0056  0.0175  0.0115  0.0148
SIM14  0.0092  0.0090  0.0088  0.0092  0.0252  0.0122  0.0089  0.0124  0.0059  0.0059  0.0025  0.0152  0.0025  1.0000 -0.0006  0.0091  0.0087  0.0119  0.0128  0.0025  0.0058  0.0117  0.0058  0.0060  0.0091  0.0086  0.0115  0.0027  0.0153 -0.0005  0.0057  0.0185  0.0122  0.0057  0.0090  0.0122  0.0027  0.0027  0.0088  0.0089  0.0063  0.0090  0.0125  0.0124  0.0059  0.0163  0.0057  0.0025  0.0087  0.0089
SIM15  0.0089  0.0118  0.0116  0.0057  0.0057 -0.0005  0.0056  0.0120 -0.0005  0.0057  0.0085  0.0056  0.0024 -0.0006  1.0000  0.0119  0.0085  0.0177  0.0059  0.0024  0.0117  0.0114  0.0025  0.0058  0.0057  0.0084  0.0082  0.0026 -0.0006  0.0146  0.0055  0.0087  0.0057  0.0085  0.0180  0.0149 -0.0005  0.0150  0.0025  0.0178  0.0028  0.0180  0.0026 -0.0005  0.0026  0.0126  0.0025  0.0024  0.0024  0.0116
SIM16  0.0027 -0.0005  0.0058  0.0093  0.0124  0.0059  0.0090  0.0092  0.0125  0.0124  0.0026  0.0090  0.0026  0.0091  0.0119  1.0000  0.0026  0.0026  0.0062  0.0057  0.0058  0.0025  0.0026 -0.0005  0.0027  0.0025 -0.0006  0.0028  0.0059  0.0026  0.0089  0.0027 -0.0005  0.0089  0.0027  0.0091  0.0027  0.0091  0.0026  0.0185  0.0029  0.0059  0.0093  0.0027  0.0092 -0.0005  0.0058  0.0088  0.0088  0.0026
SIM17  0.0089  0.0118  0.0055  0.0153 -0.0005  0.0057 -0.0006  0.0058  0.0152 -0.0005  0.0146  0.0056  0.0025  0.0087  0.0085  0.0026  1.0000  0.0055  0.0092  0.0055  0.0087  0.0114  0.0025  0.0026  0.0120  0.0054 -0.0006  0.0058  0.0119  0.0025  0.0055 -0.0005  0.0150  0.0116  0.0026 -0.0005  0.0089  0.0057  0.0055  0.0087  0.0260  0.0026  0.0090  0.0153  0.0120  0.0061  0.0025  0.0084  0.0175  0.0056
SIM18  0.0058  0.0057  0.0148  0.0058  0.0058  0.0058  0.0088  0.0058  0.0026  0.0090  0.0025 -0.0005  0.0147  0.0119  0.0177  0.0026  0.0055  1.0000 -0.0005  0.0055  0.0057  0.0115  0.0057  0.0059  0.0122  0.0115  0.0084  0.0059  0.0057  0.0117  0.0148  0.0120  0.0057  0.0086  0.0026 -0.0005  0.0153 -0.0005  0.0056  0.0026  0.0162  0.0120  0.0027  0.0090  0.0121  0.0028  0.0025  0.0055  0.0086 -0.0006
SIM19  0.0096  0.0128  0.0028  0.0063 -0.0005  0.0095  0.0061  0.0130  0.0029  0.0029  0.0027  0.0028  0.0027  0.0128  0.0059  0.0062  0.0092 -0.0005  1.0000  0.0092  0.0028  0.0059  0.0028  0.0097  0.0029  0.0027  0.0058 -0.0005  0.0028  0.0060  0.0093  0.0128  0.0062  0.0092  0.0028  0.0028  0.0130  0.0062  0.0190  0.0094  0.0031  0.0061  0.0097  0.0130  0.0029  0.0066  0.0028 -0.0005  0.0059  0.0093
SIM20  0.0026  0.0087  0.0025  0.0026  0.0088  0.0057  0.0117  0.0120  0.0152  0.0026  0.0115  0.0086  0.0175  0.0025  0.0024  0.0057  0.0055  0.0055  0.0092  1.0000  0.0087  0.0084 -0.0006  0.0121  0.0057  0.0084  0.0112  0.0090  0.0025  0.0055  0.0025  0.0149  0.0026  0.0055  0.0149  0.0025  0.0057  0.0057  0.0085  0.0025  0.0028  0.0056  0.0026  0.0026  0.0057  0.0093  0.0208  0.0084  0.0115  0.0086
SIM21  0.0027 -0.0005  0.0026  0.0091  0.0059  0.0058  0.0057  0.0059  0.0027  0.0027  0.0118  0.0089  0.0087  0.0058  0.0117  0.0058  0.0087  0.0057  0.0028  0.0087  1.0000  0.0056  0.0057  0.0060  0.0091  0.0086  0.0055  0.0060  0.0121  0.0180  0.0212  0.0026  0.0026  0.0149  0.0153  0.0090  0.0091  0.0026  0.0026  0.0057  0.0063  0.0026  0.0092  0.0059  0.0091  0.0029  0.0151  0.0148  0.0087  0.0026
SIM22  0.0057  0.0056  0.0115  0.0089  0.0026  0.0149  0.0086  0.0026 -0.0005  0.0088  0.0054  0.0025  0.0024  0.0117  0.0114  0.0025  0.0114  0.0115  0.0059  0.0084  0.0056  1.0000  0.0055  0.0026  0.0057  0.0172  0.0023  0.0026  0.0087  0.0055  0.0085  0.0179 -0.0006 -0.0006  0.0118  0.0025  0.0026  0.0025  0.0145  0.0055  0.0126  0.0087  0.0058  0.0089  0.0057  0.0093  0.0116  0.0113  0.0114  0.0207
SIM23  0.0091  0.0089  0.0026  0.0091  0.0122 -0.0005  0.0026 -0.0005  0.0059  0.0122  0.0025 -0.0005  0.0087  0.0058  0.0025  0.0026  0.0025  0.0057  0.0028 -0.0006  0.0057  0.0055  1.0000  0.0124  0.0027  0.0086  0.0054  0.0027  0.0152  0.0025  0.0025  0.0089  0.0058  0.0025  0.0058  0.0153  0.0027  0.0122  0.0087  0.0057  0.0029  0.0058  0.0092  0.0027  0.0027 -0.0005  0.0119  0.0056  0.0056  0.0026
SIM24  0.0061 -0.0005  0.0027  0.0094  0.0061  0.0060  0.0059  0.0127  0.0061  0.0061 -0.0005  0.0092  0.0154  0.0060  0.0058 -0.0005  0.0026  0.0059  0.0097  0.0121  0.0060  0.0026  0.0124  1.0000  0.0094  0.0026 -0.0005  0.0028  0.0093  0.0186  0.0059  0.0158  0.0093  0.0122  0.0028  0.0093  0.0160 -0.0005 -0.0005  0.0124  0.0030  0.0125  0.0062  0.0028  0.0028  0.0064  0.0059  0.0152  0.0090  0.0027
SIM25  0.0126  0.0027  0.0090  0.0061  0.0093  0.0157  0.0059  0.0060  0.0126  0.0027  0.0089  0.0123 -0.0005  0.0091  0.0057  0.0027  0.0120  0.0122  0.0029  0.0057  0.0091  0.0057  0.0027  0.0094  1.0000  0.0088  0.0087  0.0028  0.0059  0.0121  0.0090  0.0124  0.0060  0.0089  0.0027  0.0092  0.0027  0.0060  0.0121  0.0091  0.0030  0.0059  0.0061 -0.0005 -0.0005  0.0132  0.0058 -0.0005  0.0057  0.0122
