*********************************************************************
* LD Score Regression (LDSC)
* Version 1.0.1
* (C) 2014-2019 Brendan Bulik-Sullivan and Hilary Finucane
* Broad Institute of MIT and Harvard / MIT Department of Mathematics
* GNU General Public License v3
*********************************************************************
Call: 
./ldsc.py \
--out /data/sbcs/GuoLab/backup/liq17/CRC_TF_TWAS_zhishan2024/NC_revision_OceanCode/v2_NC_revision//84Tracks//ldscores_sim5000//8 \
--bfile /data/sbcs/GuoLab/backup/liq17/ref/Alkesgroup/1000G_EUR_Phase3_plink_hg38/1000G.EUR.QC.8 \
--annot /data/sbcs/GuoLab/backup/liq17/CRC_TF_TWAS_zhishan2024/NC_revision_OceanCode/v2_NC_revision//84Tracks//annots_sim5000//8.annot.txt \
--l2  \
--ld-wind-kb 100.0 

Beginning analysis at Sun Oct 26 23:12:16 2025
Read list of 549556 SNPs from /data/sbcs/GuoLab/backup/liq17/ref/Alkesgroup/1000G_EUR_Phase3_plink_hg38/1000G.EUR.QC.8.bim
Read 50 annotations for 549556 SNPs from /data/sbcs/GuoLab/backup/liq17/CRC_TF_TWAS_zhishan2024/NC_revision_OceanCode/v2_NC_revision//84Tracks//annots_sim5000//8.annot.txt
Read list of 489 individuals from /data/sbcs/GuoLab/backup/liq17/ref/Alkesgroup/1000G_EUR_Phase3_plink_hg38/1000G.EUR.QC.8.fam
Reading genotypes from /data/sbcs/GuoLab/backup/liq17/ref/Alkesgroup/1000G_EUR_Phase3_plink_hg38/1000G.EUR.QC.8.bed
Estimating LD Score.
Writing LD Scores for 549556 SNPs to /data/sbcs/GuoLab/backup/liq17/CRC_TF_TWAS_zhishan2024/NC_revision_OceanCode/v2_NC_revision//84Tracks//ldscores_sim5000//8.l2.ldscore.gz

Summary of LD Scores in /data/sbcs/GuoLab/backup/liq17/CRC_TF_TWAS_zhishan2024/NC_revision_OceanCode/v2_NC_revision//84Tracks//ldscores_sim5000//8.l2.ldscore.gz
         MAF  SIM1L2  SIM2L2  SIM3L2  SIM4L2      SIM5L2  SIM6L2      SIM7L2  SIM8L2  SIM9L2  SIM10L2  SIM11L2  SIM12L2  SIM13L2  SIM14L2  SIM15L2  SIM16L2  SIM17L2  SIM18L2  SIM19L2  SIM20L2  SIM21L2  SIM22L2  SIM23L2  SIM24L2  SIM25L2  SIM26L2  SIM27L2  SIM28L2  SIM29L2  SIM30L2  SIM31L2  SIM32L2  SIM33L2  SIM34L2  SIM35L2  SIM36L2  SIM37L2  SIM38L2  SIM39L2  SIM40L2  SIM41L2  SIM42L2  SIM43L2  SIM44L2  SIM45L2  SIM46L2  SIM47L2  SIM48L2  SIM49L2  SIM50L2
mean  0.1476  0.0391  0.0433  0.0354  0.0360  3.9019e-02  0.0397  3.8643e-02  0.0434  0.0435   0.0327   0.0387   0.0382   0.0395   0.0398   0.0431   0.0437   0.0439   0.0374   0.0390   0.0410   0.0431   0.0365   0.0354   0.0355   0.0373   0.0447   0.0404   0.0421   0.0380   0.0404   0.0363   0.0422   0.0384   0.0426   0.0375   0.0450   0.0463   0.0429   0.0403   0.0384   0.0366   0.0326   0.0381   0.0370   0.0421   0.0375   0.0362   0.0331   0.0457   0.0330
std   0.1493  0.1634  0.1650  0.1467  0.1493  1.5989e-01  0.1557  1.5967e-01  0.1676  0.1718   0.1396   0.1551   0.1575   0.1680   0.1585   0.1641   0.1711   0.1633   0.1512   0.1640   0.1628   0.1671   0.1514   0.1525   0.1495   0.1535   0.1706   0.1638   0.1592   0.1546   0.1603   0.1470   0.1641   0.1620   0.1738   0.1545   0.1742   0.1727   0.1670   0.1631   0.1525   0.1488   0.1426   0.1525   0.1536   0.1645   0.1591   0.1459   0.1411   0.1852   0.1418
min   0.0051 -0.0073 -0.0082 -0.0075 -0.0076 -9.5974e-03 -0.0076 -9.2503e-03 -0.0085 -0.0089  -0.0078  -0.0088  -0.0074  -0.0097  -0.0095  -0.0077  -0.0096  -0.0084  -0.0096  -0.0075  -0.0091  -0.0074  -0.0074  -0.0077  -0.0108  -0.0092  -0.0075  -0.0098  -0.0090  -0.0100  -0.0076  -0.0060  -0.0089  -0.0093  -0.0105  -0.0101  -0.0089  -0.0089  -0.0097  -0.0101  -0.0086  -0.0086  -0.0072  -0.0080  -0.0087  -0.0077  -0.0078  -0.0077  -0.0109  -0.0086  -0.0096
25%   0.0194  0.0000  0.0000  0.0000  0.0000  0.0000e+00  0.0000  0.0000e+00  0.0000  0.0000   0.0000   0.0000   0.0000   0.0000   0.0000   0.0000   0.0000   0.0000   0.0000   0.0000   0.0000   0.0000   0.0000   0.0000   0.0000   0.0000   0.0000   0.0000   0.0000   0.0000   0.0000   0.0000   0.0000   0.0000   0.0000   0.0000   0.0000   0.0000   0.0000   0.0000   0.0000   0.0000   0.0000   0.0000   0.0000   0.0000   0.0000   0.0000   0.0000   0.0000   0.0000
50%   0.0838  0.0000  0.0000  0.0000  0.0000  0.0000e+00  0.0000  0.0000e+00  0.0000  0.0000   0.0000   0.0000   0.0000   0.0000   0.0000   0.0000   0.0000   0.0000   0.0000   0.0000   0.0000   0.0000   0.0000   0.0000   0.0000   0.0000   0.0000   0.0000   0.0000   0.0000   0.0000   0.0000   0.0000   0.0000   0.0000   0.0000   0.0000   0.0000   0.0000   0.0000   0.0000   0.0000   0.0000   0.0000   0.0000   0.0000   0.0000   0.0000   0.0000   0.0000   0.0000
75%   0.2556  0.0010  0.0024  0.0004  0.0004  9.3949e-05  0.0012  4.5246e-05  0.0025  0.0013   0.0000   0.0010   0.0009   0.0002   0.0009   0.0026   0.0024   0.0027   0.0007   0.0007   0.0014   0.0025   0.0005   0.0003   0.0000   0.0004   0.0015   0.0009   0.0022   0.0008   0.0011   0.0005   0.0007   0.0003   0.0021   0.0008   0.0016   0.0028   0.0013   0.0009   0.0014   0.0005   0.0000   0.0012   0.0006   0.0015   0.0004   0.0005   0.0000   0.0024   0.0000
max   0.5000  2.3278  1.9677  2.0000  2.0564  2.0000e+00  2.0120  2.0000e+00  3.2110  2.9851   2.6159   2.0610   2.0043   2.7413   2.9737   2.0000   2.0000   2.0092   2.5311   2.9793   2.0328   2.1611   2.9457   3.0000   2.0333   1.9338   3.0000   2.0246   1.9952   2.0000   2.0000   2.0000   1.9847   2.3220   2.3406   2.0000   2.3254   2.7641   1.9951   2.2842   2.0000   2.0000   2.0083   1.9839   1.9730   2.0335   2.6142   1.6835   1.8486   3.2864   2.0026

MAF/LD Score Correlation Matrix
            MAF  SIM1L2  SIM2L2  SIM3L2  SIM4L2  SIM5L2  SIM6L2  SIM7L2  SIM8L2  SIM9L2  SIM10L2  SIM11L2  SIM12L2  SIM13L2  SIM14L2  SIM15L2  SIM16L2  SIM17L2  SIM18L2  SIM19L2  SIM20L2  SIM21L2  SIM22L2  SIM23L2  SIM24L2  SIM25L2  SIM26L2  SIM27L2  SIM28L2  SIM29L2  SIM30L2  SIM31L2  SIM32L2  SIM33L2  SIM34L2  SIM35L2  SIM36L2  SIM37L2  SIM38L2  SIM39L2  SIM40L2  SIM41L2  SIM42L2  SIM43L2  SIM44L2  SIM45L2  SIM46L2  SIM47L2  SIM48L2  SIM49L2  SIM50L2
MAF      1.0000  0.0972  0.1185  0.1162  0.0798  0.0864  0.1030  0.1038  0.1193  0.0881   0.1089   0.1038   0.1112   0.0813   0.1083   0.1187   0.0790   0.1292   0.1133   0.0817   0.0782   0.1118   0.0891   0.1047   0.1303   0.0884   0.1081   0.1294   0.1217   0.1096   0.1171   0.1106   0.1407   0.0845   0.0955   0.1125   0.1167   0.1253   0.1225   0.0879   0.1025   0.1059   0.0849   0.1034   0.1257   0.1191   0.1210   0.0896   0.1149   0.1131   0.0772
SIM1L2   0.0972  1.0000  0.1477  0.0846  0.1143  0.0655  0.0623  0.1312  0.1000  0.1158   0.0635   0.0633   0.1672   0.1424   0.0446   0.0573   0.0613   0.0955   0.0714   0.1621   0.0549   0.2159   0.1094   0.0711   0.1438   0.0837   0.1337   0.1952   0.1226   0.1134   0.0371   0.1172   0.1174   0.1806   0.0730   0.1420   0.1169   0.1390   0.0613   0.1401   0.1041   0.1096   0.1024   0.0597   0.0812   0.1368   0.0741   0.1578   0.0964   0.1035   0.2215
SIM2L2   0.1185  0.1477  1.0000  0.1274  0.1421  0.0827  0.0645  0.0287  0.0635  0.1050   0.0676   0.0970   0.0529   0.1130   0.0417   0.1509   0.0963   0.0841   0.0877   0.1040   0.1442   0.0736   0.0701   0.0742   0.1195   0.1018   0.1342   0.1344   0.1301   0.0786   0.0661   0.1282   0.1349   0.0705   0.1182   0.1211   0.0775   0.1620   0.0857   0.1157   0.0906   0.0806   0.0898   0.0463   0.0812   0.0775   0.1771   0.0372   0.0949   0.0891   0.0712
SIM3L2   0.1162  0.0846  0.1274  1.0000  0.1213  0.0583  0.0438  0.0411  0.0507  0.0810   0.0275   0.0986   0.0633   0.1245   0.0789   0.0809   0.1093   0.0532   0.0649   0.0728   0.0745   0.0582   0.0333   0.0863   0.1228   0.0701   0.0467   0.0876   0.0974   0.0913   0.0531   0.0666   0.0887   0.0683   0.0604   0.0889   0.0884   0.1202   0.0997   0.0708   0.0544   0.0820   0.0622   0.0680   0.0664   0.0633   0.1072   0.0536   0.0534   0.0743   0.0791
SIM4L2   0.0798  0.1143  0.1421  0.1213  1.0000  0.1144  0.0729  0.0426  0.1131  0.0680   0.0568   0.0646   0.0850   0.1466   0.0902   0.1446   0.1042   0.0797   0.0609   0.1091   0.1161   0.0661   0.0531   0.1086   0.0564   0.0215   0.0837   0.0643   0.0570   0.0734   0.0914   0.1244   0.1104   0.1054   0.1216   0.0955   0.0789   0.1048   0.0941   0.1522   0.1264   0.0953   0.0826   0.0908   0.0990   0.0939   0.0885   0.0910   0.0736   0.0476   0.0753
SIM5L2   0.0864  0.0655  0.0827  0.0583  0.1144  1.0000  0.0602  0.1198  0.0934  0.0566   0.0853   0.1072   0.0772   0.0963   0.0804   0.1113   0.0788   0.1251   0.0582   0.0728   0.0593   0.0443   0.1027   0.0683   0.0874   0.1021   0.0995   0.0570   0.1023   0.0693   0.0554   0.1363   0.0539   0.0882   0.1516   0.0444   0.1050   0.1070   0.0794   0.0956   0.0757   0.0718   0.0572   0.0712   0.0610   0.0821   0.0459   0.0469   0.0658   0.0681   0.0378
SIM6L2   0.1030  0.0623  0.0645  0.0438  0.0729  0.0602  1.0000  0.0941  0.0854  0.0554   0.0504   0.0823   0.0629   0.0845   0.0831   0.0939   0.0615   0.1086   0.0771   0.1013   0.0907   0.1422   0.0627   0.0831   0.0437   0.0494   0.1125   0.0622   0.0946   0.1222   0.0449   0.0764   0.0851   0.0967   0.0201   0.0456   0.0697   0.0452   0.0793   0.0236   0.1073   0.1144   0.0574   0.0912   0.0504   0.0722   0.0740   0.0765   0.0301   0.0594   0.0421
SIM7L2   0.1038  0.1312  0.0287  0.0411  0.0426  0.1198  0.0941  1.0000  0.1293  0.1455   0.1301   0.1092   0.1177   0.0948   0.0901   0.0674   0.1183   0.0992   0.0878   0.1250   0.0987   0.1582   0.0830   0.0837   0.1175   0.0909   0.0716   0.0971   0.1031   0.1626   0.1232   0.0833   0.0620   0.1206   0.0971   0.0818   0.1183   0.0921   0.1052   0.0959   0.0812   0.0799   0.1189   0.0993   0.0972   0.1522   0.0491   0.0869   0.0329   0.0730   0.1215
SIM8L2   0.1193  0.1000  0.0635  0.0507  0.1131  0.0934  0.0854  0.1293  1.0000  0.1194   0.1414   0.0716   0.0779   0.1519   0.0965   0.1612   0.0800   0.0933   0.1013   0.1337   0.0810   0.1822   0.1381   0.0722   0.1563   0.0693   0.1554   0.0892   0.0817   0.1490   0.0753   0.1031   0.1521   0.1015   0.0771   0.0559   0.0494   0.1164   0.0991   0.0770   0.1106   0.1005   0.1193   0.1151   0.0955   0.1653   0.0778   0.0748   0.0676   0.1047   0.0974
SIM9L2   0.0881  0.1158  0.1050  0.0810  0.0680  0.0566  0.0554  0.1455  0.1194  1.0000   0.1506   0.0746   0.0823   0.1116   0.0589   0.1328   0.0946   0.0687   0.0617   0.1487   0.1201   0.0899   0.1157   0.0678   0.0807   0.0719   0.0877   0.0224   0.0753   0.1311   0.1474   0.1094   0.0939   0.0516   0.1687   0.0968   0.0921   0.0421   0.1122   0.1316   0.1049   0.0891   0.1554   0.0544   0.0473   0.1163   0.1809   0.1768   0.1319   0.1346   0.1362
SIM10L2  0.1089  0.0635  0.0676  0.0275  0.0568  0.0853  0.0504  0.1301  0.1414  0.1506   1.0000   0.0517   0.0579   0.0771   0.0994   0.0841   0.1245   0.0977   0.0838   0.0812   0.0903   0.0985   0.0636   0.0508   0.0774   0.0989   0.0703   0.0561   0.0747   0.1073   0.1156   0.1014   0.1630   0.0396   0.1133   0.0745   0.0731   0.0823   0.0564   0.1215   0.1025   0.1123   0.1490   0.0851   0.0464   0.1089   0.0796   0.0417   0.0567   0.0814   0.0585
SIM11L2  0.1038  0.0633  0.0970  0.0986  0.0646  0.1072  0.0823  0.1092  0.0716  0.0746   0.0517   1.0000   0.1211   0.1045   0.1082   0.1147   0.0790   0.0981   0.0866   0.0721   0.0350   0.0987   0.0714   0.0657   0.1097   0.1024   0.0777   0.1262   0.1149   0.0367   0.1063   0.1139   0.0950   0.0856   0.0583   0.0532   0.1449   0.1262   0.0763   0.0806   0.0873   0.0991   0.0648   0.1170   0.1033   0.0968   0.1288   0.0213   0.1395   0.1546   0.0593
SIM12L2  0.1112  0.1672  0.0529  0.0633  0.0850  0.0772  0.0629  0.1177  0.0779  0.0823   0.0579   0.1211   1.0000   0.0699   0.1332   0.0475   0.0370   0.1848   0.0841   0.0778   0.0324   0.1300   0.0976   0.1179   0.1938   0.1470   0.0971   0.1596   0.1463   0.0657   0.0516   0.1136   0.1034   0.1201   0.0562   0.1067   0.1131   0.1021   0.1475   0.0596   0.0894   0.1020   0.0432   0.0803   0.1481   0.1010   0.0769   0.0933   0.1111   0.0742   0.0832
SIM13L2  0.0813  0.1424  0.1130  0.1245  0.1466  0.0963  0.0845  0.0948  0.1519  0.1116   0.0771   0.1045   0.0699   1.0000   0.0626   0.1292   0.1273   0.0746   0.0504   0.1953   0.1187   0.1675   0.0857   0.0696   0.0567   0.0303   0.0767   0.1080   0.0736   0.1167   0.0647   0.1083   0.1382   0.1100   0.0798   0.1362   0.1134   0.0979   0.0896   0.1130   0.1159   0.1045   0.0911   0.1300   0.0401   0.1294   0.0591   0.1190   0.0746   0.1063   0.1118
SIM14L2  0.1083  0.0446  0.0417  0.0789  0.0902  0.0804  0.0831  0.0901  0.0965  0.0589   0.0994   0.1082   0.1332   0.0626   1.0000   0.1004   0.0670   0.1065   0.0915   0.0936   0.0452   0.0991   0.1015   0.1210   0.1087   0.1074   0.1111   0.1029   0.1049   0.0693   0.0643   0.1034   0.1227   0.0776   0.1282   0.0533   0.0920   0.1113   0.1077   0.0542   0.0171   0.0429   0.0418   0.0721   0.0340   0.0708   0.1282   0.0366   0.0391   0.0445   0.0301
SIM15L2  0.1187  0.0573  0.1509  0.0809  0.1446  0.1113  0.0939  0.0674  0.1612  0.1328   0.0841   0.1147   0.0475   0.1292   0.1004   1.0000   0.1560   0.0586   0.1086   0.1398   0.1819   0.1211   0.0359   0.0970   0.1434   0.0941   0.1696   0.0711   0.1421   0.0561   0.1324   0.0827   0.1437   0.0600   0.1208   0.0842   0.1637   0.1141   0.1361   0.1538   0.1308   0.1386   0.1262   0.1163   0.0936   0.0844   0.1372   0.0589   0.0535   0.1269   0.0218
SIM16L2  0.0790  0.0613  0.0963  0.1093  0.1042  0.0788  0.0615  0.1183  0.0800  0.0946   0.1245   0.0790   0.0370   0.1273   0.0670   0.1560   1.0000   0.0912   0.1026   0.0864   0.0867   0.1342   0.0084   0.0786   0.0926   0.0601   0.1619   0.0432   0.1428   0.0919   0.0988   0.1267   0.1312   0.0600   0.0924   0.0647   0.1248   0.1007   0.0869   0.0908   0.1116   0.0874   0.1129   0.1531   0.0683   0.1029   0.1621   0.0898   0.0794   0.0771   0.0642
SIM17L2  0.1292  0.0955  0.0841  0.0532  0.0797  0.1251  0.1086  0.0992  0.0933  0.0687   0.0977   0.0981   0.1848   0.0746   0.1065   0.0586   0.0912   1.0000   0.0913   0.0507   0.0940   0.0943   0.0919   0.1017   0.0647   0.0653   0.0770   0.0569   0.1278   0.1062   0.0754   0.1332   0.0990   0.0795   0.0934   0.1554   0.1176   0.0656   0.1313   0.0253   0.0939   0.0612   0.0999   0.1111   0.0614   0.0810   0.0603   0.0788   0.0665   0.0697   0.0641
SIM18L2  0.1133  0.0714  0.0877  0.0649  0.0609  0.0582  0.0771  0.0878  0.1013  0.0617   0.0838   0.0866   0.0841   0.0504   0.0915   0.1086   0.1026   0.0913   1.0000   0.0688   0.0795   0.1011   0.0454   0.0854   0.0975   0.0640   0.1018   0.0968   0.0717   0.0805   0.1036   0.0664   0.1236   0.0494   0.0224   0.0478   0.1008   0.1089   0.0765   0.0441   0.0254   0.0728   0.1184   0.0647   0.0547   0.1172   0.0889   0.0835   0.0486   0.0959   0.0733
SIM19L2  0.0817  0.1621  0.1040  0.0728  0.1091  0.0728  0.1013  0.1250  0.1337  0.1487   0.0812   0.0721   0.0778   0.1953   0.0936   0.1398   0.0864   0.0507   0.0688   1.0000   0.0990   0.1608   0.1116   0.0806   0.1095   0.0356   0.1340   0.0895   0.0949   0.1282   0.0528   0.0979   0.1576   0.1542   0.1059   0.1114   0.0774   0.1083   0.0857   0.1207   0.1748   0.1392   0.0881   0.0692   0.0917   0.1266   0.0759   0.1384   0.0559   0.0901   0.1257
SIM20L2  0.0782  0.0549  0.1442  0.0745  0.1161  0.0593  0.0907  0.0987  0.0810  0.1201   0.0903   0.0350   0.0324   0.1187   0.0452   0.1819   0.0867   0.0940   0.0795   0.0990   1.0000   0.0698   0.0891   0.0722   0.0752   0.0792   0.1051   0.0437   0.0726   0.1277   0.1208   0.0934   0.0866   0.0600   0.1295   0.0831   0.0732   0.0389   0.0962   0.0576   0.0908   0.0663   0.1532   0.0518   0.1022   0.0829   0.0740   0.0192   0.0613   0.0594   0.0359
SIM21L2  0.1118  0.2159  0.0736  0.0582  0.0661  0.0443  0.1422  0.1582  0.1822  0.0899   0.0985   0.0987   0.1300   0.1675   0.0991   0.1211   0.1342   0.0943   0.1011   0.1608   0.0698   1.0000   0.0487   0.0961   0.1323   0.0541   0.0975   0.1436   0.1238   0.1388   0.0723   0.1041   0.1438   0.2015   0.0868   0.1286   0.1761   0.1593   0.0878   0.0975   0.1909   0.1648   0.0440   0.1070   0.1011   0.1357   0.0977   0.1045   0.0488   0.0848   0.1262
SIM22L2  0.0891  0.1094  0.0701  0.0333  0.0531  0.1027  0.0627  0.0830  0.1381  0.1157   0.0636   0.0714   0.0976   0.0857   0.1015   0.0359   0.0084   0.0919   0.0454   0.1116   0.0891   0.0487   1.0000   0.0451   0.1011   0.0894   0.0618   0.0263   0.0834   0.0714   0.0292   0.1046   0.0642   0.0671   0.0936   0.0630   0.0767   0.0939   0.0651   0.0348   0.0554   0.0707   0.0896   0.1076   0.0793   0.0680   0.0427   0.1043   0.1089   0.0804   0.0857
SIM23L2  0.1047  0.0711  0.0742  0.0863  0.1086  0.0683  0.0831  0.0837  0.0722  0.0678   0.0508   0.0657   0.1179   0.0696   0.1210   0.0970   0.0786   0.1017   0.0854   0.0806   0.0722   0.0961   0.0451   1.0000   0.1138   0.0402   0.0702   0.0960   0.0996   0.0885   0.0584   0.0548   0.0895   0.0992   0.0500   0.0677   0.0465   0.0833   0.0500   0.0540   0.0284   0.0646   0.0635   0.0968   0.1276   0.0946   0.0772   0.0645   0.0320   0.0758   0.0688
SIM24L2  0.1303  0.1438  0.1195  0.1228  0.0564  0.0874  0.0437  0.1175  0.1563  0.0807   0.0774   0.1097   0.1938   0.0567   0.1087   0.1434   0.0926   0.0647   0.0975   0.1095   0.0752   0.1323   0.1011   0.1138   1.0000   0.0608   0.0957   0.1947   0.1733   0.1573   0.0670   0.0495   0.1080   0.1263   0.0810   0.0324   0.1484   0.1960   0.1056   0.1287   0.0643   0.1271   0.0598   0.0346   0.1651   0.0570   0.1342   0.0840   0.1144   0.0893   0.1006
SIM25L2  0.0884  0.0837  0.1018  0.0701  0.0215  0.1021  0.0494  0.0909  0.0693  0.0719   0.0989   0.1024   0.1470   0.0303   0.1074   0.0941   0.0601   0.0653   0.0640   0.0356   0.0792   0.0541   0.0894   0.0402   0.0608   1.0000   0.0488   0.1571   0.0839   0.0568   0.0298   0.0589   0.0625   0.0910   0.1243   0.0295   0.0784   0.0960   0.1245   0.0764   0.0441   0.0795   0.0693   0.1090   0.0260   0.0403   0.0365   0.0257   0.0782   0.1136   0.0504
SIM26L2  0.1081  0.1337  0.1342  0.0467  0.0837  0.0995  0.1125  0.0716  0.1554  0.0877   0.0703   0.0777   0.0971   0.0767   0.1111   0.1696   0.1619   0.0770   0.1018   0.1340   0.1051   0.0975   0.0618   0.0702   0.0957   0.0488   1.0000   0.1050   0.1342   0.0486   0.0839   0.1598   0.1797   0.1110   0.0826   0.0746   0.0758   0.0879   0.1283   0.0812   0.0507   0.1117   0.0905   0.0551   0.0780   0.1490   0.1117   0.0521   0.1036   0.1206   0.1085
SIM27L2  0.1294  0.1952  0.1344  0.0876  0.0643  0.0570  0.0622  0.0971  0.0892  0.0224   0.0561   0.1262   0.1596   0.1080   0.1029   0.0711   0.0432   0.0569   0.0968   0.0895   0.0437   0.1436   0.0263   0.0960   0.1947   0.1571   0.1050   1.0000   0.1554   0.0884   0.0627   0.1110   0.1029   0.1260   0.1214   0.0624   0.1075   0.1141   0.1324   0.0975   0.1081   0.1364   0.0014   0.0783   0.1400   0.1062   0.0989   0.0600   0.0450   0.0799   0.0619
SIM28L2  0.1217  0.1226  0.1301  0.0974  0.0570  0.1023  0.0946  0.1031  0.0817  0.0753   0.0747   0.1149   0.1463   0.0736   0.1049   0.1421   0.1428   0.1278   0.0717   0.0949   0.0726   0.1238   0.0834   0.0996   0.1733   0.0839   0.1342   0.1554   1.0000   0.1225   0.0743   0.0588   0.1981   0.1208   0.1682   0.0749   0.1652   0.1155   0.1498   0.1476   0.0834   0.0951   0.0625   0.0926   0.1302   0.0675   0.1700   0.0724   0.0546   0.1141   0.0800
SIM29L2  0.1096  0.1134  0.0786  0.0913  0.0734  0.0693  0.1222  0.1626  0.1490  0.1311   0.1073   0.0367   0.0657   0.1167   0.0693   0.0561   0.0919   0.1062   0.0805   0.1282   0.1277   0.1388   0.0714   0.0885   0.1573   0.0568   0.0486   0.0884   0.1225   1.0000   0.0400   0.1337   0.0749   0.1052   0.0307   0.0769   0.0631   0.0748   0.0766   0.0658   0.0655   0.0628   0.1125   0.0855   0.0807   0.0940   0.0735   0.0748   0.0566   0.0714   0.0532
SIM30L2  0.1171  0.0371  0.0661  0.0531  0.0914  0.0554  0.0449  0.1232  0.0753  0.1474   0.1156   0.1063   0.0516   0.0647   0.0643   0.1324   0.0988   0.0754   0.1036   0.0528   0.1208   0.0723   0.0292   0.0584   0.0670   0.0298   0.0839   0.0627   0.0743   0.0400   1.0000   0.0611   0.1122   0.0701   0.1804   0.0220   0.0766   0.0795   0.1329   0.0995   0.0891   0.0826   0.0733   0.0271   0.0799   0.1152   0.1124   0.0384   0.0889   0.0543   0.0433
SIM31L2  0.1106  0.1172  0.1282  0.0666  0.1244  0.1363  0.0764  0.0833  0.1031  0.1094   0.1014   0.1139   0.1136   0.1083   0.1034   0.0827   0.1267   0.1332   0.0664   0.0979   0.0934   0.1041   0.1046   0.0548   0.0495   0.0589   0.1598   0.1110   0.0588   0.1337   0.0611   1.0000   0.1175   0.0739   0.0818   0.0654   0.1057   0.0750   0.0754   0.0831   0.0810   0.0708   0.0456   0.0964   0.0736   0.1423   0.0906   0.0626   0.0685   0.0896   0.0688
SIM32L2  0.1407  0.1174  0.1349  0.0887  0.1104  0.0539  0.0851  0.0620  0.1521  0.0939   0.1630   0.0950   0.1034   0.1382   0.1227   0.1437   0.1312   0.0990   0.1236   0.1576   0.0866   0.1438   0.0642   0.0895   0.1080   0.0625   0.1797   0.1029   0.1981   0.0749   0.1122   0.1175   1.0000   0.1448   0.0892   0.1245   0.1429   0.1651   0.1206   0.1555   0.1282   0.1484   0.1050   0.0763   0.0902   0.1538   0.1776   0.0720   0.0944   0.0901   0.0900
SIM33L2  0.0845  0.1806  0.0705  0.0683  0.1054  0.0882  0.0967  0.1206  0.1015  0.0516   0.0396   0.0856   0.1201   0.1100   0.0776   0.0600   0.0600   0.0795   0.0494   0.1542   0.0600   0.2015   0.0671   0.0992   0.1263   0.0910   0.1110   0.1260   0.1208   0.1052   0.0701   0.0739   0.1448   1.0000   0.0767   0.0741   0.1260   0.1345   0.0688   0.1204   0.1472   0.1514   0.0362   0.0589   0.1320   0.1142   0.0804   0.0705   0.0801   0.0744   0.1004
SIM34L2  0.0955  0.0730  0.1182  0.0604  0.1216  0.1516  0.0201  0.0971  0.0771  0.1687   0.1133   0.0583   0.0562   0.0798   0.1282   0.1208   0.0924   0.0934   0.0224   0.1059   0.1295   0.0868   0.0936   0.0500   0.0810   0.1243   0.0826   0.1214   0.1682   0.0307   0.1804   0.0818   0.0892   0.0767   1.0000   0.0682   0.1008   0.0624   0.1067   0.1323   0.1356   0.0867   0.1073   0.0275   0.0457   0.0713   0.1619   0.1043   0.0422   0.1224   0.0411
SIM35L2  0.1125  0.1420  0.1211  0.0889  0.0955  0.0444  0.0456  0.0818  0.0559  0.0968   0.0745   0.0532   0.1067   0.1362   0.0533   0.0842   0.0647   0.1554   0.0478   0.1114   0.0831   0.1286   0.0630   0.0677   0.0324   0.0295   0.0746   0.0624   0.0749   0.0769   0.0220   0.0654   0.1245   0.0741   0.0682   1.0000   0.0936   0.0857   0.0471   0.0636   0.0936   0.0456   0.0622   0.0537   0.0902   0.0618   0.0745   0.1036   0.0612   0.1654   0.0949
SIM36L2  0.1167  0.1169  0.0775  0.0884  0.0789  0.1050  0.0697  0.1183  0.0494  0.0921   0.0731   0.1449   0.1131   0.1134   0.0920   0.1637   0.1248   0.1176   0.1008   0.0774   0.0732   0.1761   0.0767   0.0465   0.1484   0.0784   0.0758   0.1075   0.1652   0.0631   0.0766   0.1057   0.1429   0.1260   0.1008   0.0936   1.0000   0.1065   0.1475   0.1179   0.1513   0.1201   0.1266   0.0979   0.1285   0.1164   0.1579   0.1347   0.0828   0.1589   0.0701
SIM37L2  0.1253  0.1390  0.1620  0.1202  0.1048  0.1070  0.0452  0.0921  0.1164  0.0421   0.0823   0.1262   0.1021   0.0979   0.1113   0.1141   0.1007   0.0656   0.1089   0.1083   0.0389   0.1593   0.0939   0.0833   0.1960   0.0960   0.0879   0.1141   0.1155   0.0748   0.0795   0.0750   0.1651   0.1345   0.0624   0.0857   0.1065   1.0000   0.1019   0.1236   0.0931   0.1116   0.0334   0.0609   0.1311   0.0917   0.0979   0.0927   0.0727   0.0679   0.1123
SIM38L2  0.1225  0.0613  0.0857  0.0997  0.0941  0.0794  0.0793  0.1052  0.0991  0.1122   0.0564   0.0763   0.1475   0.0896   0.1077   0.1361   0.0869   0.1313   0.0765   0.0857   0.0962   0.0878   0.0651   0.0500   0.1056   0.1245   0.1283   0.1324   0.1498   0.0766   0.1329   0.0754   0.1206   0.0688   0.1067   0.0471   0.1475   0.1019   1.0000   0.1216   0.1053   0.0990   0.1698   0.0975   0.1357   0.1048   0.1255   0.0862   0.0747   0.0901   0.0930
SIM39L2  0.0879  0.1401  0.1157  0.0708  0.1522  0.0956  0.0236  0.0959  0.0770  0.1316   0.1215   0.0806   0.0596   0.1130   0.0542   0.1538   0.0908   0.0253   0.0441   0.1207   0.0576   0.0975   0.0348   0.0540   0.1287   0.0764   0.0812   0.0975   0.1476   0.0658   0.0995   0.0831   0.1555   0.1204   0.1323   0.0636   0.1179   0.1236   0.1216   1.0000   0.1302   0.1635   0.1261   0.0682   0.1006   0.1193   0.1430   0.1028   0.1064   0.0616   0.1299
SIM40L2  0.1025  0.1041  0.0906  0.0544  0.1264  0.0757  0.1073  0.0812  0.1106  0.1049   0.1025   0.0873   0.0894   0.1159   0.0171   0.1308   0.1116   0.0939   0.0254   0.1748   0.0908   0.1909   0.0554   0.0284   0.0643   0.0441   0.0507   0.1081   0.0834   0.0655   0.0891   0.0810   0.1282   0.1472   0.1356   0.0936   0.1513   0.0931   0.1053   0.1302   1.0000   0.0955   0.0995   0.1053   0.0898   0.0829   0.1217   0.0990   0.0971   0.0723   0.0728
SIM41L2  0.1059  0.1096  0.0806  0.0820  0.0953  0.0718  0.1144  0.0799  0.1005  0.0891   0.1123   0.0991   0.1020   0.1045   0.0429   0.1386   0.0874   0.0612   0.0728   0.1392   0.0663   0.1648   0.0707   0.0646   0.1271   0.0795   0.1117   0.1364   0.0951   0.0628   0.0826   0.0708   0.1484   0.1514   0.0867   0.0456   0.1201   0.1116   0.0990   0.1635   0.0955   1.0000   0.0755   0.0725   0.0971   0.1286   0.0930   0.1012   0.0772   0.1103   0.0893
SIM42L2  0.0849  0.1024  0.0898  0.0622  0.0826  0.0572  0.0574  0.1189  0.1193  0.1554   0.1490   0.0648   0.0432   0.0911   0.0418   0.1262   0.1129   0.0999   0.1184   0.0881   0.1532   0.0440   0.0896   0.0635   0.0598   0.0693   0.0905   0.0014   0.0625   0.1125   0.0733   0.0456   0.1050   0.0362   0.1073   0.0622   0.1266   0.0334   0.1698   0.1261   0.0995   0.0755   1.0000   0.1114   0.0389   0.1645   0.1096   0.1011   0.1017   0.0894   0.1280
SIM43L2  0.1034  0.0597  0.0463  0.0680  0.0908  0.0712  0.0912  0.0993  0.1151  0.0544   0.0851   0.1170   0.0803   0.1300   0.0721   0.1163   0.1531   0.1111   0.0647   0.0692   0.0518   0.1070   0.1076   0.0968   0.0346   0.1090   0.0551   0.0783   0.0926   0.0855   0.0271   0.0964   0.0763   0.0589   0.0275   0.0537   0.0979   0.0609   0.0975   0.0682   0.1053   0.0725   0.1114   1.0000   0.0576   0.1071   0.1143   0.1000   0.0647   0.1026   0.0900
SIM44L2  0.1257  0.0812  0.0812  0.0664  0.0990  0.0610  0.0504  0.0972  0.0955  0.0473   0.0464   0.1033   0.1481   0.0401   0.0340   0.0936   0.0683   0.0614   0.0547   0.0917   0.1022   0.1011   0.0793   0.1276   0.1651   0.0260   0.0780   0.1400   0.1302   0.0807   0.0799   0.0736   0.0902   0.1320   0.0457   0.0902   0.1285   0.1311   0.1357   0.1006   0.0898   0.0971   0.0389   0.0576   1.0000   0.1032   0.0911   0.0333   0.0974   0.1235   0.0903
SIM45L2  0.1191  0.1368  0.0775  0.0633  0.0939  0.0821  0.0722  0.1522  0.1653  0.1163   0.1089   0.0968   0.1010   0.1294   0.0708   0.0844   0.1029   0.0810   0.1172   0.1266   0.0829   0.1357   0.0680   0.0946   0.0570   0.0403   0.1490   0.1062   0.0675   0.0940   0.1152   0.1423   0.1538   0.1142   0.0713   0.0618   0.1164   0.0917   0.1048   0.1193   0.0829   0.1286   0.1645   0.1071   0.1032   1.0000   0.0414   0.0897   0.1405   0.0644   0.1578
SIM46L2  0.1210  0.0741  0.1771  0.1072  0.0885  0.0459  0.0740  0.0491  0.0778  0.1809   0.0796   0.1288   0.0769   0.0591   0.1282   0.1372   0.1621   0.0603   0.0889   0.0759   0.0740   0.0977   0.0427   0.0772   0.1342   0.0365   0.1117   0.0989   0.1700   0.0735   0.1124   0.0906   0.1776   0.0804   0.1619   0.0745   0.1579   0.0979   0.1255   0.1430   0.1217   0.0930   0.1096   0.1143   0.0911   0.0414   1.0000   0.1204   0.0931   0.0722   0.0343
SIM47L2  0.0896  0.1578  0.0372  0.0536  0.0910  0.0469  0.0765  0.0869  0.0748  0.1768   0.0417   0.0213   0.0933   0.1190   0.0366   0.0589   0.0898   0.0788   0.0835   0.1384   0.0192   0.1045   0.1043   0.0645   0.0840   0.0257   0.0521   0.0600   0.0724   0.0748   0.0384   0.0626   0.0720   0.0705   0.1043   0.1036   0.1347   0.0927   0.0862   0.1028   0.0990   0.1012   0.1011   0.1000   0.0333   0.0897   0.1204   1.0000   0.0709   0.1159   0.0782
SIM48L2  0.1149  0.0964  0.0949  0.0534  0.0736  0.0658  0.0301  0.0329  0.0676  0.1319   0.0567   0.1395   0.1111   0.0746   0.0391   0.0535   0.0794   0.0665   0.0486   0.0559   0.0613   0.0488   0.1089   0.0320   0.1144   0.0782   0.1036   0.0450   0.0546   0.0566   0.0889   0.0685   0.0944   0.0801   0.0422   0.0612   0.0828   0.0727   0.0747   0.1064   0.0971   0.0772   0.1017   0.0647   0.0974   0.1405   0.0931   0.0709   1.0000   0.0779   0.0833
SIM49L2  0.1131  0.1035  0.0891  0.0743  0.0476  0.0681  0.0594  0.0730  0.1047  0.1346   0.0814   0.1546   0.0742   0.1063   0.0445   0.1269   0.0771   0.0697   0.0959   0.0901   0.0594   0.0848   0.0804   0.0758   0.0893   0.1136   0.1206   0.0799   0.1141   0.0714   0.0543   0.0896   0.0901   0.0744   0.1224   0.1654   0.1589   0.0679   0.0901   0.0616   0.0723   0.1103   0.0894   0.1026   0.1235   0.0644   0.0722   0.1159   0.0779   1.0000   0.0849
SIM50L2  0.0772  0.2215  0.0712  0.0791  0.0753  0.0378  0.0421  0.1215  0.0974  0.1362   0.0585   0.0593   0.0832   0.1118   0.0301   0.0218   0.0642   0.0641   0.0733   0.1257   0.0359   0.1262   0.0857   0.0688   0.1006   0.0504   0.1085   0.0619   0.0800   0.0532   0.0433   0.0688   0.0900   0.1004   0.0411   0.0949   0.0701   0.1123   0.0930   0.1299   0.0728   0.0893   0.1280   0.0900   0.0903   0.1578   0.0343   0.0782   0.0833   0.0849   1.0000

LD Score Matrix Condition Number
3.984

Annotation Correlation Matrix
         SIM1    SIM2    SIM3    SIM4    SIM5    SIM6    SIM7    SIM8    SIM9   SIM10   SIM11   SIM12   SIM13   SIM14   SIM15   SIM16   SIM17   SIM18   SIM19   SIM20   SIM21   SIM22   SIM23   SIM24   SIM25   SIM26   SIM27   SIM28   SIM29   SIM30   SIM31   SIM32   SIM33   SIM34   SIM35   SIM36   SIM37   SIM38   SIM39   SIM40   SIM41   SIM42   SIM43   SIM44   SIM45   SIM46   SIM47   SIM48   SIM49   SIM50
SIM1   1.0000  0.0025  0.0153  0.0127  0.0027  0.0056  0.0189  0.0025  0.0025  0.0029  0.0057  0.0059  0.0091  0.0056  0.0180  0.0055  0.0084 -0.0006 -0.0006  0.0087  0.0026  0.0061  0.0027  0.0061  0.0059  0.0123  0.0026  0.0122  0.0027  0.0092  0.0228  0.0027  0.0093  0.0116  0.0026  0.0025  0.0055  0.0057 -0.0006  0.0026  0.0123  0.0094  0.0026  0.0026  0.0025  0.0060  0.0027  0.0060  0.0085  0.0094
SIM2   0.0025  1.0000  0.0086  0.0090  0.0089  0.0024  0.0150  0.0083  0.0113  0.0191  0.0085  0.0088 -0.0006  0.0024  0.0083  0.0052  0.0052  0.0085  0.0117  0.0083  0.0085  0.0090  0.0026  0.0026  0.0025  0.0025  0.0117  0.0086  0.0149  0.0088  0.0187  0.0087  0.0089  0.0082  0.0087  0.0053  0.0111  0.0175  0.0116  0.0024  0.0056  0.0090  0.0085  0.0116  0.0024  0.0183  0.0088  0.0185  0.0023  0.0154
SIM3   0.0153  0.0086  1.0000  0.0126  0.0191  0.0056  0.0027  0.0148  0.0056  0.0029  0.0089  0.0092  0.0154  0.0087  0.0025  0.0146  0.0114  0.0057  0.0058  0.0025  0.0026  0.0127  0.0093  0.0028  0.0059  0.0059  0.0026  0.0186  0.0091  0.0059  0.0028  0.0026  0.0027  0.0055  0.0026  0.0086  0.0055  0.0057  0.0120  0.0089  0.0091  0.0094  0.0119  0.0058  0.0056  0.0027  0.0059  0.0060  0.0055  0.0094
SIM4   0.0127  0.0090  0.0126  1.0000  0.0097  0.0091  0.0095  0.0090  0.0027  0.0136  0.0060  0.0062  0.0194  0.0026  0.0058  0.0089  0.0181  0.0126  0.0161  0.0058  0.0027  0.0029  0.0097 -0.0005  0.0095  0.0095  0.0028  0.0127  0.0061  0.0095  0.0029  0.0061  0.0062  0.0026 -0.0005  0.0058 -0.0006  0.0027  0.0060  0.0126  0.0028  0.0064  0.0125  0.0027  0.0027  0.0029  0.0062  0.0063  0.0089  0.0063
SIM5   0.0027  0.0089  0.0191  0.0097  1.0000  0.0059  0.0095  0.0153  0.0122  0.0030  0.0092  0.0028  0.0061  0.0090  0.0058  0.0151  0.0087  0.0125  0.0094  0.0026  0.0092  0.0063  0.0130  0.0132  0.0162 -0.0005  0.0027 -0.0006  0.0094  0.0028  0.0029  0.0028  0.0062  0.0088  0.0061  0.0057  0.0088  0.0027  0.0060  0.0060  0.0094  0.0063 -0.0006  0.0093  0.0027  0.0130  0.0095  0.0029  0.0026  0.0063
SIM6   0.0056  0.0024  0.0056  0.0091  0.0059  1.0000 -0.0006  0.0084  0.0085  0.0095  0.0117  0.0089  0.0026  0.0054  0.0054  0.0053  0.0170  0.0118  0.0119  0.0145  0.0086 -0.0006  0.0026  0.0092  0.0089  0.0089  0.0150  0.0025  0.0026  0.0058 -0.0006  0.0026  0.0058 -0.0006  0.0057  0.0054  0.0053  0.0116  0.0118  0.0149  0.0026  0.0092  0.0055  0.0087  0.0055  0.0026 -0.0006  0.0027  0.0113  0.0027
SIM7   0.0189  0.0150  0.0027  0.0095  0.0095 -0.0006  1.0000  0.0088  0.0089  0.0064  0.0091  0.0093  0.0125  0.0026  0.0089  0.0118  0.0055  0.0091  0.0027  0.0089  0.0058  0.0028  0.0061  0.0028  0.0060 -0.0006  0.0059  0.0059  0.0093  0.0060  0.0096 -0.0006  0.0028 -0.0006  0.0125  0.0150 -0.0006  0.0026 -0.0006  0.0026  0.0093  0.0062  0.0026  0.0059  0.0058  0.0128  0.0060  0.0062  0.0025  0.0096
SIM8   0.0025  0.0083  0.0148  0.0090  0.0153  0.0084  0.0088  1.0000  0.0084 -0.0006  0.0177  0.0088 -0.0006  0.0143  0.0084  0.0082  0.0110  0.0025  0.0210  0.0024  0.0085  0.0026  0.0058  0.0059  0.0213  0.0088  0.0086  0.0118  0.0087  0.0088  0.0027  0.0025  0.0121  0.0170  0.0025 -0.0006  0.0229  0.0024  0.0086  0.0116  0.0025  0.0026  0.0024  0.0178  0.0054  0.0089  0.0057  0.0122  0.0112  0.0026
SIM9   0.0025  0.0113  0.0056  0.0027  0.0122  0.0085  0.0089  0.0084  1.0000  0.0028  0.0056  0.0057  0.0088 -0.0006  0.0054  0.0112  0.0023  0.0086  0.0088  0.0115  0.0086  0.0027  0.0058  0.0059  0.0057  0.0089  0.0056 -0.0006  0.0120  0.0026  0.0157 -0.0006  0.0090  0.0023  0.0088  0.0024  0.0112  0.0024  0.0086  0.0210  0.0026  0.0059  0.0086  0.0087  0.0055  0.0090  0.0089  0.0155  0.0024  0.0059
SIM10  0.0029  0.0191  0.0029  0.0136  0.0030  0.0095  0.0064 -0.0006  0.0028  1.0000  0.0062  0.0029 -0.0005  0.0094  0.0061 -0.0006  0.0059  0.0028  0.0029  0.0028  0.0062  0.0066 -0.0005  0.0066  0.0099  0.0098  0.0029  0.0097  0.0064  0.0133  0.0102  0.0029 -0.0005  0.0059  0.0063  0.0060  0.0059  0.0128  0.0028  0.0130  0.0029  0.0137  0.0162  0.0130  0.0061  0.0030  0.0029  0.0101  0.0158  0.0030
SIM11  0.0057  0.0085  0.0089  0.0060  0.0092  0.0117  0.0091  0.0177  0.0056  0.0062  1.0000  0.0091  0.0058 -0.0006  0.0025  0.0114  0.0113 -0.0006  0.0121  0.0055  0.0056  0.0093 -0.0006  0.0060  0.0091  0.0058  0.0026  0.0026  0.0090  0.0026  0.0061  0.0058  0.0124 -0.0006  0.0026  0.0085  0.0054  0.0087  0.0088  0.0025  0.0026  0.0126  0.0025  0.0214  0.0087 -0.0006  0.0026  0.0092  0.0085 -0.0006
SIM12  0.0059  0.0088  0.0092  0.0062  0.0028  0.0089  0.0093  0.0088  0.0057  0.0029  0.0091  1.0000  0.0092  0.0120  0.0120  0.0056  0.0025  0.0027  0.0092  0.0026  0.0154  0.0062  0.0028  0.0062  0.0028  0.0093  0.0124  0.0027  0.0093  0.0126  0.0062  0.0060  0.0028  0.0025  0.0092 -0.0006 -0.0006  0.0058  0.0155  0.0027  0.0093  0.0062 -0.0006  0.0220 -0.0006 -0.0005  0.0027  0.0095  0.0056 -0.0005
SIM13  0.0091 -0.0006  0.0154  0.0194  0.0061  0.0026  0.0125 -0.0006  0.0088 -0.0005  0.0058  0.0092  1.0000  0.0025  0.0056  0.0025  0.0145  0.0026  0.0059  0.0088  0.0121  0.0061  0.0028  0.0028  0.0158 -0.0006  0.0091  0.0059  0.0059  0.0060 -0.0005  0.0059 -0.0006  0.0086 -0.0006  0.0086 -0.0006  0.0089  0.0026 -0.0006  0.0059  0.0195 -0.0006  0.0026  0.0120 -0.0006  0.0060  0.0127 -0.0006  0.0128
SIM14  0.0056  0.0024  0.0087  0.0026  0.0090  0.0054  0.0026  0.0143 -0.0006  0.0094 -0.0006  0.0120  0.0025  1.0000  0.0084  0.0053  0.0110  0.0055  0.0149  0.0114  0.0055  0.0026  0.0122 -0.0006  0.0057  0.0119  0.0118 -0.0006  0.0088  0.0120  0.0059  0.0025  0.0058 -0.0006  0.0056  0.0201  0.0053  0.0115  0.0086 -0.0006  0.0088  0.0059  0.0024  0.0086  0.0115  0.0121  0.0151  0.0090  0.0083  0.0026
SIM15  0.0180  0.0083  0.0025  0.0058  0.0058  0.0054  0.0089  0.0084  0.0054  0.0061  0.0025  0.0120  0.0056  0.0084  1.0000  0.0082  0.0023  0.0148  0.0087  0.0144  0.0055  0.0123  0.0026  0.0027  0.0120  0.0057  0.0025  0.0087  0.0057  0.0151  0.0059  0.0088  0.0058  0.0053  0.0087  0.0083  0.0082  0.0024  0.0086  0.0086  0.0057 -0.0006  0.0055  0.0056  0.0085  0.0058  0.0026 -0.0006  0.0112  0.0091
SIM16  0.0055  0.0052  0.0146  0.0089  0.0151  0.0053  0.0118  0.0082  0.0112 -0.0006  0.0114  0.0056  0.0025  0.0053  0.0082  1.0000  0.0137  0.0054  0.0086  0.0053  0.0114  0.0026  0.0120  0.0058  0.0087  0.0056  0.0055  0.0116  0.0025  0.0179  0.0121  0.0117  0.0119  0.0052  0.0116  0.0052  0.0168  0.0054  0.0024  0.0024  0.0025  0.0089  0.0084  0.0024  0.0053  0.0057  0.0056  0.0089  0.0081 -0.0006
SIM17  0.0084  0.0052  0.0114  0.0181  0.0087  0.0170  0.0055  0.0110  0.0023  0.0059  0.0113  0.0025  0.0145  0.0110  0.0023  0.0137  1.0000  0.0113 -0.0006  0.0198  0.0053  0.0088  0.0056  0.0057  0.0025  0.0055  0.0144  0.0115  0.0146  0.0025  0.0152  0.0085  0.0025  0.0051  0.0236  0.0225  0.0051  0.0082  0.0054  0.0113  0.0024  0.0026  0.0083  0.0174  0.0053 -0.0006  0.0055  0.0025  0.0109  0.0088
SIM18 -0.0006  0.0085  0.0057  0.0126  0.0125  0.0118  0.0091  0.0025  0.0086  0.0028 -0.0006  0.0027  0.0026  0.0055  0.0148  0.0054  0.0113  1.0000  0.0090  0.0178  0.0088  0.0027  0.0092  0.0094  0.0091  0.0090  0.0057  0.0121 -0.0006  0.0091  0.0094  0.0090  0.0092  0.0145  0.0026  0.0115  0.0145  0.0180  0.0026  0.0120  0.0058  0.0159  0.0056  0.0057  0.0025  0.0059  0.0123  0.0060  0.0085  0.0126
SIM19 -0.0006  0.0117  0.0058  0.0161  0.0094  0.0119  0.0027  0.0210  0.0088  0.0029  0.0121  0.0092  0.0059  0.0149  0.0087  0.0086 -0.0006  0.0090  1.0000  0.0119  0.0026  0.0028  0.0160  0.0061 -0.0006  0.0027  0.0090  0.0091  0.0059  0.0027  0.0062  0.0059  0.0027 -0.0006  0.0091  0.0056  0.0086 -0.0006  0.0026  0.0058  0.0059  0.0061  0.0026  0.0026  0.0119  0.0060  0.0222  0.0061  0.0055  0.0061
SIM20  0.0087  0.0083  0.0025  0.0058  0.0026  0.0145  0.0089  0.0024  0.0115  0.0028  0.0055  0.0026  0.0088  0.0114  0.0144  0.0053  0.0198  0.0178  0.0119  1.0000  0.0055  0.0059  0.0058  0.0027  0.0057  0.0057  0.0056  0.0056  0.0088  0.0057  0.0059  0.0057 -0.0006  0.0082  0.0119  0.0142  0.0023  0.0085  0.0086  0.0055  0.0057  0.0123  0.0055  0.0025  0.0055 -0.0006  0.0026  0.0090  0.0112  0.0091
SIM21  0.0026  0.0085  0.0026  0.0027  0.0092  0.0086  0.0058  0.0085  0.0086  0.0062  0.0056  0.0154  0.0121  0.0055  0.0055  0.0114  0.0053  0.0088  0.0026  0.0055  1.0000  0.0027  0.0059  0.0027  0.0058  0.0058  0.0026  0.0089  0.0058  0.0058  0.0060  0.0026  0.0059  0.0114 -0.0006  0.0145  0.0114  0.0148 -0.0006  0.0088  0.0058 -0.0006 -0.0006  0.0025  0.0056  0.0027  0.0026  0.0059  0.0084  0.0060
SIM22  0.0061  0.0090  0.0127  0.0029  0.0063 -0.0006  0.0028  0.0026  0.0027  0.0066  0.0093  0.0062  0.0061  0.0026  0.0123  0.0026  0.0088  0.0027  0.0028  0.0059  0.0027  1.0000  0.0063  0.0029  0.0096  0.0028  0.0127  0.0094  0.0128  0.0028  0.0029  0.0028  0.0097 -0.0006  0.0028  0.0122  0.0089  0.0125  0.0093  0.0027  0.0028  0.0202  0.0092  0.0060  0.0092  0.0063  0.0129  0.0063  0.0026  0.0064
SIM23  0.0027  0.0026  0.0093  0.0097  0.0130  0.0026  0.0061  0.0058  0.0058 -0.0005 -0.0006  0.0028  0.0028  0.0122  0.0026  0.0120  0.0056  0.0092  0.0160  0.0058  0.0059  0.0063  1.0000  0.0063  0.0095  0.0128  0.0060  0.0060  0.0028  0.0028  0.0063  0.0061  0.0062 -0.0006  0.0094  0.0026  0.0057  0.0059 -0.0006 -0.0006  0.0028  0.0132  0.0091  0.0093 -0.0006  0.0130  0.0028  0.0097  0.0057 -0.0005
SIM24  0.0061  0.0026  0.0028 -0.0005  0.0132  0.0092  0.0028  0.0059  0.0059  0.0066  0.0060  0.0062  0.0028 -0.0006  0.0027  0.0058  0.0057  0.0094  0.0061  0.0027  0.0027  0.0029  0.0063  1.0000  0.0062  0.0129  0.0194  0.0161  0.0028  0.0130 -0.0005  0.0062  0.0063  0.0121  0.0061  0.0122  0.0121  0.0027  0.0061  0.0094  0.0129 -0.0005  0.0027  0.0061  0.0027  0.0029  0.0096  0.0064  0.0026  0.0099
SIM25  0.0059  0.0025  0.0059  0.0095  0.0162  0.0089  0.0060  0.0213  0.0057  0.0099  0.0091  0.0028  0.0158  0.0057  0.0120  0.0087  0.0025  0.0091 -0.0006  0.0057  0.0058  0.0096  0.0095  0.0062  1.0000  0.0093  0.0092  0.0059 -0.0006 -0.0006 -0.0005  0.0060  0.0061  0.0025  0.0027  0.0119  0.0087  0.0153 -0.0006  0.0091  0.0125  0.0062 -0.0006  0.0027 -0.0006  0.0061  0.0093  0.0129  0.0087  0.0096
