*********************************************************************
* LD Score Regression (LDSC)
* Version 1.0.1
* (C) 2014-2019 Brendan Bulik-Sullivan and Hilary Finucane
* Broad Institute of MIT and Harvard / MIT Department of Mathematics
* GNU General Public License v3
*********************************************************************
Call: 
./ldsc.py \
--out /data/sbcs/GuoLab/backup/liq17/CRC_TF_TWAS_zhishan2024/NC_revision_OceanCode/v2_NC_revision//84Tracks//ldscores_sim5000//9 \
--bfile /data/sbcs/GuoLab/backup/liq17/ref/Alkesgroup/1000G_EUR_Phase3_plink_hg38/1000G.EUR.QC.9 \
--annot /data/sbcs/GuoLab/backup/liq17/CRC_TF_TWAS_zhishan2024/NC_revision_OceanCode/v2_NC_revision//84Tracks//annots_sim5000//9.annot.txt \
--l2  \
--ld-wind-kb 100.0 

Beginning analysis at Sun Oct 26 23:24:40 2025
Read list of 437825 SNPs from /data/sbcs/GuoLab/backup/liq17/ref/Alkesgroup/1000G_EUR_Phase3_plink_hg38/1000G.EUR.QC.9.bim
Read 50 annotations for 437825 SNPs from /data/sbcs/GuoLab/backup/liq17/CRC_TF_TWAS_zhishan2024/NC_revision_OceanCode/v2_NC_revision//84Tracks//annots_sim5000//9.annot.txt
Read list of 489 individuals from /data/sbcs/GuoLab/backup/liq17/ref/Alkesgroup/1000G_EUR_Phase3_plink_hg38/1000G.EUR.QC.9.fam
Reading genotypes from /data/sbcs/GuoLab/backup/liq17/ref/Alkesgroup/1000G_EUR_Phase3_plink_hg38/1000G.EUR.QC.9.bed
Estimating LD Score.
Writing LD Scores for 437825 SNPs to /data/sbcs/GuoLab/backup/liq17/CRC_TF_TWAS_zhishan2024/NC_revision_OceanCode/v2_NC_revision//84Tracks//ldscores_sim5000//9.l2.ldscore.gz

Summary of LD Scores in /data/sbcs/GuoLab/backup/liq17/CRC_TF_TWAS_zhishan2024/NC_revision_OceanCode/v2_NC_revision//84Tracks//ldscores_sim5000//9.l2.ldscore.gz
         MAF  SIM1L2      SIM2L2  SIM3L2  SIM4L2  SIM5L2  SIM6L2  SIM7L2      SIM8L2  SIM9L2  SIM10L2  SIM11L2  SIM12L2  SIM13L2  SIM14L2  SIM15L2  SIM16L2  SIM17L2  SIM18L2  SIM19L2  SIM20L2  SIM21L2  SIM22L2  SIM23L2  SIM24L2  SIM25L2  SIM26L2  SIM27L2  SIM28L2  SIM29L2  SIM30L2  SIM31L2  SIM32L2  SIM33L2  SIM34L2  SIM35L2  SIM36L2  SIM37L2  SIM38L2  SIM39L2  SIM40L2  SIM41L2  SIM42L2  SIM43L2  SIM44L2  SIM45L2  SIM46L2  SIM47L2  SIM48L2  SIM49L2  SIM50L2
mean  0.1440  0.0326  2.8839e-02  0.0324  0.0300  0.0331  0.0332  0.0243  3.1052e-02  0.0290   0.0291   0.0317   0.0273   0.0276   0.0289   0.0240   0.0296   0.0296   0.0317   0.0270   0.0300   0.0333   0.0273   0.0327   0.0319   0.0297   0.0319   0.0279   0.0309   0.0335   0.0304   0.0312   0.0278   0.0265   0.0315   0.0317   0.0253   0.0292   0.0288   0.0283   0.0298   0.0273   0.0255   0.0374   0.0267   0.0252   0.0296   0.0328   0.0262   0.0315   0.0295
std   0.1472  0.1441  1.2788e-01  0.1533  0.1377  0.1407  0.1449  0.1166  1.3412e-01  0.1367   0.1327   0.1424   0.1286   0.1341   0.1329   0.1173   0.1374   0.1390   0.1423   0.1281   0.1376   0.1521   0.1314   0.1435   0.1404   0.1335   0.1417   0.1328   0.1414   0.1514   0.1369   0.1433   0.1260   0.1242   0.1415   0.1427   0.1277   0.1401   0.1301   0.1309   0.1338   0.1312   0.1307   0.1608   0.1263   0.1198   0.1373   0.1484   0.1212   0.1422   0.1378
min   0.0051 -0.0122 -8.4461e-03 -0.0093 -0.0069 -0.0074 -0.0076 -0.0093 -8.6300e-03 -0.0076  -0.0075  -0.0075  -0.0077  -0.0074  -0.0066  -0.0112  -0.0066  -0.0087  -0.0080  -0.0078  -0.0084  -0.0084  -0.0089  -0.0076  -0.0077  -0.0094  -0.0086  -0.0082  -0.0076  -0.0087  -0.0075  -0.0073  -0.0077  -0.0074  -0.0129  -0.0097  -0.0079  -0.0077  -0.0094  -0.0098  -0.0073  -0.0079  -0.0068  -0.0078  -0.0083  -0.0079  -0.0077  -0.0089  -0.0089  -0.0104  -0.0120
25%   0.0174  0.0000  0.0000e+00  0.0000  0.0000  0.0000  0.0000  0.0000  0.0000e+00  0.0000   0.0000   0.0000   0.0000   0.0000   0.0000   0.0000   0.0000   0.0000   0.0000   0.0000   0.0000   0.0000   0.0000   0.0000   0.0000   0.0000   0.0000   0.0000   0.0000   0.0000   0.0000   0.0000   0.0000   0.0000   0.0000   0.0000   0.0000   0.0000   0.0000   0.0000   0.0000   0.0000   0.0000   0.0000   0.0000   0.0000   0.0000   0.0000   0.0000   0.0000   0.0000
50%   0.0838  0.0000  0.0000e+00  0.0000  0.0000  0.0000  0.0000  0.0000  0.0000e+00  0.0000   0.0000   0.0000   0.0000   0.0000   0.0000   0.0000   0.0000   0.0000   0.0000   0.0000   0.0000   0.0000   0.0000   0.0000   0.0000   0.0000   0.0000   0.0000   0.0000   0.0000   0.0000   0.0000   0.0000   0.0000   0.0000   0.0000   0.0000   0.0000   0.0000   0.0000   0.0000   0.0000   0.0000   0.0000   0.0000   0.0000   0.0000   0.0000   0.0000   0.0000   0.0000
75%   0.2464  0.0000  7.5790e-05  0.0000  0.0000  0.0009  0.0003  0.0000  8.5959e-05  0.0000   0.0000   0.0000   0.0000   0.0000   0.0000   0.0000   0.0000   0.0000   0.0000   0.0000   0.0000   0.0000   0.0000   0.0000   0.0000   0.0000   0.0000   0.0000   0.0000   0.0000   0.0000   0.0000   0.0000   0.0000   0.0000   0.0000   0.0000   0.0000   0.0000   0.0000   0.0000   0.0000   0.0000   0.0004   0.0000   0.0000   0.0000   0.0000   0.0000   0.0000   0.0000
max   0.5000  1.9928  2.0000e+00  2.1392  1.8675  2.0005  2.0000  1.3622  1.8551e+00  2.0031   1.8575   2.6043   1.4917   2.4999   1.7956   2.0000   2.0000   1.9686   1.9894   1.9102   2.0000   2.1819   2.0095   1.9719   2.3462   2.0232   2.0000   2.1158   2.0056   2.2141   1.9871   1.9875   1.6977   1.9915   2.5469   1.8321   2.0315   3.0130   2.0167   2.2268   1.5519   2.6838   2.9130   1.9922   2.0000   1.8750   2.0190   2.0930   2.0035   2.0085   2.3862

MAF/LD Score Correlation Matrix
            MAF  SIM1L2  SIM2L2  SIM3L2  SIM4L2  SIM5L2  SIM6L2  SIM7L2  SIM8L2  SIM9L2  SIM10L2  SIM11L2  SIM12L2  SIM13L2  SIM14L2  SIM15L2  SIM16L2  SIM17L2  SIM18L2  SIM19L2  SIM20L2  SIM21L2  SIM22L2  SIM23L2  SIM24L2  SIM25L2  SIM26L2  SIM27L2  SIM28L2  SIM29L2  SIM30L2  SIM31L2  SIM32L2  SIM33L2  SIM34L2  SIM35L2  SIM36L2  SIM37L2  SIM38L2  SIM39L2  SIM40L2  SIM41L2  SIM42L2  SIM43L2  SIM44L2  SIM45L2  SIM46L2  SIM47L2  SIM48L2  SIM49L2  SIM50L2
MAF      1.0000  0.0834  0.0860  0.0829  0.0707  0.1023  0.0886  0.0580  0.0695  0.0955   0.0597   0.0952   0.1017   0.0647   0.0803   0.0901   0.0528   0.0907   0.0878   0.0598   0.0983   0.0854   0.0517   0.0839   0.0813   0.0785   0.0673   0.0504   0.0987   0.0967   0.0580   0.0957   0.0663   0.0874   0.1044   0.0739   0.0673   0.0910   0.1246   0.0732   0.1016   0.0874   0.0654   0.1178   0.0940   0.0887   0.0624   0.1006   0.0913   0.0933   0.0709
SIM1L2   0.0834  1.0000  0.0560  0.0786  0.0872  0.0469  0.0836  0.0994  0.1281  0.0689   0.0919   0.0886   0.0748   0.0785   0.1106   0.0469   0.0754   0.1369   0.1459   0.0600   0.0682   0.0897   0.0754   0.0940   0.1507   0.0623   0.0549   0.0937   0.0707   0.0702   0.0399   0.0964   0.0394   0.0180   0.1327   0.1506   0.0755   0.1510   0.0987   0.0618   0.0024   0.0807   0.1066   0.0805   0.0650   0.1176   0.1071   0.1088  -0.0014   0.0659   0.0913
SIM2L2   0.0860  0.0560  1.0000  0.1280  0.1134  0.1292  0.1168  0.0816  0.0625  0.0453   0.1037   0.0825   0.0674   0.0657   0.1012   0.0519   0.1139   0.0727   0.0703   0.1179   0.0534   0.0135   0.0569   0.1128   0.0498   0.0977   0.1371   0.1089   0.0696   0.0868   0.1077   0.0562   0.0626   0.0638   0.0962   0.0790   0.0898   0.1386   0.0411   0.0826   0.1164   0.0847   0.0887   0.1416   0.0582   0.0304   0.0505   0.0787   0.1130   0.0140   0.0494
SIM3L2   0.0829  0.0786  0.1280  1.0000  0.1346  0.0694  0.0646  0.0377  0.1219  0.1643   0.0784   0.1727   0.1682   0.0918   0.1303   0.1395   0.0576   0.0312   0.1443   0.0217   0.1407   0.1944   0.1599   0.0959   0.1086   0.1055   0.0973   0.1296   0.0546   0.0758   0.0305   0.0356   0.1213   0.1431   0.0523   0.1725   0.1361   0.0824   0.1006   0.0726   0.2110   0.0034   0.0405   0.1403   0.0293   0.0608   0.0383   0.2090   0.0362   0.0425   0.0523
SIM4L2   0.0707  0.0872  0.1134  0.1346  1.0000  0.0717  0.1270  0.0569  0.0419  0.1394   0.1066   0.0791   0.0512   0.1095   0.0547   0.1009   0.1425   0.0612   0.0956   0.1403   0.0265   0.1018   0.1008   0.1510   0.0937   0.0497   0.1252   0.0911   0.0632   0.0345   0.0959   0.0429   0.1040   0.0424   0.1205   0.0675   0.1006   0.0139   0.0322   0.0781   0.0659   0.0409   0.0137   0.0972   0.0460   0.0669   0.0427   0.0829   0.0704   0.0294   0.0255
SIM5L2   0.1023  0.0469  0.1292  0.0694  0.0717  1.0000  0.1046  0.0175  0.1211  0.0345   0.0674   0.1237   0.1262   0.1030   0.1667   0.0696   0.1789   0.1578   0.0409   0.1142   0.0280   0.1245   0.1028   0.0393   0.1120   0.1083   0.1203   0.1365   0.0802   0.0795   0.0654   0.0320   0.0244   0.0632   0.0652   0.0813   0.0802   0.1277   0.0693   0.1247   0.1019   0.0532   0.0579   0.1307   0.0620   0.0675   0.0750   0.1206   0.0228   0.0942   0.0772
SIM6L2   0.0886  0.0836  0.1168  0.0646  0.1270  0.1046  1.0000  0.0791  0.0295  0.0452   0.0396   0.0446   0.0362   0.0948   0.0966   0.0616   0.0651   0.1492   0.0625   0.1195   0.0493   0.0344   0.0821   0.1251   0.0256   0.0095   0.0860   0.0799   0.1000   0.0727   0.1557   0.0532   0.0405   0.0273   0.1075   0.0334   0.1347   0.0773   0.0758   0.1057   0.1008   0.0749   0.0801   0.0577   0.0675   0.1505   0.0405   0.1040   0.0704   0.1690   0.0353
SIM7L2   0.0580  0.0994  0.0816  0.0377  0.0569  0.0175  0.0791  1.0000  0.0809  0.1147   0.0402   0.0664   0.0331   0.0985   0.0684   0.0130   0.0532   0.0419   0.0826   0.0217   0.1002   0.0040   0.0874   0.1117   0.0772   0.0580  -0.0038   0.0740   0.1048   0.0933   0.0687   0.0710   0.0697   0.0417   0.0858   0.0621   0.0820   0.0629   0.0773   0.0366   0.0719   0.0065   0.1021   0.0276   0.0563   0.0370   0.0941   0.0822   0.1432   0.0690   0.0487
SIM8L2   0.0695  0.1281  0.0625  0.1219  0.0419  0.1211  0.0295  0.0809  1.0000  0.0740   0.1257   0.0995   0.0727   0.0854   0.1429   0.0693   0.0813   0.1007   0.0948   0.0545   0.1496   0.1471   0.0891   0.0603   0.1117   0.0905   0.0817   0.1226   0.1007   0.0706   0.0601   0.0389   0.1017   0.0768   0.1411   0.1609   0.1165   0.1151   0.0590   0.1340   0.1027   0.0653   0.1044   0.0956   0.0260   0.1047   0.0658   0.1386   0.0870   0.0425   0.0961
SIM9L2   0.0955  0.0689  0.0453  0.1643  0.1394  0.0345  0.0452  0.1147  0.0740  1.0000   0.0776   0.1395   0.1195   0.0915   0.0995   0.0696   0.0352   0.0299   0.1880   0.0735   0.1526   0.0779   0.0711   0.0981   0.0756   0.0521   0.0990   0.0969   0.0746   0.0823   0.0389   0.0847   0.0814   0.0120   0.0944   0.1131   0.1482   0.0723   0.1305   0.0672   0.0829   0.0440   0.0746   0.0986   0.0416   0.0829   0.0698   0.1989   0.0706   0.0095   0.0768
SIM10L2  0.0597  0.0919  0.1037  0.0784  0.1066  0.0674  0.0396  0.0402  0.1257  0.0776   1.0000   0.0779   0.1302   0.0685   0.0671   0.0863   0.0725   0.0810   0.1053   0.1126   0.0127   0.0837   0.1129   0.0359   0.0995   0.0522   0.1221   0.0772   0.1276   0.0563   0.0626   0.0981   0.1283   0.0814   0.0892   0.1843   0.0604   0.0991   0.1057   0.0738   0.0667   0.0206   0.1047   0.0263   0.0617   0.0630   0.0945   0.1073   0.0512   0.0764   0.0080
SIM11L2  0.0952  0.0886  0.0825  0.1727  0.0791  0.1237  0.0446  0.0664  0.0995  0.1395   0.0779   1.0000   0.1437   0.0781   0.1394   0.0570   0.0461   0.1098   0.0971   0.0303   0.1296   0.0480   0.0807   0.1287   0.1354   0.0860   0.1703   0.1171   0.1061   0.0615   0.0611   0.0388   0.0547   0.0537   0.0749   0.1512   0.1155   0.1048   0.0815   0.1055   0.1211   0.0749   0.0649   0.0802   0.0332   0.0595   0.0496   0.1556   0.0523   0.1110   0.0766
SIM12L2  0.1017  0.0748  0.0674  0.1682  0.0512  0.1262  0.0362  0.0331  0.0727  0.1195   0.1302   0.1437   1.0000   0.0698   0.0964   0.0660   0.0698   0.0841   0.1427   0.0597   0.1057   0.0299   0.1181   0.0377   0.0904   0.1261   0.1108   0.0845   0.0224   0.0570   0.0032   0.1215   0.1050   0.0315   0.0551   0.1891   0.1423   0.0353   0.1467   0.0567   0.1187   0.0365   0.0645   0.1246   0.0308   0.0386   0.0581   0.1153   0.0498   0.1102   0.0845
SIM13L2  0.0647  0.0785  0.0657  0.0918  0.1095  0.1030  0.0948  0.0985  0.0854  0.0915   0.0685   0.0781   0.0698   1.0000   0.1031   0.1738   0.1358   0.0610   0.1440   0.1267   0.0925   0.1388   0.0344   0.0803   0.0598   0.0353   0.0673   0.1408   0.0291   0.0694   0.0931   0.0283   0.0586   0.0803   0.0596   0.1058   0.0403   0.0356   0.0441   0.0501   0.0619   0.0682   0.0030   0.0535   0.0642   0.0950   0.0996   0.0313   0.0610   0.0930   0.0494
SIM14L2  0.0803  0.1106  0.1012  0.1303  0.0547  0.1667  0.0966  0.0684  0.1429  0.0995   0.0671   0.1394   0.0964   0.1031   1.0000   0.0446   0.1264   0.1149   0.1497   0.0726   0.1299   0.1140   0.1198   0.0516   0.1388   0.1130   0.0462   0.1058   0.0906   0.1568   0.0169   0.0708   0.1312   0.0148   0.0892   0.1114   0.0846   0.0738   0.1166   0.1464   0.1010   0.1286   0.1269   0.1306   0.0443   0.0906   0.0533   0.2006   0.0744   0.0709   0.0893
SIM15L2  0.0901  0.0469  0.0519  0.1395  0.1009  0.0696  0.0616  0.0130  0.0693  0.0696   0.0863   0.0570   0.0660   0.1738   0.0446   1.0000   0.0621   0.0687   0.1230   0.0669   0.0728   0.1985   0.1007   0.0350   0.1063   0.0408   0.0735   0.0609   0.0578   0.0808   0.0749   0.0525   0.1172   0.1363   0.0753   0.1553   0.0515   0.0035   0.0639   0.0247   0.0899   0.0466   0.0324   0.0337   0.0831   0.0325   0.0601   0.0547   0.0511   0.0662   0.0630
SIM16L2  0.0528  0.0754  0.1139  0.0576  0.1425  0.1789  0.0651  0.0532  0.0813  0.0352   0.0725   0.0461   0.0698   0.1358   0.1264   0.0621   1.0000   0.0900   0.0918   0.1294   0.0436   0.0969   0.0662   0.1419   0.1294   0.0522   0.1012   0.0909   0.0940   0.1438   0.0384   0.0725   0.0490  -0.0078   0.1130   0.0969   0.1265   0.0186   0.0586   0.1148   0.0446   0.0905   0.1107   0.1009   0.0391   0.0501   0.0881   0.1572   0.0387   0.0789   0.0726
SIM17L2  0.0907  0.1369  0.0727  0.0312  0.0612  0.1578  0.1492  0.0419  0.1007  0.0299   0.0810   0.1098   0.0841   0.0610   0.1149   0.0687   0.0900   1.0000   0.0733   0.0651   0.0784   0.1527   0.0771   0.0482   0.1007   0.0425   0.0506   0.0877   0.0925   0.0964   0.0656   0.1192   0.0434   0.0328   0.0811   0.0885   0.1338   0.1088   0.0709   0.0976   0.1107   0.0413   0.0859   0.0647   0.0923   0.1216   0.0812   0.0647   0.0116   0.1125   0.0962
SIM18L2  0.0878  0.1459  0.0703  0.1443  0.0956  0.0409  0.0625  0.0826  0.0948  0.1880   0.1053   0.0971   0.1427   0.1440   0.1497   0.1230   0.0918   0.0733   1.0000   0.0652   0.1681   0.0808   0.0992   0.0777   0.1079   0.0352   0.0926   0.1383   0.0610   0.1768   0.0733   0.0771   0.1215   0.0378   0.1118   0.1582   0.1062   0.0076   0.1016   0.0620   0.0789   0.0891   0.0365   0.1150   0.0128   0.0762   0.1199   0.1478   0.0233   0.0315   0.1274
SIM19L2  0.0598  0.0600  0.1179  0.0217  0.1403  0.1142  0.1195  0.0217  0.0545  0.0735   0.1126   0.0303   0.0597   0.1267   0.0726   0.0669   0.1294   0.0651   0.0652   1.0000   0.0816   0.1166   0.0445   0.0910   0.0873   0.0332   0.0941   0.0934   0.0473   0.0838   0.1024   0.1213   0.0381   0.0657   0.0230   0.1055   0.0862   0.1465   0.0992   0.1247   0.0739   0.0514   0.0523   0.1201   0.0653   0.0442   0.0427   0.0358   0.0602   0.0606   0.0356
SIM20L2  0.0983  0.0682  0.0534  0.1407  0.0265  0.0280  0.0493  0.1002  0.1496  0.1526   0.0127   0.1296   0.1057   0.0925   0.1299   0.0728   0.0436   0.0784   0.1681   0.0816   1.0000   0.0770   0.0912   0.1385   0.0372   0.0127   0.0519   0.1170   0.0652   0.0881   0.0950   0.1345   0.1641   0.0512   0.0995   0.1711   0.1551   0.0617   0.1071   0.0731   0.1258   0.0167   0.0416   0.1490   0.0997   0.0311   0.0457   0.1958   0.1017   0.0909   0.0908
SIM21L2  0.0854  0.0897  0.0135  0.1944  0.1018  0.1245  0.0344  0.0040  0.1471  0.0779   0.0837   0.0480   0.0299   0.1388   0.1140   0.1985   0.0969   0.1527   0.0808   0.1166   0.0770   1.0000   0.1233   0.0736   0.1118   0.0636   0.0517   0.0556   0.0502   0.1144   0.0886   0.0694   0.1034   0.1407   0.0898   0.1547   0.1071   0.0792   0.0618   0.0133   0.0915   0.0728   0.1237   0.0886   0.0401   0.1003   0.0324   0.0938   0.0417   0.0751   0.0538
SIM22L2  0.0517  0.0754  0.0569  0.1599  0.1008  0.1028  0.0821  0.0874  0.0891  0.0711   0.1129   0.0807   0.1181   0.0344   0.1198   0.1007   0.0662   0.0771   0.0992   0.0445   0.0912   0.1233   1.0000   0.1176   0.0777   0.0801   0.0744   0.0715   0.1796   0.1825   0.0532   0.0873   0.1574   0.0583   0.0587   0.1364   0.1734   0.0084   0.0827   0.0751   0.1390   0.0734   0.0888   0.0886   0.0636   0.0977   0.0358   0.1546   0.0576   0.0864   0.0409
SIM23L2  0.0839  0.0940  0.1128  0.0959  0.1510  0.0393  0.1251  0.1117  0.0603  0.0981   0.0359   0.1287   0.0377   0.0803   0.0516   0.0350   0.1419   0.0482   0.0777   0.0910   0.1385   0.0736   0.1176   1.0000   0.0794   0.1005   0.0987   0.1078   0.1123   0.1795   0.1058   0.0330   0.0944   0.0690   0.1185   0.0714   0.0970   0.0626   0.0567   0.0981   0.0760   0.0628   0.1039   0.0897   0.1176   0.0726   0.0980   0.0939   0.0579   0.0429   0.0678
SIM24L2  0.0813  0.1507  0.0498  0.1086  0.0937  0.1120  0.0256  0.0772  0.1117  0.0756   0.0995   0.1354   0.0904   0.0598   0.1388   0.1063   0.1294   0.1007   0.1079   0.0873   0.0372   0.1118   0.0777   0.0794   1.0000   0.0545   0.0755   0.0646   0.1450   0.0202   0.0574   0.0688   0.0300   0.0586   0.0552   0.0911   0.0104   0.0449   0.0714   0.0952   0.0924   0.0273   0.1265   0.0221   0.0819   0.0684   0.0625   0.1203   0.0565   0.1066   0.1097
SIM25L2  0.0785  0.0623  0.0977  0.1055  0.0497  0.1083  0.0095  0.0580  0.0905  0.0521   0.0522   0.0860   0.1261   0.0353   0.1130   0.0408   0.0522   0.0425   0.0352   0.0332   0.0127   0.0636   0.0801   0.1005   0.0545   1.0000   0.0410   0.1046   0.0776   0.0683   0.0408   0.0381   0.0690   0.0549   0.0694   0.0524   0.0176   0.0172   0.0549   0.0776   0.0795   0.0973   0.0808   0.1251   0.0678   0.0336   0.0577   0.0494   0.0874   0.0547   0.0584
SIM26L2  0.0673  0.0549  0.1371  0.0973  0.1252  0.1203  0.0860 -0.0038  0.0817  0.0990   0.1221   0.1703   0.1108   0.0673   0.0462   0.0735   0.1012   0.0506   0.0926   0.0941   0.0519   0.0517   0.0744   0.0987   0.0755   0.0410   1.0000   0.1647   0.0810   0.0284   0.1045   0.0986   0.0645   0.0322   0.1040   0.0969   0.1086   0.1246   0.0551   0.0985   0.0832   0.0492   0.0979   0.1207   0.0265   0.0804   0.0329   0.1113   0.0497   0.0592   0.0328
SIM27L2  0.0504  0.0937  0.1089  0.1296  0.0911  0.1365  0.0799  0.0740  0.1226  0.0969   0.0772   0.1171   0.0845   0.1408   0.1058   0.0609   0.0909   0.0877   0.1383   0.0934   0.1170   0.0556   0.0715   0.1078   0.0646   0.1046   0.1647   1.0000   0.0528   0.0507   0.0762   0.0662   0.0605   0.0589   0.0863   0.1277   0.0576   0.1158   0.0492   0.0974   0.0740   0.0824   0.0565   0.0649   0.0331   0.0747   0.1046   0.0505   0.0517   0.0324   0.0279
SIM28L2  0.0987  0.0707  0.0696  0.0546  0.0632  0.0802  0.1000  0.1048  0.1007  0.0746   0.1276   0.1061   0.0224   0.0291   0.0906   0.0578   0.0940   0.0925   0.0610   0.0473   0.0652   0.0502   0.1796   0.1123   0.1450   0.0776   0.0810   0.0528   1.0000   0.2016   0.0503   0.1425   0.1126   0.0420   0.0996   0.1003   0.0757   0.0363   0.0894   0.0605   0.0924   0.0925   0.1065   0.0665   0.0795   0.1343   0.0331   0.1282   0.1114   0.1214   0.0459
SIM29L2  0.0967  0.0702  0.0868  0.0758  0.0345  0.0795  0.0727  0.0933  0.0706  0.0823   0.0563   0.0615   0.0570   0.0694   0.1568   0.0808   0.1438   0.0964   0.1768   0.0838   0.0881   0.1144   0.1825   0.1795   0.0202   0.0683   0.0284   0.0507   0.2016   1.0000   0.0703   0.0978   0.1596   0.0682   0.0963   0.1099   0.1681   0.0196   0.1358   0.0853   0.1072   0.1483   0.0170   0.1218   0.0503   0.0697   0.0260   0.1232   0.0486   0.0867   0.0880
SIM30L2  0.0580  0.0399  0.1077  0.0305  0.0959  0.0654  0.1557  0.0687  0.0601  0.0389   0.0626   0.0611   0.0032   0.0931   0.0169   0.0749   0.0384   0.0656   0.0733   0.1024   0.0950   0.0886   0.0532   0.1058   0.0574   0.0408   0.1045   0.0762   0.0503   0.0703   1.0000   0.1181   0.0911   0.0387   0.1130   0.0741   0.0801   0.0384   0.0950   0.0400   0.0678   0.0791   0.0223   0.0487   0.0613   0.0908   0.0258   0.0741   0.1295   0.1141   0.0463
SIM31L2  0.0957  0.0964  0.0562  0.0356  0.0429  0.0320  0.0532  0.0710  0.0389  0.0847   0.0981   0.0388   0.1215   0.0283   0.0708   0.0525   0.0725   0.1192   0.0771   0.1213   0.1345   0.0694   0.0873   0.0330   0.0688   0.0381   0.0986   0.0662   0.1425   0.0978   0.1181   1.0000   0.1035   0.0234   0.0230   0.0954   0.0575   0.0559   0.0865   0.0623   0.1031   0.0274   0.0885   0.0944   0.0398   0.0411   0.0394   0.0753   0.0626   0.0950   0.1049
SIM32L2  0.0663  0.0394  0.0626  0.1213  0.1040  0.0244  0.0405  0.0697  0.1017  0.0814   0.1283   0.0547   0.1050   0.0586   0.1312   0.1172   0.0490   0.0434   0.1215   0.0381   0.1641   0.1034   0.1574   0.0944   0.0300   0.0690   0.0645   0.0605   0.1126   0.1596   0.0911   0.1035   1.0000   0.0522   0.0616   0.1679   0.1185   0.0066   0.0881   0.0560   0.1310   0.0428   0.0533   0.1072   0.1155   0.0535   0.0192   0.1606   0.0774   0.1044   0.0324
SIM33L2  0.0874  0.0180  0.0638  0.1431  0.0424  0.0632  0.0273  0.0417  0.0768  0.0120   0.0814   0.0537   0.0315   0.0803   0.0148   0.1363  -0.0078   0.0328   0.0378   0.0657   0.0512   0.1407   0.0583   0.0690   0.0586   0.0549   0.0322   0.0589   0.0420   0.0682   0.0387   0.0234   0.0522   1.0000   0.0214   0.1462   0.0328   0.1035   0.0128   0.0322   0.1090   0.0486   0.0527   0.0465   0.0838   0.0548   0.0224   0.0384   0.0542   0.0049   0.0379
SIM34L2  0.1044  0.1327  0.0962  0.0523  0.1205  0.0652  0.1075  0.0858  0.1411  0.0944   0.0892   0.0749   0.0551   0.0596   0.0892   0.0753   0.1130   0.0811   0.1118   0.0230   0.0995   0.0898   0.0587   0.1185   0.0552   0.0694   0.1040   0.0863   0.0996   0.0963   0.1130   0.0230   0.0616   0.0214   1.0000   0.0515   0.1051   0.0728   0.0352   0.0458   0.0627   0.1288   0.1048   0.0842   0.1141   0.0946   0.0560   0.1155   0.0879   0.1142   0.0762
SIM35L2  0.0739  0.1506  0.0790  0.1725  0.0675  0.0813  0.0334  0.0621  0.1609  0.1131   0.1843   0.1512   0.1891   0.1058   0.1114   0.1553   0.0969   0.0885   0.1582   0.1055   0.1711   0.1547   0.1364   0.0714   0.0911   0.0524   0.0969   0.1277   0.1003   0.1099   0.0741   0.0954   0.1679   0.1462   0.0515   1.0000   0.1754   0.1254   0.1048   0.0270   0.1608   0.0637   0.1035   0.1841   0.0378   0.0471   0.0477   0.1608   0.0182   0.0522   0.0675
SIM36L2  0.0673  0.0755  0.0898  0.1361  0.1006  0.0802  0.1347  0.0820  0.1165  0.1482   0.0604   0.1155   0.1423   0.0403   0.0846   0.0515   0.1265   0.1338   0.1062   0.0862   0.1551   0.1071   0.1734   0.0970   0.0104   0.0176   0.1086   0.0576   0.0757   0.1681   0.0801   0.0575   0.1185   0.0328   0.1051   0.1754   1.0000   0.0733   0.1282   0.0239   0.1195   0.0651   0.0596   0.1362   0.0363   0.0814   0.0215   0.2148   0.0504   0.0659   0.0509
SIM37L2  0.0910  0.1510  0.1386  0.0824  0.0139  0.1277  0.0773  0.0629  0.1151  0.0723   0.0991   0.1048   0.0353   0.0356   0.0738   0.0035   0.0186   0.1088   0.0076   0.1465   0.0617   0.0792   0.0084   0.0626   0.0449   0.0172   0.1246   0.1158   0.0363   0.0196   0.0384   0.0559   0.0066   0.1035   0.0728   0.1254   0.0733   1.0000   0.0538   0.0519   0.0158   0.0606   0.0672   0.1060   0.0428   0.0746   0.0375   0.0607   0.0567   0.0897   0.0366
SIM38L2  0.1246  0.0987  0.0411  0.1006  0.0322  0.0693  0.0758  0.0773  0.0590  0.1305   0.1057   0.0815   0.1467   0.0441   0.1166   0.0639   0.0586   0.0709   0.1016   0.0992   0.1071   0.0618   0.0827   0.0567   0.0714   0.0549   0.0551   0.0492   0.0894   0.1358   0.0950   0.0865   0.0881   0.0128   0.0352   0.1048   0.1282   0.0538   1.0000   0.1260   0.0674   0.0639   0.0558   0.0626   0.0622   0.0725   0.0722   0.1278   0.0765   0.0992   0.0449
SIM39L2  0.0732  0.0618  0.0826  0.0726  0.0781  0.1247  0.1057  0.0366  0.1340  0.0672   0.0738   0.1055   0.0567   0.0501   0.1464   0.0247   0.1148   0.0976   0.0620   0.1247   0.0731   0.0133   0.0751   0.0981   0.0952   0.0776   0.0985   0.0974   0.0605   0.0853   0.0400   0.0623   0.0560   0.0322   0.0458   0.0270   0.0239   0.0519   0.1260   1.0000   0.0678   0.0352   0.0607   0.0850   0.0147   0.0292   0.0305   0.0815   0.0498   0.0722   0.1233
SIM40L2  0.1016  0.0024  0.1164  0.2110  0.0659  0.1019  0.1008  0.0719  0.1027  0.0829   0.0667   0.1211   0.1187   0.0619   0.1010   0.0899   0.0446   0.1107   0.0789   0.0739   0.1258   0.0915   0.1390   0.0760   0.0924   0.0795   0.0832   0.0740   0.0924   0.1072   0.0678   0.1031   0.1310   0.1090   0.0627   0.1608   0.1195   0.0158   0.0674   0.0678   1.0000   0.0421   0.0588   0.0866   0.0602   0.0689   0.0438   0.1648   0.0584   0.1151   0.1314
SIM41L2  0.0874  0.0807  0.0847  0.0034  0.0409  0.0532  0.0749  0.0065  0.0653  0.0440   0.0206   0.0749   0.0365   0.0682   0.1286   0.0466   0.0905   0.0413   0.0891   0.0514   0.0167   0.0728   0.0734   0.0628   0.0273   0.0973   0.0492   0.0824   0.0925   0.1483   0.0791   0.0274   0.0428   0.0486   0.1288   0.0637   0.0651   0.0606   0.0639   0.0352   0.0421   1.0000   0.0248   0.1001   0.0787   0.0702   0.0460   0.0608   0.1232   0.0397   0.0274
SIM42L2  0.0654  0.1066  0.0887  0.0405  0.0137  0.0579  0.0801  0.1021  0.1044  0.0746   0.1047   0.0649   0.0645   0.0030   0.1269   0.0324   0.1107   0.0859   0.0365   0.0523   0.0416   0.1237   0.0888   0.1039   0.1265   0.0808   0.0979   0.0565   0.1065   0.0170   0.0223   0.0885   0.0533   0.0527   0.1048   0.1035   0.0596   0.0672   0.0558   0.0607   0.0588   0.0248   1.0000   0.0886   0.0324   0.1546   0.0308   0.1476   0.0639   0.1179   0.0317
SIM43L2  0.1178  0.0805  0.1416  0.1403  0.0972  0.1307  0.0577  0.0276  0.0956  0.0986   0.0263   0.0802   0.1246   0.0535   0.1306   0.0337   0.1009   0.0647   0.1150   0.1201   0.1490   0.0886   0.0886   0.0897   0.0221   0.1251   0.1207   0.0649   0.0665   0.1218   0.0487   0.0944   0.1072   0.0465   0.0842   0.1841   0.1362   0.1060   0.0626   0.0850   0.0866   0.1001   0.0886   1.0000   0.0745   0.0834   0.0532   0.1695   0.0516   0.0624   0.0937
SIM44L2  0.0940  0.0650  0.0582  0.0293  0.0460  0.0620  0.0675  0.0563  0.0260  0.0416   0.0617   0.0332   0.0308   0.0642   0.0443   0.0831   0.0391   0.0923   0.0128   0.0653   0.0997   0.0401   0.0636   0.1176   0.0819   0.0678   0.0265   0.0331   0.0795   0.0503   0.0613   0.0398   0.1155   0.0838   0.1141   0.0378   0.0363   0.0428   0.0622   0.0147   0.0602   0.0787   0.0324   0.0745   1.0000   0.0296   0.0098   0.0801   0.0807   0.0831   0.0342
SIM45L2  0.0887  0.1176  0.0304  0.0608  0.0669  0.0675  0.1505  0.0370  0.1047  0.0829   0.0630   0.0595   0.0386   0.0950   0.0906   0.0325   0.0501   0.1216   0.0762   0.0442   0.0311   0.1003   0.0977   0.0726   0.0684   0.0336   0.0804   0.0747   0.1343   0.0697   0.0908   0.0411   0.0535   0.0548   0.0946   0.0471   0.0814   0.0746   0.0725   0.0292   0.0689   0.0702   0.1546   0.0834   0.0296   1.0000   0.0557   0.0730   0.0805   0.1457   0.0148
SIM46L2  0.0624  0.1071  0.0505  0.0383  0.0427  0.0750  0.0405  0.0941  0.0658  0.0698   0.0945   0.0496   0.0581   0.0996   0.0533   0.0601   0.0881   0.0812   0.1199   0.0427   0.0457   0.0324   0.0358   0.0980   0.0625   0.0577   0.0329   0.1046   0.0331   0.0260   0.0258   0.0394   0.0192   0.0224   0.0560   0.0477   0.0215   0.0375   0.0722   0.0305   0.0438   0.0460   0.0308   0.0532   0.0098   0.0557   1.0000   0.0493   0.0573   0.0563   0.0629
SIM47L2  0.1006  0.1088  0.0787  0.2090  0.0829  0.1206  0.1040  0.0822  0.1386  0.1989   0.1073   0.1556   0.1153   0.0313   0.2006   0.0547   0.1572   0.0647   0.1478   0.0358   0.1958   0.0938   0.1546   0.0939   0.1203   0.0494   0.1113   0.0505   0.1282   0.1232   0.0741   0.0753   0.1606   0.0384   0.1155   0.1608   0.2148   0.0607   0.1278   0.0815   0.1648   0.0608   0.1476   0.1695   0.0801   0.0730   0.0493   1.0000   0.0351   0.1014   0.1207
SIM48L2  0.0913 -0.0014  0.1130  0.0362  0.0704  0.0228  0.0704  0.1432  0.0870  0.0706   0.0512   0.0523   0.0498   0.0610   0.0744   0.0511   0.0387   0.0116   0.0233   0.0602   0.1017   0.0417   0.0576   0.0579   0.0565   0.0874   0.0497   0.0517   0.1114   0.0486   0.1295   0.0626   0.0774   0.0542   0.0879   0.0182   0.0504   0.0567   0.0765   0.0498   0.0584   0.1232   0.0639   0.0516   0.0807   0.0805   0.0573   0.0351   1.0000   0.0709   0.0152
SIM49L2  0.0933  0.0659  0.0140  0.0425  0.0294  0.0942  0.1690  0.0690  0.0425  0.0095   0.0764   0.1110   0.1102   0.0930   0.0709   0.0662   0.0789   0.1125   0.0315   0.0606   0.0909   0.0751   0.0864   0.0429   0.1066   0.0547   0.0592   0.0324   0.1214   0.0867   0.1141   0.0950   0.1044   0.0049   0.1142   0.0522   0.0659   0.0897   0.0992   0.0722   0.1151   0.0397   0.1179   0.0624   0.0831   0.1457   0.0563   0.1014   0.0709   1.0000   0.0572
SIM50L2  0.0709  0.0913  0.0494  0.0523  0.0255  0.0772  0.0353  0.0487  0.0961  0.0768   0.0080   0.0766   0.0845   0.0494   0.0893   0.0630   0.0726   0.0962   0.1274   0.0356   0.0908   0.0538   0.0409   0.0678   0.1097   0.0584   0.0328   0.0279   0.0459   0.0880   0.0463   0.1049   0.0324   0.0379   0.0762   0.0675   0.0509   0.0366   0.0449   0.1233   0.1314   0.0274   0.0317   0.0937   0.0342   0.0148   0.0629   0.1207   0.0152   0.0572   1.0000

LD Score Matrix Condition Number
3.7117

Annotation Correlation Matrix
         SIM1    SIM2    SIM3    SIM4    SIM5    SIM6    SIM7    SIM8    SIM9   SIM10   SIM11   SIM12   SIM13   SIM14   SIM15   SIM16   SIM17   SIM18   SIM19   SIM20   SIM21   SIM22   SIM23   SIM24   SIM25   SIM26   SIM27   SIM28   SIM29   SIM30   SIM31   SIM32   SIM33   SIM34   SIM35   SIM36   SIM37   SIM38   SIM39   SIM40   SIM41   SIM42   SIM43   SIM44   SIM45   SIM46   SIM47   SIM48   SIM49   SIM50
SIM1   1.0000  0.0161  0.0078  0.0120  0.0078  0.0077 -0.0005  0.0079  0.0080 -0.0005  0.0082  0.0129  0.0171  0.0038 -0.0005  0.0082  0.0124  0.0125  0.0086  0.0085  0.0078  0.0135  0.0121  0.0037  0.0125  0.0124  0.0084  0.0171  0.0168 -0.0005  0.0162  0.0129  0.0081 -0.0005  0.0084 -0.0005  0.0169  0.0082  0.0167 -0.0005  0.0085  0.0090 -0.0006  0.0081  0.0039 -0.0005  0.0163 -0.0005 -0.0005  0.0164
SIM2   0.0161  1.0000  0.0120 -0.0005  0.0119  0.0077  0.0127  0.0037 -0.0005  0.0083  0.0081  0.0084 -0.0005 -0.0005  0.0044  0.0038  0.0037  0.0124  0.0040  0.0085  0.0161  0.0088 -0.0005 -0.0005  0.0038  0.0037  0.0172  0.0082  0.0038  0.0081  0.0078 -0.0005  0.0081  0.0078  0.0172  0.0040  0.0081 -0.0005  0.0080  0.0084  0.0084  0.0089  0.0158 -0.0005  0.0039  0.0037  0.0037  0.0082 -0.0005  0.0121
SIM3   0.0078  0.0120  1.0000 -0.0005  0.0078  0.0119  0.0039  0.0037  0.0037  0.0083  0.0169  0.0039  0.0127  0.0081  0.0044  0.0170  0.0081  0.0038  0.0041  0.0085  0.0036  0.0135  0.0037  0.0037  0.0038 -0.0005 -0.0005  0.0083 -0.0005 -0.0005  0.0036  0.0040  0.0038  0.0036  0.0039  0.0086  0.0082  0.0168  0.0124  0.0040  0.0040  0.0090  0.0077  0.0125  0.0084  0.0080  0.0163  0.0039 -0.0005  0.0079
SIM4   0.0120 -0.0005 -0.0005  1.0000  0.0036  0.0119  0.0039 -0.0005  0.0165  0.0172  0.0038  0.0129  0.0039  0.0081  0.0190  0.0213  0.0124  0.0168  0.0086  0.0085  0.0078  0.0089  0.0079  0.0037 -0.0005  0.0209  0.0262  0.0171  0.0081  0.0125  0.0120  0.0084  0.0081  0.0120  0.0084  0.0086  0.0125 -0.0005  0.0038 -0.0005  0.0040 -0.0005  0.0118  0.0038 -0.0005  0.0080  0.0037 -0.0005 -0.0005 -0.0005
SIM5   0.0078  0.0119  0.0078  0.0036  1.0000  0.0035  0.0082  0.0036  0.0122  0.0083 -0.0005  0.0127  0.0126  0.0166  0.0140  0.0038  0.0122  0.0124 -0.0005 -0.0005  0.0119 -0.0005 -0.0005  0.0078  0.0038 -0.0005  0.0127  0.0082  0.0080  0.0038  0.0077  0.0084  0.0123  0.0036 -0.0005  0.0085  0.0081  0.0210  0.0080  0.0084  0.0084  0.0042  0.0035  0.0081  0.0127  0.0122  0.0078  0.0082  0.0080  0.0121
SIM6   0.0077  0.0077  0.0119  0.0119  0.0035  1.0000  0.0038  0.0119  0.0037 -0.0005 -0.0005  0.0083  0.0038  0.0122  0.0284  0.0124  0.0122  0.0038  0.0130  0.0173  0.0119  0.0133  0.0036  0.0119 -0.0005  0.0122 -0.0005  0.0168 -0.0005  0.0080 -0.0006  0.0039  0.0037  0.0118 -0.0005  0.0040  0.0081  0.0080  0.0165  0.0039  0.0128  0.0042  0.0116  0.0037  0.0039  0.0037  0.0036  0.0168  0.0079  0.0036
SIM7  -0.0005  0.0127  0.0039  0.0039  0.0082  0.0038  1.0000  0.0039  0.0085  0.0042  0.0087  0.0042  0.0181  0.0086  0.0047  0.0179  0.0086  0.0132 -0.0005  0.0090 -0.0005  0.0094  0.0173  0.0216  0.0041  0.0086 -0.0005  0.0134  0.0086  0.0087  0.0083  0.0137  0.0223  0.0127  0.0136  0.0091 -0.0005  0.0041  0.0131  0.0090  0.0090  0.0145  0.0038  0.0086  0.0042 -0.0005  0.0128  0.0087  0.0176  0.0040
SIM8   0.0079  0.0037  0.0037 -0.0005  0.0036  0.0119  0.0039  1.0000  0.0081  0.0039  0.0082  0.0040  0.0083 -0.0005 -0.0005  0.0039  0.0038  0.0038  0.0087  0.0040  0.0037  0.0042  0.0037  0.0164  0.0082 -0.0005 -0.0005  0.0039  0.0082  0.0038  0.0037  0.0085  0.0125  0.0121  0.0085 -0.0005 -0.0005  0.0038  0.0038 -0.0005  0.0131 -0.0005  0.0036  0.0082  0.0040 -0.0005  0.0079  0.0171  0.0081  0.0165
SIM9   0.0080 -0.0005  0.0037  0.0165  0.0122  0.0037  0.0085  0.0081  1.0000  0.0130  0.0039  0.0222  0.0174  0.0127  0.0045  0.0173  0.0214 -0.0005  0.0042  0.0087 -0.0005  0.0043  0.0038  0.0038  0.0039  0.0214 -0.0005  0.0174 -0.0005  0.0128  0.0037  0.0041  0.0083  0.0037  0.0131  0.0041  0.0084  0.0128  0.0039  0.0086 -0.0005 -0.0005  0.0079 -0.0005  0.0131  0.0212  0.0166  0.0129  0.0039  0.0081
SIM10 -0.0005  0.0083  0.0083  0.0172  0.0083 -0.0005  0.0042  0.0039  0.0130  1.0000  0.0133  0.0136  0.0042 -0.0005 -0.0004  0.0087  0.0040  0.0041  0.0092  0.0091  0.0039  0.0193  0.0084  0.0084  0.0041 -0.0005  0.0089  0.0088  0.0086  0.0087 -0.0005  0.0090  0.0041  0.0039  0.0089  0.0140  0.0087  0.0041  0.0086  0.0090  0.0043 -0.0005  0.0082  0.0041  0.0042  0.0175  0.0039  0.0088  0.0086  0.0085
SIM11  0.0082  0.0081  0.0169  0.0038 -0.0005 -0.0005  0.0087  0.0082  0.0039  0.0133  1.0000  0.0041  0.0041  0.0085  0.0097  0.0131 -0.0005  0.0040  0.0138  0.0136  0.0125  0.0044 -0.0005 -0.0005 -0.0005 -0.0005  0.0041  0.0178  0.0040  0.0040 -0.0005  0.0042  0.0130  0.0125  0.0134  0.0090  0.0085  0.0130  0.0040 -0.0005  0.0042 -0.0005  0.0080  0.0040  0.0041  0.0084  0.0082  0.0041  0.0129  0.0039
SIM12  0.0129  0.0084  0.0039  0.0129  0.0127  0.0083  0.0042  0.0040  0.0222  0.0136  0.0041  1.0000  0.0042  0.0087 -0.0004  0.0042  0.0132  0.0088  0.0141  0.0043  0.0084  0.0145 -0.0005  0.0174  0.0088  0.0086  0.0137 -0.0005  0.0179  0.0041  0.0084 -0.0005  0.0087  0.0039  0.0043  0.0044 -0.0005  0.0088  0.0041  0.0043  0.0091  0.0046 -0.0005  0.0041  0.0043  0.0131  0.0040  0.0088  0.0041 -0.0005
SIM13  0.0171 -0.0005  0.0127  0.0039  0.0126  0.0038  0.0181  0.0083  0.0174  0.0042  0.0041  0.0042  1.0000  0.0086  0.0149  0.0087  0.0085  0.0086  0.0043  0.0043  0.0083 -0.0005  0.0083  0.0039  0.0041  0.0085  0.0089  0.0180  0.0086  0.0086  0.0127 -0.0005  0.0040  0.0083 -0.0005  0.0091  0.0132  0.0041  0.0086  0.0042  0.0137  0.0045  0.0038  0.0132  0.0229  0.0040  0.0039  0.0087  0.0040  0.0129
SIM14  0.0038 -0.0005  0.0081  0.0081  0.0166  0.0122  0.0086 -0.0005  0.0127 -0.0005  0.0085  0.0087  0.0086  1.0000  0.0046 -0.0005 -0.0005  0.0129  0.0136  0.0088  0.0038  0.0188  0.0125  0.0255  0.0085  0.0039  0.0179  0.0176  0.0039  0.0040  0.0038  0.0041  0.0129  0.0038  0.0041  0.0042 -0.0005 -0.0005  0.0172  0.0041  0.0041  0.0141 -0.0005 -0.0005  0.0087  0.0127  0.0082  0.0040  0.0172  0.0082
SIM15 -0.0005  0.0044  0.0044  0.0190  0.0140  0.0284  0.0047 -0.0005  0.0045 -0.0004  0.0097 -0.0004  0.0149  0.0046  1.0000  0.0046  0.0145  0.0147  0.0102  0.0100  0.0044  0.0159  0.0044  0.0142  0.0097  0.0095  0.0047  0.0098 -0.0005  0.0046 -0.0005  0.0048  0.0046 -0.0005  0.0047  0.0101 -0.0005 -0.0005 -0.0005  0.0048  0.0048  0.0051 -0.0005 -0.0005 -0.0004  0.0095 -0.0005 -0.0004  0.0045  0.0045
SIM16  0.0082  0.0038  0.0170  0.0213  0.0038  0.0124  0.0179  0.0039  0.0173  0.0087  0.0131  0.0042  0.0087 -0.0005  0.0046  1.0000  0.0130 -0.0005  0.0138  0.0042  0.0082  0.0142  0.0039  0.0039 -0.0005 -0.0005  0.0042  0.0041  0.0176 -0.0005  0.0038 -0.0005  0.0040  0.0082  0.0228  0.0090  0.0131  0.0131  0.0175  0.0042  0.0136  0.0094  0.0124  0.0040  0.0088  0.0084  0.0127  0.0041  0.0085  0.0039
SIM17  0.0124  0.0037  0.0081  0.0124  0.0122  0.0122  0.0086  0.0038  0.0214  0.0040 -0.0005  0.0132  0.0085 -0.0005  0.0145  0.0130  1.0000  0.0084  0.0042  0.0226  0.0081  0.0043  0.0081  0.0210  0.0040  0.0083  0.0086  0.0085  0.0039  0.0084  0.0038  0.0041  0.0172  0.0209  0.0041 -0.0005  0.0084  0.0039  0.0039  0.0041  0.0041  0.0141 -0.0005  0.0084 -0.0005  0.0039 -0.0005  0.0175  0.0127  0.0082
SIM18  0.0125  0.0124  0.0038  0.0168  0.0124  0.0038  0.0132  0.0038 -0.0005  0.0041  0.0040  0.0088  0.0086  0.0129  0.0147 -0.0005  0.0084  1.0000  0.0137  0.0042  0.0082  0.0141  0.0082  0.0038 -0.0005  0.0173  0.0088  0.0086  0.0174  0.0085  0.0038  0.0042 -0.0005  0.0038  0.0180  0.0090  0.0085  0.0085  0.0040 -0.0005  0.0135  0.0093  0.0037  0.0040 -0.0005  0.0083 -0.0005  0.0086  0.0084  0.0039
SIM19  0.0086  0.0040  0.0041  0.0086 -0.0005  0.0130 -0.0005  0.0087  0.0042  0.0092  0.0138  0.0141  0.0043  0.0136  0.0102  0.0138  0.0042  0.0137  1.0000 -0.0005  0.0041  0.0097  0.0041  0.0133 -0.0005 -0.0005  0.0044 -0.0005  0.0089  0.0043 -0.0005 -0.0005  0.0137  0.0086 -0.0005  0.0194  0.0090  0.0137  0.0042 -0.0005  0.0044  0.0098  0.0085 -0.0005  0.0044  0.0228 -0.0005 -0.0005  0.0042  0.0088
SIM20  0.0085  0.0085  0.0085  0.0085 -0.0005  0.0173  0.0090  0.0040  0.0087  0.0091  0.0136  0.0043  0.0043  0.0088  0.0100  0.0042  0.0226  0.0042 -0.0005  1.0000  0.0040  0.0096  0.0086 -0.0005 -0.0005  0.0041 -0.0005  0.0232 -0.0005  0.0042 -0.0005  0.0043  0.0135  0.0040  0.0043  0.0093 -0.0005  0.0042  0.0088  0.0044  0.0092  0.0046  0.0084 -0.0005  0.0043 -0.0005  0.0086  0.0137  0.0041  0.0041
SIM21  0.0078  0.0161  0.0036  0.0078  0.0119  0.0119 -0.0005  0.0037 -0.0005  0.0039  0.0125  0.0084  0.0083  0.0038  0.0044  0.0082  0.0081  0.0082  0.0041  0.0040  1.0000  0.0042  0.0037  0.0037  0.0082 -0.0005  0.0039 -0.0005  0.0081  0.0038  0.0120  0.0129 -0.0005  0.0120  0.0218 -0.0005  0.0082 -0.0005 -0.0005 -0.0005  0.0085 -0.0005  0.0159 -0.0005  0.0039 -0.0005 -0.0005  0.0082  0.0124  0.0037
SIM22  0.0135  0.0088  0.0135  0.0089 -0.0005  0.0133  0.0094  0.0042  0.0043  0.0193  0.0044  0.0145 -0.0005  0.0188  0.0159  0.0142  0.0043  0.0141  0.0097  0.0096  0.0042  1.0000  0.0089  0.0042  0.0092  0.0091  0.0145  0.0044  0.0188  0.0092  0.0088  0.0095  0.0092  0.0042  0.0194  0.0097 -0.0005 -0.0005  0.0091  0.0096  0.0046  0.0048 -0.0005  0.0092  0.0045  0.0043 -0.0005  0.0093 -0.0005  0.0042
SIM23  0.0121 -0.0005  0.0037  0.0079 -0.0005  0.0036  0.0173  0.0037  0.0038  0.0084 -0.0005 -0.0005  0.0083  0.0125  0.0044  0.0039  0.0081  0.0082  0.0041  0.0086  0.0037  0.0089  1.0000  0.0079  0.0214  0.0038 -0.0005  0.0083  0.0125  0.0082  0.0037  0.0130  0.0038  0.0163  0.0040  0.0041  0.0039  0.0038  0.0125 -0.0005  0.0085  0.0090  0.0202  0.0038  0.0085  0.0038  0.0037  0.0039 -0.0005  0.0037
SIM24  0.0037 -0.0005  0.0037  0.0037  0.0078  0.0119  0.0216  0.0164  0.0038  0.0084 -0.0005  0.0174  0.0039  0.0255  0.0142  0.0039  0.0210  0.0038  0.0133 -0.0005  0.0037  0.0042  0.0079  1.0000  0.0082  0.0038  0.0040  0.0127  0.0082  0.0126  0.0162  0.0130  0.0082 -0.0005  0.0174  0.0041  0.0038  0.0169 -0.0005  0.0085 -0.0005  0.0090  0.0036  0.0125  0.0040  0.0038  0.0164  0.0083  0.0081  0.0165
SIM25  0.0125  0.0038  0.0038 -0.0005  0.0038 -0.0005  0.0041  0.0082  0.0039  0.0041 -0.0005  0.0088  0.0041  0.0085  0.0097 -0.0005  0.0040 -0.0005 -0.0005 -0.0005  0.0082  0.0092  0.0214  0.0082  1.0000 -0.0005  0.0088  0.0269 -0.0005 -0.0005  0.0082  0.0042 -0.0005  0.0082  0.0088  0.0137  0.0085 -0.0005  0.0084  0.0135  0.0089  0.0044  0.0037  0.0175  0.0088 -0.0005  0.0126  0.0086  0.0040  0.0083
