*********************************************************************
* LD Score Regression (LDSC)
* Version 1.0.1
* (C) 2014-2019 Brendan Bulik-Sullivan and Hilary Finucane
* Broad Institute of MIT and Harvard / MIT Department of Mathematics
* GNU General Public License v3
*********************************************************************
Call: 
./ldsc.py \
--out /data/sbcs/GuoLab/backup/liq17/CRC_TF_TWAS_zhishan2024/NC_revision_OceanCode/v2_NC_revision//84Tracks//ldscores_sim1000//11 \
--bfile /data/sbcs/GuoLab/backup/liq17/ref/Alkesgroup/1000G_EUR_Phase3_plink_hg38/1000G.EUR.QC.11 \
--annot /data/sbcs/GuoLab/backup/liq17/CRC_TF_TWAS_zhishan2024/NC_revision_OceanCode/v2_NC_revision//84Tracks//annots_sim1000//11.annot.txt \
--l2  \
--ld-wind-kb 100.0 

Beginning analysis at Sun Oct 26 23:26:33 2025
Read list of 493753 SNPs from /data/sbcs/GuoLab/backup/liq17/ref/Alkesgroup/1000G_EUR_Phase3_plink_hg38/1000G.EUR.QC.11.bim
Read 50 annotations for 493753 SNPs from /data/sbcs/GuoLab/backup/liq17/CRC_TF_TWAS_zhishan2024/NC_revision_OceanCode/v2_NC_revision//84Tracks//annots_sim1000//11.annot.txt
Read list of 489 individuals from /data/sbcs/GuoLab/backup/liq17/ref/Alkesgroup/1000G_EUR_Phase3_plink_hg38/1000G.EUR.QC.11.fam
Reading genotypes from /data/sbcs/GuoLab/backup/liq17/ref/Alkesgroup/1000G_EUR_Phase3_plink_hg38/1000G.EUR.QC.11.bed
Estimating LD Score.
Writing LD Scores for 493753 SNPs to /data/sbcs/GuoLab/backup/liq17/CRC_TF_TWAS_zhishan2024/NC_revision_OceanCode/v2_NC_revision//84Tracks//ldscores_sim1000//11.l2.ldscore.gz

Summary of LD Scores in /data/sbcs/GuoLab/backup/liq17/CRC_TF_TWAS_zhishan2024/NC_revision_OceanCode/v2_NC_revision//84Tracks//ldscores_sim1000//11.l2.ldscore.gz
         MAF  SIM1L2  SIM2L2  SIM3L2  SIM4L2  SIM5L2  SIM6L2  SIM7L2  SIM8L2  SIM9L2  SIM10L2  SIM11L2  SIM12L2  SIM13L2  SIM14L2  SIM15L2  SIM16L2  SIM17L2  SIM18L2  SIM19L2  SIM20L2  SIM21L2  SIM22L2  SIM23L2  SIM24L2  SIM25L2  SIM26L2  SIM27L2  SIM28L2  SIM29L2  SIM30L2  SIM31L2  SIM32L2  SIM33L2  SIM34L2  SIM35L2  SIM36L2  SIM37L2  SIM38L2  SIM39L2  SIM40L2  SIM41L2  SIM42L2  SIM43L2  SIM44L2  SIM45L2  SIM46L2  SIM47L2  SIM48L2  SIM49L2  SIM50L2
mean  0.1509  0.0072  0.0056  0.0059  0.0051  0.0055  0.0064  0.0064  0.0088  0.0064   0.0056   0.0048   0.0071   0.0060   0.0056   0.0070   0.0040   0.0064   0.0059   0.0049   0.0054   0.0056   0.0057   0.0048   0.0061   0.0074   0.0064   0.0069   0.0052   0.0054   0.0046   0.0046   0.0063   0.0060   0.0048   0.0058   0.0066   0.0051   0.0069   0.0053   0.0053   0.0048   0.0051   0.0065   0.0046   0.0063   0.0060   0.0048   0.0048   0.0054   0.0069
std   0.1499  0.0668  0.0560  0.0571  0.0527  0.0551  0.0639  0.0613  0.0778  0.0607   0.0542   0.0534   0.0644   0.0653   0.0582   0.0672   0.0467   0.0594   0.0577   0.0562   0.0573   0.0573   0.0608   0.0507   0.0578   0.0735   0.0618   0.0656   0.0543   0.0548   0.0518   0.0508   0.0589   0.0609   0.0524   0.0552   0.0634   0.0527   0.0655   0.0562   0.0542   0.0532   0.0543   0.0611   0.0519   0.0625   0.0592   0.0532   0.0526   0.0565   0.0664
min   0.0051 -0.0041 -0.0040 -0.0041 -0.0040 -0.0041 -0.0041 -0.0040 -0.0041 -0.0041  -0.0040  -0.0041  -0.0041  -0.0041  -0.0041  -0.0041  -0.0037  -0.0057  -0.0041  -0.0040  -0.0041  -0.0041  -0.0041  -0.0041  -0.0040  -0.0041  -0.0041  -0.0041  -0.0041  -0.0041  -0.0033  -0.0039  -0.0039  -0.0050  -0.0041  -0.0039  -0.0041  -0.0055  -0.0042  -0.0041  -0.0041  -0.0040  -0.0041  -0.0041  -0.0061  -0.0055  -0.0058  -0.0040  -0.0041  -0.0041  -0.0080
25%   0.0194  0.0000  0.0000  0.0000  0.0000  0.0000  0.0000  0.0000  0.0000  0.0000   0.0000   0.0000   0.0000   0.0000   0.0000   0.0000   0.0000   0.0000   0.0000   0.0000   0.0000   0.0000   0.0000   0.0000   0.0000   0.0000   0.0000   0.0000   0.0000   0.0000   0.0000   0.0000   0.0000   0.0000   0.0000   0.0000   0.0000   0.0000   0.0000   0.0000   0.0000   0.0000   0.0000   0.0000   0.0000   0.0000   0.0000   0.0000   0.0000   0.0000   0.0000
50%   0.0920  0.0000  0.0000  0.0000  0.0000  0.0000  0.0000  0.0000  0.0000  0.0000   0.0000   0.0000   0.0000   0.0000   0.0000   0.0000   0.0000   0.0000   0.0000   0.0000   0.0000   0.0000   0.0000   0.0000   0.0000   0.0000   0.0000   0.0000   0.0000   0.0000   0.0000   0.0000   0.0000   0.0000   0.0000   0.0000   0.0000   0.0000   0.0000   0.0000   0.0000   0.0000   0.0000   0.0000   0.0000   0.0000   0.0000   0.0000   0.0000   0.0000   0.0000
75%   0.2628  0.0000  0.0000  0.0000  0.0000  0.0000  0.0000  0.0000  0.0000  0.0000   0.0000   0.0000   0.0000   0.0000   0.0000   0.0000   0.0000   0.0000   0.0000   0.0000   0.0000   0.0000   0.0000   0.0000   0.0000   0.0000   0.0000   0.0000   0.0000   0.0000   0.0000   0.0000   0.0000   0.0000   0.0000   0.0000   0.0000   0.0000   0.0000   0.0000   0.0000   0.0000   0.0000   0.0000   0.0000   0.0000   0.0000   0.0000   0.0000   0.0000   0.0000
max   0.5000  1.0000  1.3016  1.1554  1.0000  1.0240  1.0000  1.0000  1.0353  1.1540   1.0000   1.0002   1.0149   2.0000   1.0121   1.5211   1.0171   1.0543   1.0095   1.0000   1.0559   1.0238   1.7646   1.0000   1.0081   1.9101   1.0374   1.0285   1.3563   2.0000   1.0000   1.0000   1.0002   1.0122   1.1110   1.0107   1.0000   1.3190   1.2321   1.0227   1.0042   1.0693   1.0072   1.1095   1.0291   1.0424   1.9958   1.0000   1.2437   1.1775   1.0463

MAF/LD Score Correlation Matrix
            MAF  SIM1L2  SIM2L2  SIM3L2  SIM4L2  SIM5L2      SIM6L2  SIM7L2  SIM8L2  SIM9L2     SIM10L2  SIM11L2  SIM12L2     SIM13L2  SIM14L2     SIM15L2     SIM16L2  SIM17L2  SIM18L2  SIM19L2  SIM20L2  SIM21L2  SIM22L2  SIM23L2  SIM24L2  SIM25L2  SIM26L2  SIM27L2  SIM28L2  SIM29L2     SIM30L2  SIM31L2  SIM32L2  SIM33L2  SIM34L2     SIM35L2     SIM36L2  SIM37L2  SIM38L2  SIM39L2  SIM40L2  SIM41L2  SIM42L2  SIM43L2  SIM44L2  SIM45L2     SIM46L2  SIM47L2  SIM48L2  SIM49L2  SIM50L2
MAF      1.0000  0.0293  0.0675  0.0485  0.0486  0.0525  4.3834e-02  0.0262  0.0114  0.0211  4.2203e-02   0.0517   0.0445  3.4808e-02   0.0597  6.3443e-02  3.5305e-02   0.0388   0.0453   0.0406   0.0318   0.0503   0.0426   0.0431   0.0141   0.0251   0.0068   0.0210   0.0459   0.0420  3.4632e-02   0.0369   0.0501   0.0384   0.0348  5.7985e-02  4.0069e-02   0.0372   0.0182   0.0456   0.0556   0.0243   0.0579   0.0345   0.0370   0.0143  6.7441e-02   0.0306   0.0345   0.0403   0.0175
SIM1L2   0.0293  1.0000  0.0177 -0.0038  0.0098  0.0080 -1.9084e-03  0.0318  0.0117 -0.0112  3.9455e-02  -0.0084   0.0125  3.0396e-02   0.0219 -3.1458e-03  3.3512e-02   0.0304   0.0421  -0.0051  -0.0071   0.0026   0.0623  -0.0084  -0.0022   0.0023   0.0081   0.0121   0.0549   0.0248 -8.2016e-03   0.0036  -0.0097  -0.0062  -0.0081  2.0026e-02  1.1796e-02   0.0034   0.0033  -0.0068  -0.0068  -0.0082  -0.0023  -0.0092  -0.0074   0.0359  9.1325e-02   0.1014  -0.0060  -0.0067  -0.0033
SIM2L2   0.0675  0.0177  1.0000  0.0540  0.0477  0.0563  2.1245e-03 -0.0052 -0.0040 -0.0012  7.3787e-02   0.0804  -0.0078  7.4234e-02  -0.0058  2.8235e-02 -7.7785e-03   0.0326  -0.0001  -0.0043   0.0346   0.1101   0.0042   0.0152   0.0380  -0.0018   0.0136  -0.0096   0.0190   0.0131 -3.6764e-03   0.0067   0.0381   0.0023  -0.0084 -1.9622e-03  4.5224e-02   0.0126   0.0459   0.0549   0.0184  -0.0040   0.1183   0.0359  -0.0019  -0.0094  4.4626e-02   0.0384  -0.0073  -0.0062   0.0233
SIM3L2   0.0485 -0.0038  0.0540  1.0000  0.0037 -0.0036 -8.2633e-03  0.0159 -0.0057  0.0032  5.9360e-03   0.0197  -0.0047  9.9857e-03  -0.0017 -9.7275e-03  6.9154e-02  -0.0079   0.0013   0.0109   0.0321  -0.0060   0.0687  -0.0031   0.0740   0.0436   0.0717   0.0127   0.0179   0.0006 -1.0447e-03   0.0055  -0.0057  -0.0009   0.0253  2.6842e-02  1.7157e-02   0.0037   0.0199  -0.0095   0.0090   0.0465  -0.0044   0.0015   0.0272   0.0054 -6.0023e-03   0.0029  -0.0081  -0.0088   0.0324
SIM4L2   0.0486  0.0098  0.0477  0.0037  1.0000  0.0289  4.6342e-03 -0.0068  0.0066  0.0242  3.9071e-02   0.0375  -0.0015  5.3628e-02   0.0181  1.9240e-02  1.8209e-02  -0.0036  -0.0097   0.0400  -0.0040  -0.0044   0.0016   0.0177   0.0014  -0.0026   0.0443  -0.0098  -0.0041  -0.0005 -3.5191e-03  -0.0082   0.0606   0.0150  -0.0011  6.5680e-02  6.1091e-03  -0.0031  -0.0041  -0.0059   0.0082  -0.0039  -0.0070   0.0110   0.0193  -0.0054 -6.2816e-03   0.0055   0.0337  -0.0076   0.0899
SIM5L2   0.0525  0.0080  0.0563 -0.0036  0.0289  1.0000  3.2035e-03  0.0345  0.0879  0.0078 -8.8421e-03   0.0477   0.0112  3.2070e-03  -0.0009 -3.5542e-03 -6.7686e-03   0.1458   0.0161   0.0064   0.0279   0.1018   0.0079   0.0109   0.0417  -0.0097  -0.0085  -0.0073   0.0072   0.0023  4.3719e-03   0.0966   0.0043   0.0329  -0.0063  4.5031e-03  1.9314e-03  -0.0086   0.0200   0.0429   0.0077  -0.0009   0.0611  -0.0066  -0.0055  -0.0053 -4.0900e-03   0.0374  -0.0066  -0.0064  -0.0069
SIM6L2   0.0438 -0.0019  0.0021 -0.0083  0.0046  0.0032  1.0000e+00  0.0072  0.0356  0.0324  1.9170e-02   0.0069   0.0428  5.5987e-05   0.0611  2.2754e-02 -7.1813e-03   0.0425   0.0303  -0.0057   0.0213  -0.0090  -0.0051   0.0125  -0.0067   0.0005   0.0008   0.0098  -0.0038   0.0070  2.8046e-02  -0.0091  -0.0087   0.0059  -0.0003  8.2696e-05 -4.8138e-03  -0.0059  -0.0094  -0.0087   0.0056   0.0107   0.0302   0.0328  -0.0088   0.0503  3.1653e-02  -0.0087   0.0393   0.0012  -0.0102
SIM7L2   0.0262  0.0318 -0.0052  0.0159 -0.0068  0.0345  7.2243e-03  1.0000 -0.0065  0.0801 -3.8753e-03  -0.0089  -0.0076 -9.4210e-03  -0.0080  1.5222e-02  9.2146e-02  -0.0075   0.0075  -0.0073  -0.0079   0.0298  -0.0048  -0.0095   0.0821  -0.0043  -0.0080   0.0040   0.0149  -0.0063 -5.3943e-03   0.0023  -0.0099  -0.0102  -0.0079  9.7448e-03 -5.8808e-03   0.0408   0.0053   0.0026  -0.0021   0.0566  -0.0075  -0.0050  -0.0091   0.2063  1.0451e-02   0.0851   0.0079  -0.0065   0.0038
SIM8L2   0.0114  0.0117 -0.0040 -0.0057  0.0066  0.0879  3.5648e-02 -0.0065  1.0000 -0.0021  4.1271e-03   0.0043   0.0011  4.5789e-03  -0.0050  8.0804e-03  1.3201e-02   0.0810   0.0099   0.0021   0.0016   0.1408   0.0052   0.0223  -0.0076   0.0310  -0.0031   0.0574   0.0237  -0.0108 -4.3685e-03   0.0600  -0.0107  -0.0097   0.0124  4.8627e-03  4.9723e-03   0.0013  -0.0097  -0.0082   0.0498   0.0138   0.1035   0.0299   0.0804  -0.0032  2.7335e-02   0.0114  -0.0080   0.0100  -0.0011
SIM9L2   0.0211 -0.0112 -0.0012  0.0032  0.0242  0.0078  3.2428e-02  0.0801 -0.0021  1.0000  2.2718e-03  -0.0090   0.0253 -6.4446e-03   0.0371  4.0365e-02  6.8997e-03   0.1029  -0.0010   0.0002   0.0083   0.0071  -0.0098  -0.0053   0.0878   0.0008  -0.0013  -0.0086  -0.0050   0.0700 -6.4030e-03   0.0028   0.0109  -0.0033  -0.0079 -5.8128e-03 -8.3046e-03  -0.0018  -0.0034   0.0079   0.0068  -0.0095   0.0156  -0.0112  -0.0078   0.0986  3.8275e-02  -0.0086  -0.0087   0.0007   0.0100
SIM10L2  0.0422  0.0395  0.0738  0.0059  0.0391 -0.0088  1.9170e-02 -0.0039  0.0041  0.0023  1.0000e+00  -0.0063   0.0224  2.9948e-02  -0.0100  1.1780e-02 -7.7217e-03   0.0227  -0.0016   0.0474   0.0596   0.0235  -0.0090   0.0265  -0.0006   0.0212   0.0829   0.0725   0.0040   0.0131  4.9456e-06   0.0196  -0.0011   0.1193  -0.0055  1.4396e-02 -9.5555e-03  -0.0075  -0.0025   0.0078   0.0710  -0.0015   0.0370   0.0092  -0.0027   0.0441  3.9750e-02   0.0706   0.0079  -0.0074  -0.0090
SIM11L2  0.0517 -0.0084  0.0804  0.0197  0.0375  0.0477  6.9322e-03 -0.0089  0.0043 -0.0090 -6.2845e-03   1.0000  -0.0074 -7.5420e-03   0.0004  1.3789e-01 -6.7097e-03   0.0132   0.0195  -0.0070  -0.0074  -0.0062   0.0129   0.0167   0.0442   0.0332  -0.0078   0.0136   0.0020   0.0011  1.8008e-02   0.0066   0.0373   0.0441  -0.0049  4.6976e-02  7.2960e-02   0.0061  -0.0007   0.0767  -0.0043  -0.0070  -0.0065   0.0009   0.0084   0.0023 -1.9549e-03  -0.0041   0.0028  -0.0066   0.1098
SIM12L2  0.0445  0.0125 -0.0078 -0.0047 -0.0015  0.0112  4.2829e-02 -0.0076  0.0011  0.0253  2.2415e-02  -0.0074   1.0000  4.3902e-02   0.0524  8.8995e-03  2.8027e-02   0.0067   0.0439  -0.0027   0.0923   0.0554   0.0396   0.0772   0.0076   0.0003   0.0212   0.0012   0.0068   0.0006 -1.5025e-03  -0.0059   0.0345  -0.0021  -0.0092 -9.9146e-03  6.7263e-03  -0.0074   0.0920   0.0322   0.0950   0.0365  -0.0105   0.0461  -0.0059   0.0505  2.1821e-02   0.0417   0.0145   0.0477   0.0046
SIM13L2  0.0348  0.0304  0.0742  0.0100  0.0536  0.0032  5.5987e-05 -0.0094  0.0046 -0.0064  2.9948e-02  -0.0075   0.0439  1.0000e+00  -0.0075  2.6771e-02 -1.9424e-03  -0.0046   0.0931  -0.0060  -0.0085   0.0827   0.0327  -0.0035   0.0209   0.0013   0.0406  -0.0093   0.0102   0.0176 -6.5676e-03   0.0310  -0.0034   0.0359  -0.0055  3.2608e-02  1.3624e-02  -0.0061   0.1365  -0.0060   0.0004  -0.0072   0.0554  -0.0002   0.0383   0.0089 -7.0401e-03   0.0008   0.0005  -0.0068  -0.0062
SIM14L2  0.0597  0.0219 -0.0058 -0.0017  0.0181 -0.0009  6.1083e-02 -0.0080 -0.0050  0.0371 -1.0039e-02   0.0004   0.0524 -7.5303e-03   1.0000 -6.8940e-03  3.8677e-02   0.0355   0.0229   0.0290  -0.0043  -0.0067  -0.0060  -0.0067   0.0125  -0.0098  -0.0006  -0.0086  -0.0073   0.0035  1.2127e-02  -0.0061  -0.0027  -0.0080   0.0022 -2.6371e-03 -4.1974e-03  -0.0036  -0.0010   0.0459   0.0371  -0.0040   0.1148   0.0071   0.0192  -0.0046  7.3434e-02  -0.0087  -0.0074   0.0170   0.0030
SIM15L2  0.0634 -0.0031  0.0282 -0.0097  0.0192 -0.0036  2.2754e-02  0.0152  0.0081  0.0404  1.1780e-02   0.1379   0.0089  2.6771e-02  -0.0069  1.0000e+00 -8.3109e-03   0.0232  -0.0077  -0.0022   0.0731   0.0180  -0.0065  -0.0040   0.0305   0.0017  -0.0094   0.0074  -0.0051   0.0325 -7.4288e-03  -0.0053  -0.0011  -0.0029   0.0145 -3.9558e-03  1.7379e-05  -0.0074   0.0052  -0.0093   0.0019  -0.0047   0.0278   0.0339   0.0006  -0.0078 -4.3373e-04   0.0133   0.0036   0.0630   0.0971
SIM16L2  0.0353  0.0335 -0.0078  0.0692  0.0182 -0.0068 -7.1813e-03  0.0921  0.0132  0.0069 -7.7217e-03  -0.0067   0.0280 -1.9424e-03   0.0387 -8.3109e-03  1.0000e+00  -0.0066  -0.0020   0.0913  -0.0074   0.0041  -0.0051  -0.0079  -0.0086  -0.0038   0.0125  -0.0076   0.0944   0.0261 -6.9012e-03  -0.0036  -0.0035  -0.0081  -0.0060 -4.1828e-03  3.0349e-02   0.0018   0.0129   0.0084  -0.0032  -0.0070  -0.0053  -0.0079  -0.0047  -0.0047  6.9826e-05   0.0040   0.0281   0.0354   0.0783
SIM17L2  0.0388  0.0304  0.0326 -0.0079 -0.0036  0.1458  4.2497e-02 -0.0075  0.0810  0.1029  2.2660e-02   0.0132   0.0067 -4.6403e-03   0.0355  2.3208e-02 -6.6460e-03   1.0000   0.0096  -0.0059  -0.0034   0.1118   0.0469  -0.0062   0.0058   0.0048   0.0287   0.0042  -0.0026  -0.0088 -1.8727e-03   0.0969  -0.0036   0.0013   0.0319  3.8553e-02  5.3428e-02   0.0104  -0.0108  -0.0096   0.0004  -0.0034   0.0704   0.0326  -0.0006  -0.0044  9.3290e-02  -0.0072  -0.0048   0.0053   0.0202
SIM18L2  0.0453  0.0421 -0.0001  0.0013 -0.0097  0.0161  3.0266e-02  0.0075  0.0099 -0.0010 -1.6416e-03   0.0195   0.0439  9.3069e-02   0.0229 -7.7103e-03 -1.9859e-03   0.0096   1.0000  -0.0053   0.0154  -0.0088  -0.0043   0.0025   0.0004   0.0102   0.0345  -0.0063   0.0056   0.0109  2.6033e-02  -0.0088  -0.0096   0.0134   0.0540  1.5763e-02 -8.0622e-03   0.0057   0.0307  -0.0093  -0.0073   0.0164   0.0043   0.0149   0.0212  -0.0016 -4.8299e-03   0.0243  -0.0072  -0.0062   0.0004
SIM19L2  0.0406 -0.0051 -0.0043  0.0109  0.0400  0.0064 -5.6973e-03 -0.0073  0.0021  0.0002  4.7438e-02  -0.0070  -0.0027 -5.9935e-03   0.0290 -2.1934e-03  9.1323e-02  -0.0059  -0.0053   1.0000   0.0157  -0.0011  -0.0072   0.0063   0.0101   0.0274   0.0095   0.0104   0.1012   0.0915 -3.8459e-03  -0.0051   0.0004  -0.0003  -0.0045  2.8899e-02  9.7374e-04   0.0218   0.0004   0.0115  -0.0064  -0.0072   0.0008  -0.0045   0.0548   0.0136 -6.2649e-03  -0.0037   0.0200   0.0060  -0.0041
SIM20L2  0.0318 -0.0071  0.0346  0.0321 -0.0040  0.0279  2.1326e-02 -0.0079  0.0016  0.0083  5.9560e-02  -0.0074   0.0923 -8.4902e-03  -0.0043  7.3100e-02 -7.4494e-03  -0.0034   0.0154   0.0157   1.0000   0.0075  -0.0088   0.0121  -0.0059  -0.0059  -0.0096   0.0624  -0.0047  -0.0058  5.9614e-02   0.0075  -0.0083   0.0389   0.0496 -4.9710e-03 -3.7449e-03  -0.0084  -0.0048  -0.0058  -0.0052   0.0593   0.0406   0.0448   0.0071  -0.0080 -5.4758e-03   0.0541  -0.0076   0.0729  -0.0089
SIM21L2  0.0503  0.0026  0.1101 -0.0060 -0.0044  0.1018 -9.0135e-03  0.0298  0.1408  0.0071  2.3502e-02  -0.0062   0.0554  8.2730e-02  -0.0067  1.7986e-02  4.0905e-03   0.1118  -0.0088  -0.0011   0.0075   1.0000  -0.0087  -0.0020  -0.0078  -0.0060  -0.0081  -0.0090  -0.0031   0.0117  1.2784e-02   0.0765   0.0426  -0.0046   0.0033 -2.3292e-03  4.0150e-02   0.0325   0.0200   0.0059  -0.0061  -0.0063   0.1404   0.0028  -0.0004  -0.0058  3.6512e-02   0.0097  -0.0022  -0.0075   0.0142
SIM22L2  0.0426  0.0623  0.0042  0.0687  0.0016  0.0079 -5.1470e-03 -0.0048  0.0052 -0.0098 -9.0168e-03   0.0129   0.0396  3.2653e-02  -0.0060 -6.5404e-03 -5.1250e-03   0.0469  -0.0043  -0.0072  -0.0088  -0.0087   1.0000   0.0329  -0.0019   0.0430   0.0133  -0.0062   0.0073   0.0215  4.3000e-02  -0.0038   0.0006   0.0002   0.0075  3.4859e-02  5.8160e-02   0.0066  -0.0089   0.1697  -0.0082  -0.0046  -0.0084   0.0486   0.0483   0.0283 -9.5937e-03   0.0150   0.0021  -0.0045  -0.0044
SIM23L2  0.0431 -0.0084  0.0152 -0.0031  0.0177  0.0109  1.2509e-02 -0.0095  0.0223 -0.0053  2.6512e-02   0.0167   0.0772 -3.5070e-03  -0.0067 -4.0151e-03 -7.8956e-03  -0.0062   0.0025   0.0063   0.0121  -0.0020   0.0329   1.0000  -0.0022  -0.0045  -0.0090  -0.0065   0.0023  -0.0047 -6.0273e-04   0.0108   0.0156  -0.0086  -0.0063  2.3710e-02  4.6736e-02   0.0354  -0.0086   0.0534   0.0208   0.0016  -0.0087   0.0069   0.0145  -0.0054  4.5322e-03  -0.0016  -0.0035   0.0205   0.0264
SIM24L2  0.0141 -0.0022  0.0380  0.0740  0.0014  0.0417 -6.6637e-03  0.0821 -0.0076  0.0878 -5.6858e-04   0.0442   0.0076  2.0882e-02   0.0125  3.0474e-02 -8.6250e-03   0.0058   0.0004   0.0101  -0.0059  -0.0078  -0.0019  -0.0022   1.0000  -0.0082  -0.0095   0.0861  -0.0081   0.0414  8.7268e-02  -0.0083   0.0037   0.0003   0.0141  2.0598e-02 -1.0231e-02   0.0015   0.0177   0.0471  -0.0015   0.1764   0.0059  -0.0012   0.0012   0.0791 -6.1301e-03   0.0125  -0.0048  -0.0075   0.0188
SIM25L2  0.0251  0.0023 -0.0018  0.0436 -0.0026 -0.0097  5.4600e-04 -0.0043  0.0310  0.0008  2.1151e-02   0.0332   0.0003  1.3410e-03  -0.0098  1.6945e-03 -3.8201e-03   0.0048   0.0102   0.0274  -0.0059  -0.0060   0.0430  -0.0045  -0.0082   1.0000   0.0273   0.0728  -0.0086  -0.0089 -7.1349e-03   0.1953   0.0005   0.0454   0.0012 -8.5338e-03  4.1033e-02  -0.0050  -0.0080   0.0315   0.0373   0.0057   0.0077   0.0025   0.0087  -0.0019  7.7615e-02   0.0069   0.0021   0.0746  -0.0084
SIM26L2  0.0068  0.0081  0.0136  0.0717  0.0443 -0.0085  8.4888e-04 -0.0080 -0.0031 -0.0013  8.2879e-02  -0.0078   0.0212  4.0620e-02  -0.0006 -9.3668e-03  1.2519e-02   0.0287   0.0345   0.0095  -0.0096  -0.0081   0.0133  -0.0090  -0.0095   0.0273   1.0000   0.0022   0.0186  -0.0036 -8.7538e-03   0.0073  -0.0073   0.0978  -0.0084 -1.4982e-03 -8.8003e-03  -0.0092   0.0442   0.0071   0.0224  -0.0087  -0.0032   0.0539   0.0020  -0.0069  2.6252e-02  -0.0053  -0.0088   0.0586   0.0341
SIM27L2  0.0210  0.0121 -0.0096  0.0127 -0.0098 -0.0073  9.7967e-03  0.0040  0.0574 -0.0086  7.2451e-02   0.0136   0.0012 -9.3465e-03  -0.0086  7.3758e-03 -7.5706e-03   0.0042  -0.0063   0.0104   0.0624  -0.0090  -0.0062  -0.0065   0.0861   0.0728   0.0022   1.0000  -0.0089   0.0306  4.9427e-02   0.0077   0.0159   0.0570  -0.0059  1.6011e-02  7.2030e-02   0.0175  -0.0013  -0.0098  -0.0068   0.0167  -0.0098   0.0447  -0.0074  -0.0087  4.1256e-02   0.0003  -0.0030   0.0162  -0.0059
SIM28L2  0.0459  0.0549  0.0190  0.0179 -0.0041  0.0072 -3.7959e-03  0.0149  0.0237 -0.0050  3.9867e-03   0.0020   0.0068  1.0217e-02  -0.0073 -5.1454e-03  9.4363e-02  -0.0026   0.0056   0.1012  -0.0047  -0.0031   0.0073   0.0023  -0.0081  -0.0086   0.0186  -0.0089   1.0000   0.0662  1.7084e-02   0.0534   0.0045  -0.0056   0.0152  9.3804e-02  2.6424e-02   0.0098  -0.0043   0.0270   0.0152   0.0044  -0.0030   0.0052   0.0458   0.0401  9.2557e-02  -0.0041  -0.0031   0.0010   0.0047
SIM29L2  0.0420  0.0248  0.0131  0.0006 -0.0005  0.0023  6.9884e-03 -0.0063 -0.0108  0.0700  1.3060e-02   0.0011   0.0006  1.7580e-02   0.0035  3.2530e-02  2.6089e-02  -0.0088   0.0109   0.0915  -0.0058   0.0117   0.0215  -0.0047   0.0414  -0.0089  -0.0036   0.0306   0.0662   1.0000  9.0940e-03  -0.0079   0.0047  -0.0080  -0.0081 -7.3369e-03  3.4206e-02   0.0151  -0.0079  -0.0016  -0.0085   0.0118   0.0010   0.0073  -0.0043   0.0255 -4.3917e-03   0.0102  -0.0087  -0.0079   0.0113
SIM30L2  0.0346 -0.0082 -0.0037 -0.0010 -0.0035  0.0044  2.8046e-02 -0.0054 -0.0044 -0.0064  4.9456e-06   0.0180  -0.0015 -6.5676e-03   0.0121 -7.4288e-03 -6.9012e-03  -0.0019   0.0260  -0.0038   0.0596   0.0128   0.0430  -0.0006   0.0873  -0.0071  -0.0088   0.0494   0.0171   0.0091  1.0000e+00   0.0011  -0.0006  -0.0046   0.0037 -4.8924e-03  3.6917e-02  -0.0065   0.0438   0.0042  -0.0070  -0.0013   0.0102   0.0237  -0.0031  -0.0077 -1.7438e-03  -0.0075   0.0015   0.0704   0.0009
SIM31L2  0.0369  0.0036  0.0067  0.0055 -0.0082  0.0966 -9.0715e-03  0.0023  0.0600  0.0028  1.9572e-02   0.0066  -0.0059  3.0963e-02  -0.0061 -5.2515e-03 -3.6202e-03   0.0969  -0.0088  -0.0051   0.0075   0.0765  -0.0038   0.0108  -0.0083   0.1953   0.0073   0.0077   0.0534  -0.0079  1.1429e-03   1.0000   0.0061   0.0094  -0.0082  1.2669e-03  6.9320e-02  -0.0051  -0.0065   0.0366  -0.0067  -0.0018   0.1143  -0.0086  -0.0067  -0.0076  3.1983e-02  -0.0030   0.0010  -0.0072  -0.0062
SIM32L2  0.0501 -0.0097  0.0381 -0.0057  0.0606  0.0043 -8.6874e-03 -0.0099 -0.0107  0.0109 -1.1271e-03   0.0373   0.0345 -3.3587e-03  -0.0027 -1.0889e-03 -3.5163e-03  -0.0036  -0.0096   0.0004  -0.0083   0.0426   0.0006   0.0156   0.0037   0.0005  -0.0073   0.0159   0.0045   0.0047 -6.4751e-04   0.0061   1.0000   0.0191   0.0227  6.1960e-02  2.7572e-02  -0.0089  -0.0102   0.0097   0.0193   0.0158  -0.0036   0.0211  -0.0082  -0.0077 -5.9963e-03  -0.0091   0.0034   0.0208  -0.0015
SIM33L2  0.0384 -0.0062  0.0023 -0.0009  0.0150  0.0329  5.8631e-03 -0.0102 -0.0097 -0.0033  1.1928e-01   0.0441  -0.0021  3.5918e-02  -0.0080 -2.9074e-03 -8.0901e-03   0.0013   0.0134  -0.0003   0.0389  -0.0046   0.0002  -0.0086   0.0003   0.0454   0.0978   0.0570  -0.0056  -0.0080 -4.6390e-03   0.0094   0.0191   1.0000  -0.0090 -9.7585e-03  3.4044e-02   0.0059  -0.0045   0.0060  -0.0097   0.0105  -0.0076   0.0594  -0.0034  -0.0085 -1.0053e-02   0.0005   0.0384  -0.0079  -0.0097
SIM34L2  0.0348 -0.0081 -0.0084  0.0253 -0.0011 -0.0063 -3.4679e-04 -0.0079  0.0124 -0.0079 -5.5344e-03  -0.0049  -0.0092 -5.5273e-03   0.0022  1.4541e-02 -5.9979e-03   0.0319   0.0540  -0.0045   0.0496   0.0033   0.0075  -0.0063   0.0141   0.0012  -0.0084  -0.0059   0.0152  -0.0081  3.7315e-03  -0.0082   0.0227  -0.0090   1.0000  1.5186e-02  3.4648e-02   0.0060   0.0529  -0.0067  -0.0085  -0.0070  -0.0068   0.0825   0.0178   0.0037 -4.7476e-04   0.1020  -0.0079   0.0047  -0.0095
SIM35L2  0.0580  0.0200 -0.0020  0.0268  0.0657  0.0045  8.2696e-05  0.0097  0.0049 -0.0058  1.4396e-02   0.0470  -0.0099  3.2608e-02  -0.0026 -3.9558e-03 -4.1828e-03   0.0386   0.0158   0.0289  -0.0050  -0.0023   0.0349   0.0237   0.0206  -0.0085  -0.0015   0.0160   0.0938  -0.0073 -4.8924e-03   0.0013   0.0620  -0.0098   0.0152  1.0000e+00  3.0622e-02  -0.0063  -0.0083  -0.0041   0.0115  -0.0090  -0.0048   0.0086   0.0636  -0.0071  2.7637e-02   0.0026  -0.0090  -0.0083  -0.0033
SIM36L2  0.0401  0.0118  0.0452  0.0172  0.0061  0.0019 -4.8138e-03 -0.0059  0.0050 -0.0083 -9.5555e-03   0.0730   0.0067  1.3624e-02  -0.0042  1.7379e-05  3.0349e-02   0.0534  -0.0081   0.0010  -0.0037   0.0402   0.0582   0.0467  -0.0102   0.0410  -0.0088   0.0720   0.0264   0.0342  3.6917e-02   0.0693   0.0276   0.0340   0.0346  3.0622e-02  1.0000e+00   0.0145  -0.0007   0.0013  -0.0053   0.0729   0.0441  -0.0019   0.0040  -0.0098 -2.5629e-04   0.0029  -0.0013  -0.0047   0.0380
SIM37L2  0.0372  0.0034  0.0126  0.0037 -0.0031 -0.0086 -5.8979e-03  0.0408  0.0013 -0.0018 -7.4892e-03   0.0061  -0.0074 -6.1457e-03  -0.0036 -7.4112e-03  1.8293e-03   0.0104   0.0057   0.0218  -0.0084   0.0325   0.0066   0.0354   0.0015  -0.0050  -0.0092   0.0175   0.0098   0.0151 -6.5123e-03  -0.0051  -0.0089   0.0059   0.0060 -6.3332e-03  1.4474e-02   1.0000  -0.0092  -0.0056  -0.0072  -0.0082  -0.0042   0.0360   0.0023  -0.0089  1.5213e-02   0.0006   0.0097  -0.0036   0.0519
SIM38L2  0.0182  0.0033  0.0459  0.0199 -0.0041  0.0200 -9.3961e-03  0.0053 -0.0097 -0.0034 -2.5356e-03  -0.0007   0.0920  1.3646e-01  -0.0010  5.1587e-03  1.2878e-02  -0.0108   0.0307   0.0004  -0.0048   0.0200  -0.0089  -0.0086   0.0177  -0.0080   0.0442  -0.0013  -0.0043  -0.0079  4.3795e-02  -0.0065  -0.0102  -0.0045   0.0529 -8.2702e-03 -7.3372e-04  -0.0092   1.0000  -0.0057  -0.0052  -0.0085   0.0341  -0.0010   0.0547  -0.0050  2.0358e-02  -0.0091  -0.0046  -0.0068  -0.0054
SIM39L2  0.0456 -0.0068  0.0549 -0.0095 -0.0059  0.0429 -8.6527e-03  0.0026 -0.0082  0.0079  7.8305e-03   0.0767   0.0322 -6.0142e-03   0.0459 -9.2977e-03  8.3628e-03  -0.0096  -0.0093   0.0115  -0.0058   0.0059   0.1697   0.0534   0.0471   0.0315   0.0071  -0.0098   0.0270  -0.0016  4.2064e-03   0.0366   0.0097   0.0060  -0.0067 -4.0556e-03  1.2774e-03  -0.0056  -0.0057   1.0000   0.0383  -0.0057  -0.0011  -0.0085   0.0113   0.0349  9.6197e-03  -0.0069   0.0026   0.0073  -0.0007
SIM40L2  0.0556 -0.0068  0.0184  0.0090  0.0082  0.0077  5.6166e-03 -0.0021  0.0498  0.0068  7.1026e-02  -0.0043   0.0950  3.6945e-04   0.0371  1.8654e-03 -3.1519e-03   0.0004  -0.0073  -0.0064  -0.0052  -0.0061  -0.0082   0.0208  -0.0015   0.0373   0.0224  -0.0068   0.0152  -0.0085 -6.9729e-03  -0.0067   0.0193  -0.0097  -0.0085  1.1539e-02 -5.3262e-03  -0.0072  -0.0052   0.0383   1.0000   0.0265  -0.0065   0.0135  -0.0029  -0.0055  1.6453e-02   0.0339  -0.0057   0.0471   0.0112
SIM41L2  0.0243 -0.0082 -0.0040  0.0465 -0.0039 -0.0009  1.0665e-02  0.0566  0.0138 -0.0095 -1.5350e-03  -0.0070   0.0365 -7.2118e-03  -0.0040 -4.7214e-03 -7.0457e-03  -0.0034   0.0164  -0.0072   0.0593  -0.0063  -0.0046   0.0016   0.1764   0.0057  -0.0087   0.0167   0.0044   0.0118 -1.2612e-03  -0.0018   0.0158   0.0105  -0.0070 -8.9984e-03  7.2949e-02  -0.0082  -0.0085  -0.0057   0.0265   1.0000   0.0254   0.0119   0.0145   0.0506 -7.0784e-03   0.0123  -0.0056   0.0227   0.0037
SIM42L2  0.0579 -0.0023  0.1183 -0.0044 -0.0070  0.0611  3.0246e-02 -0.0075  0.1035  0.0156  3.7010e-02  -0.0065  -0.0105  5.5353e-02   0.1148  2.7846e-02 -5.2877e-03   0.0704   0.0043   0.0008   0.0406   0.1404  -0.0084  -0.0087   0.0059   0.0077  -0.0032  -0.0098  -0.0030   0.0010  1.0227e-02   0.1143  -0.0036  -0.0076  -0.0068 -4.8159e-03  4.4097e-02  -0.0042   0.0341  -0.0011  -0.0065   0.0254   1.0000  -0.0031   0.0135  -0.0044  3.1188e-03  -0.0069  -0.0072   0.0190   0.0061
SIM43L2  0.0345 -0.0092  0.0359  0.0015  0.0110 -0.0066  3.2786e-02 -0.0050  0.0299 -0.0112  9.1811e-03   0.0009   0.0461 -2.2715e-04   0.0071  3.3890e-02 -7.8561e-03   0.0326   0.0149  -0.0045   0.0448   0.0028   0.0486   0.0069  -0.0012   0.0025   0.0539   0.0447   0.0052   0.0073  2.3673e-02  -0.0086   0.0211   0.0594   0.0825  8.6343e-03 -1.8569e-03   0.0360  -0.0010  -0.0085   0.0135   0.0119  -0.0031   1.0000   0.0076   0.0020 -5.0135e-03   0.0551   0.0039   0.1400  -0.0054
SIM44L2  0.0370 -0.0074 -0.0019  0.0272  0.0193 -0.0055 -8.8191e-03 -0.0091  0.0804 -0.0078 -2.6711e-03   0.0084  -0.0059  3.8257e-02   0.0192  5.5373e-04 -4.6658e-03  -0.0006   0.0212   0.0548   0.0071  -0.0004   0.0483   0.0145   0.0012   0.0087   0.0020  -0.0074   0.0458  -0.0043 -3.0864e-03  -0.0067  -0.0082  -0.0034   0.0178  6.3575e-02  4.0406e-03   0.0023   0.0547   0.0113  -0.0029   0.0145   0.0135   0.0076   1.0000  -0.0047 -8.7631e-03   0.0504  -0.0067   0.0307  -0.0025
SIM45L2  0.0143  0.0359 -0.0094  0.0054 -0.0054 -0.0053  5.0261e-02  0.2063 -0.0032  0.0986  4.4131e-02   0.0023   0.0505  8.8572e-03  -0.0046 -7.7747e-03 -4.6678e-03  -0.0044  -0.0016   0.0136  -0.0080  -0.0058   0.0283  -0.0054   0.0791  -0.0019  -0.0069  -0.0087   0.0401   0.0255 -7.6642e-03  -0.0076  -0.0077  -0.0085   0.0037 -7.0917e-03 -9.8366e-03  -0.0089  -0.0050   0.0349  -0.0055   0.0506  -0.0044   0.0020  -0.0047   1.0000 -5.8042e-04   0.0722  -0.0008  -0.0022  -0.0023
SIM46L2  0.0674  0.0913  0.0446 -0.0060 -0.0063 -0.0041  3.1653e-02  0.0105  0.0273  0.0383  3.9750e-02  -0.0020   0.0218 -7.0401e-03   0.0734 -4.3373e-04  6.9826e-05   0.0933  -0.0048  -0.0063  -0.0055   0.0365  -0.0096   0.0045  -0.0061   0.0776   0.0263   0.0413   0.0926  -0.0044 -1.7438e-03   0.0320  -0.0060  -0.0101  -0.0005  2.7637e-02 -2.5629e-04   0.0152   0.0204   0.0096   0.0165  -0.0071   0.0031  -0.0050  -0.0088  -0.0006  1.0000e+00   0.0003  -0.0081  -0.0094   0.0023
SIM47L2  0.0306  0.1014  0.0384  0.0029  0.0055  0.0374 -8.6624e-03  0.0851  0.0114 -0.0086  7.0602e-02  -0.0041   0.0417  8.1003e-04  -0.0087  1.3300e-02  3.9955e-03  -0.0072   0.0243  -0.0037   0.0541   0.0097   0.0150  -0.0016   0.0125   0.0069  -0.0053   0.0003  -0.0041   0.0102 -7.5265e-03  -0.0030  -0.0091   0.0005   0.1020  2.6305e-03  2.9092e-03   0.0006  -0.0091  -0.0069   0.0339   0.0123  -0.0069   0.0551   0.0504   0.0722  3.4368e-04   1.0000  -0.0026  -0.0073   0.0145
SIM48L2  0.0345 -0.0060 -0.0073 -0.0081  0.0337 -0.0066  3.9252e-02  0.0079 -0.0080 -0.0087  7.8889e-03   0.0028   0.0145  4.7467e-04  -0.0074  3.6140e-03  2.8137e-02  -0.0048  -0.0072   0.0200  -0.0076  -0.0022   0.0021  -0.0035  -0.0048   0.0021  -0.0088  -0.0030  -0.0031  -0.0087  1.4648e-03   0.0010   0.0034   0.0384  -0.0079 -8.9858e-03 -1.2545e-03   0.0097  -0.0046   0.0026  -0.0057  -0.0056  -0.0072   0.0039  -0.0067  -0.0008 -8.1285e-03  -0.0026   1.0000  -0.0078  -0.0078
SIM49L2  0.0403 -0.0067 -0.0062 -0.0088 -0.0076 -0.0064  1.1667e-03 -0.0065  0.0100  0.0007 -7.4498e-03  -0.0066   0.0477 -6.7552e-03   0.0170  6.3017e-02  3.5408e-02   0.0053  -0.0062   0.0060   0.0729  -0.0075  -0.0045   0.0205  -0.0075   0.0746   0.0586   0.0162   0.0010  -0.0079  7.0449e-02  -0.0072   0.0208  -0.0079   0.0047 -8.3379e-03 -4.7093e-03  -0.0036  -0.0068   0.0073   0.0471   0.0227   0.0190   0.1400   0.0307  -0.0022 -9.4235e-03  -0.0073  -0.0078   1.0000   0.0042
SIM50L2  0.0175 -0.0033  0.0233  0.0324  0.0899 -0.0069 -1.0169e-02  0.0038 -0.0011  0.0100 -9.0341e-03   0.1098   0.0046 -6.2034e-03   0.0030  9.7149e-02  7.8330e-02   0.0202   0.0004  -0.0041  -0.0089   0.0142  -0.0044   0.0264   0.0188  -0.0084   0.0341  -0.0059   0.0047   0.0113  9.2223e-04  -0.0062  -0.0015  -0.0097  -0.0095 -3.2598e-03  3.7993e-02   0.0519  -0.0054  -0.0007   0.0112   0.0037   0.0061  -0.0054  -0.0025  -0.0023  2.3340e-03   0.0145  -0.0078   0.0042   1.0000

LD Score Matrix Condition Number
2.059

Annotation Correlation Matrix
             SIM1        SIM2        SIM3        SIM4        SIM5        SIM6        SIM7        SIM8        SIM9       SIM10       SIM11       SIM12       SIM13       SIM14       SIM15       SIM16       SIM17       SIM18       SIM19       SIM20       SIM21       SIM22       SIM23       SIM24       SIM25       SIM26       SIM27       SIM28       SIM29       SIM30       SIM31       SIM32       SIM33       SIM34       SIM35       SIM36       SIM37       SIM38       SIM39       SIM40       SIM41       SIM42       SIM43       SIM44       SIM45       SIM46       SIM47       SIM48       SIM49       SIM50
SIM1   1.0000e+00 -8.8914e-05 -9.6206e-05 -9.3151e-05 -1.0013e-04 -8.8914e-05 -9.3151e-05 -9.8190e-05 -9.8190e-05 -9.5198e-05  2.1653e-02 -1.0013e-04 -1.0013e-04 -8.9992e-05 -9.5198e-05 -8.0968e-05 -1.0298e-04 -9.9167e-05 -8.6718e-05 -9.1057e-05 -9.8190e-05  2.2693e-02 -9.1057e-05 -9.4180e-05 -9.4180e-05 -9.8190e-05 -9.1057e-05 -9.5198e-05 -9.6206e-05 -8.8914e-05 -9.5198e-05 -1.0392e-04 -9.1057e-05 -8.3316e-05 -1.0298e-04 -9.7203e-05 -9.4180e-05 -1.0013e-04 -9.5198e-05 -8.7823e-05 -8.9992e-05 -8.4465e-05 -1.0204e-04 -9.2110e-05  2.0130e-02 -9.3151e-05 -8.7823e-05 -9.1057e-05 -1.0109e-04 -1.0013e-04
SIM2  -8.8914e-05  1.0000e+00 -8.9855e-05  2.3196e-02 -9.3524e-05 -8.3044e-05 -8.7001e-05 -9.1708e-05 -9.1708e-05 -8.8914e-05 -8.7001e-05 -9.3524e-05 -9.3524e-05 -8.4051e-05 -8.8914e-05 -7.5623e-05 -9.6185e-05 -9.2621e-05 -8.0993e-05 -8.5046e-05  2.1997e-02 -8.3044e-05 -8.5046e-05 -8.7963e-05 -8.7963e-05 -9.1708e-05 -8.5046e-05 -8.8914e-05 -8.9855e-05 -8.3044e-05 -8.8914e-05 -9.7055e-05  2.3733e-02 -7.7816e-05 -9.6185e-05 -9.0786e-05 -8.7963e-05 -9.3524e-05 -8.8914e-05 -8.2025e-05 -8.4051e-05 -7.8889e-05 -9.5306e-05 -8.6029e-05 -9.3524e-05 -8.7001e-05 -8.2025e-05 -8.5046e-05 -9.4419e-05 -9.3524e-05
SIM3  -9.6206e-05 -8.9855e-05  1.0000e+00 -9.4136e-05 -1.0119e-04 -8.9855e-05 -9.4136e-05 -9.9229e-05 -9.9229e-05 -9.6206e-05 -9.4136e-05 -1.0119e-04 -1.0119e-04 -9.0944e-05 -9.6206e-05 -8.1825e-05 -1.0407e-04 -1.0022e-04 -8.7636e-05 -9.2021e-05 -9.9229e-05 -8.9855e-05 -9.2021e-05 -9.5177e-05 -9.5177e-05 -9.9229e-05 -9.2021e-05 -9.6206e-05 -9.7224e-05 -8.9855e-05 -9.6206e-05 -1.0501e-04 -9.2021e-05 -8.4197e-05  1.9360e-02 -9.8232e-05 -9.5177e-05 -1.0119e-04 -9.6206e-05  2.2735e-02 -9.0944e-05 -8.5359e-05 -1.0312e-04 -9.3085e-05 -1.0119e-04 -9.4136e-05 -8.8752e-05 -9.2021e-05 -1.0216e-04  1.9917e-02
SIM4  -9.3151e-05  2.3196e-02 -9.4136e-05  1.0000e+00  2.0577e-02  2.3196e-02 -9.1147e-05 -9.6078e-05 -9.6078e-05 -9.3151e-05 -9.1147e-05 -9.7981e-05 -9.7981e-05 -8.8056e-05 -9.3151e-05 -7.9227e-05 -1.0077e-04 -9.7034e-05 -8.4853e-05 -8.9098e-05 -9.6078e-05 -8.7001e-05 -8.9098e-05 -9.2154e-05 -9.2154e-05 -9.6078e-05 -8.9098e-05 -9.3151e-05 -9.4136e-05 -8.7001e-05 -9.3151e-05 -1.0168e-04 -8.9098e-05 -8.1524e-05 -1.0077e-04 -9.5112e-05 -9.2154e-05 -9.7981e-05 -9.3151e-05 -8.5934e-05 -8.8056e-05 -8.2648e-05 -9.9847e-05 -9.0128e-05 -9.7981e-05 -9.1147e-05 -8.5934e-05  2.2646e-02  2.0380e-02 -9.7981e-05
SIM5  -1.0013e-04 -9.3524e-05 -1.0119e-04  2.0577e-02  1.0000e+00 -9.3524e-05 -9.7981e-05 -1.0328e-04 -1.0328e-04 -1.0013e-04 -9.7981e-05 -1.0533e-04 -1.0533e-04 -9.4658e-05 -1.0013e-04 -8.5167e-05 -1.0832e-04 -1.0431e-04 -9.1215e-05 -9.5778e-05 -1.0328e-04 -9.3524e-05 -9.5778e-05 -9.9064e-05 -9.9064e-05 -1.0328e-04 -9.5778e-05 -1.0013e-04 -1.0119e-04 -9.3524e-05 -1.0013e-04 -1.0930e-04 -9.5778e-05 -8.7636e-05 -1.0832e-04 -1.0224e-04 -9.9064e-05 -1.0533e-04 -1.0013e-04 -9.2377e-05 -9.4658e-05 -8.8845e-05 -1.0733e-04 -9.6886e-05 -1.0533e-04 -9.7981e-05 -9.2377e-05 -9.5778e-05 -1.0633e-04 -1.0533e-04
SIM6  -8.8914e-05 -8.3044e-05 -8.9855e-05  2.3196e-02 -9.3524e-05  1.0000e+00 -8.7001e-05 -9.1708e-05 -9.1708e-05 -8.8914e-05 -8.7001e-05 -9.3524e-05 -9.3524e-05 -8.4051e-05 -8.8914e-05 -7.5623e-05  4.2025e-02 -9.2621e-05 -8.0993e-05 -8.5046e-05 -9.1708e-05 -8.3044e-05 -8.5046e-05 -8.7963e-05 -8.7963e-05 -9.1708e-05 -8.5046e-05 -8.8914e-05 -8.9855e-05 -8.3044e-05 -8.8914e-05 -9.7055e-05 -8.5046e-05 -7.7816e-05 -9.6185e-05 -9.0786e-05 -8.7963e-05 -9.3524e-05 -8.8914e-05 -8.2025e-05 -8.4051e-05 -7.8889e-05 -9.5306e-05 -8.6029e-05 -9.3524e-05 -8.7001e-05 -8.2025e-05 -8.5046e-05  2.1360e-02 -9.3524e-05
SIM7  -9.3151e-05 -8.7001e-05 -9.4136e-05 -9.1147e-05 -9.7981e-05 -8.7001e-05  1.0000e+00 -9.6078e-05 -9.6078e-05 -9.3151e-05 -9.1147e-05 -9.7981e-05 -9.7981e-05 -8.8056e-05 -9.3151e-05 -7.9227e-05 -1.0077e-04 -9.7034e-05 -8.4853e-05 -8.9098e-05 -9.6078e-05 -8.7001e-05 -8.9098e-05 -9.2154e-05 -9.2154e-05 -9.6078e-05 -8.9098e-05 -9.3151e-05 -9.4136e-05 -8.7001e-05 -9.3151e-05 -1.0168e-04 -8.9098e-05 -8.1524e-05 -1.0077e-04 -9.5112e-05 -9.2154e-05 -9.7981e-05  2.1653e-02 -8.5934e-05 -8.8056e-05 -8.2648e-05 -9.9847e-05 -9.0128e-05 -9.7981e-05 -9.1147e-05 -8.5934e-05 -8.9098e-05 -9.8919e-05 -9.7981e-05
SIM8  -9.8190e-05 -9.1708e-05 -9.9229e-05 -9.6078e-05 -1.0328e-04 -9.1708e-05 -9.6078e-05  1.0000e+00 -1.0128e-04 -9.8190e-05 -9.6078e-05 -1.0328e-04  1.9510e-02 -9.2820e-05 -9.8190e-05 -8.3513e-05 -1.0622e-04 -1.0228e-04 -8.9443e-05 -9.3918e-05 -1.0128e-04 -9.1708e-05 -9.3918e-05 -9.7140e-05  2.0756e-02 -1.0128e-04 -9.3918e-05 -9.8190e-05 -9.9229e-05 -9.1708e-05 -9.8190e-05 -1.0718e-04 -9.3918e-05 -8.5934e-05 -1.0622e-04 -1.0026e-04  2.0756e-02 -1.0328e-04 -9.8190e-05 -9.0583e-05 -9.2820e-05 -8.7119e-05 -1.0525e-04 -9.5004e-05 -1.0328e-04 -9.6078e-05 -9.0583e-05 -9.3918e-05 -1.0427e-04 -1.0328e-04
SIM9  -9.8190e-05 -9.1708e-05 -9.9229e-05 -9.6078e-05 -1.0328e-04 -9.1708e-05 -9.6078e-05 -1.0128e-04  1.0000e+00 -9.8190e-05 -9.6078e-05 -1.0328e-04 -1.0328e-04 -9.2820e-05 -9.8190e-05 -8.3513e-05 -1.0622e-04 -1.0228e-04 -8.9443e-05 -9.3918e-05 -1.0128e-04 -9.1708e-05 -9.3918e-05  2.0756e-02 -9.7140e-05 -1.0128e-04  2.1475e-02 -9.8190e-05 -9.9229e-05 -9.1708e-05 -9.8190e-05 -1.0718e-04 -9.3918e-05 -8.5934e-05 -1.0622e-04 -1.0026e-04 -9.7140e-05  1.9510e-02 -9.8190e-05 -9.0583e-05 -9.2820e-05 -8.7119e-05 -1.0525e-04 -9.5004e-05  1.9510e-02 -9.6078e-05 -9.0583e-05 -9.3918e-05 -1.0427e-04 -1.0328e-04
SIM10 -9.5198e-05 -8.8914e-05 -9.6206e-05 -9.3151e-05 -1.0013e-04 -8.8914e-05 -9.3151e-05 -9.8190e-05 -9.8190e-05  1.0000e+00 -9.3151e-05 -1.0013e-04 -1.0013e-04 -8.9992e-05 -9.5198e-05 -8.0968e-05 -1.0298e-04 -9.9167e-05 -8.6718e-05 -9.1057e-05 -9.8190e-05 -8.8914e-05 -9.1057e-05 -9.4180e-05 -9.4180e-05 -9.8190e-05 -9.1057e-05 -9.5198e-05  2.0960e-02 -8.8914e-05  2.1183e-02 -1.0392e-04 -9.1057e-05 -8.3316e-05  1.9567e-02 -9.7203e-05 -9.4180e-05 -1.0013e-04 -9.5198e-05 -8.7823e-05 -8.9992e-05 -8.4465e-05 -1.0204e-04 -9.2110e-05 -1.0013e-04 -9.3151e-05 -8.7823e-05 -9.1057e-05 -1.0109e-04 -1.0013e-04
SIM11  2.1653e-02 -8.7001e-05 -9.4136e-05 -9.1147e-05 -9.7981e-05 -8.7001e-05 -9.1147e-05 -9.6078e-05 -9.6078e-05 -9.3151e-05  1.0000e+00 -9.7981e-05 -9.7981e-05 -8.8056e-05  2.1653e-02 -7.9227e-05 -1.0077e-04  2.0779e-02 -8.4853e-05 -8.9098e-05 -9.6078e-05 -8.7001e-05 -8.9098e-05 -9.2154e-05  2.1889e-02 -9.6078e-05 -8.9098e-05 -9.3151e-05 -9.4136e-05 -8.7001e-05 -9.3151e-05 -1.0168e-04  2.2646e-02 -8.1524e-05 -1.0077e-04 -9.5112e-05 -9.2154e-05 -9.7981e-05 -9.3151e-05 -8.5934e-05  2.2916e-02 -8.2648e-05 -9.9847e-05 -9.0128e-05 -9.7981e-05 -9.1147e-05  2.3486e-02 -8.9098e-05 -9.8919e-05 -9.7981e-05
SIM12 -1.0013e-04 -9.3524e-05 -1.0119e-04 -9.7981e-05 -1.0533e-04 -9.3524e-05 -9.7981e-05 -1.0328e-04 -1.0328e-04 -1.0013e-04 -9.7981e-05  1.0000e+00  1.9127e-02 -9.4658e-05 -1.0013e-04 -8.5167e-05  1.8593e-02 -1.0431e-04 -9.1215e-05  2.1054e-02  1.9510e-02 -9.3524e-05  2.1054e-02 -9.9064e-05 -9.9064e-05 -1.0328e-04 -9.5778e-05 -1.0013e-04 -1.0119e-04 -9.3524e-05 -1.0013e-04 -1.0930e-04 -9.5778e-05 -8.7636e-05 -1.0832e-04 -1.0224e-04 -9.9064e-05 -1.0533e-04 -1.0013e-04 -9.2377e-05  2.1305e-02 -8.8845e-05 -1.0733e-04 -9.6886e-05 -1.0533e-04 -9.7981e-05 -9.2377e-05 -9.5778e-05 -1.0633e-04 -1.0533e-04
SIM13 -1.0013e-04 -9.3524e-05 -1.0119e-04 -9.7981e-05 -1.0533e-04 -9.3524e-05 -9.7981e-05  1.9510e-02 -1.0328e-04 -1.0013e-04 -9.7981e-05  1.9127e-02  1.0000e+00 -9.4658e-05 -1.0013e-04 -8.5167e-05 -1.0832e-04 -1.0431e-04 -9.1215e-05 -9.5778e-05  1.9510e-02 -9.3524e-05 -9.5778e-05 -9.9064e-05 -9.9064e-05 -1.0328e-04 -9.5778e-05 -1.0013e-04 -1.0119e-04 -9.3524e-05  2.0130e-02 -1.0930e-04 -9.5778e-05 -8.7636e-05  1.8593e-02 -1.0224e-04 -9.9064e-05  1.9127e-02 -1.0013e-04 -9.2377e-05 -9.4658e-05 -8.8845e-05 -1.0733e-04 -9.6886e-05 -1.0533e-04 -9.7981e-05 -9.2377e-05 -9.5778e-05 -1.0633e-04 -1.0533e-04
SIM14 -8.9992e-05 -8.4051e-05 -9.0944e-05 -8.8056e-05 -9.4658e-05 -8.4051e-05 -8.8056e-05 -9.2820e-05 -9.2820e-05 -8.9992e-05 -8.8056e-05 -9.4658e-05 -9.4658e-05  1.0000e+00 -8.9992e-05 -7.6540e-05  2.0711e-02 -9.3743e-05 -8.1975e-05 -8.6077e-05 -9.2820e-05 -8.4051e-05 -8.6077e-05 -8.9029e-05 -8.9029e-05 -9.2820e-05 -8.6077e-05 -8.9992e-05 -9.0944e-05 -8.4051e-05 -8.9992e-05  2.0523e-02 -8.6077e-05 -7.8759e-05 -9.7351e-05 -9.1887e-05 -8.9029e-05 -9.4658e-05 -8.9992e-05 -8.3020e-05 -8.5070e-05 -7.9846e-05 -9.6461e-05  2.3177e-02 -9.4658e-05 -8.8056e-05 -8.3020e-05 -8.6077e-05  2.1102e-02  2.1305e-02
