*********************************************************************
* LD Score Regression (LDSC)
* Version 1.0.1
* (C) 2014-2019 Brendan Bulik-Sullivan and Hilary Finucane
* Broad Institute of MIT and Harvard / MIT Department of Mathematics
* GNU General Public License v3
*********************************************************************
Call: 
./ldsc.py \
--out /data/sbcs/GuoLab/backup/liq17/CRC_TF_TWAS_zhishan2024/NC_revision_OceanCode/v2_NC_revision//84Tracks//ldscores_sim1000//13 \
--bfile /data/sbcs/GuoLab/backup/liq17/ref/Alkesgroup/1000G_EUR_Phase3_plink_hg38/1000G.EUR.QC.13 \
--annot /data/sbcs/GuoLab/backup/liq17/CRC_TF_TWAS_zhishan2024/NC_revision_OceanCode/v2_NC_revision//84Tracks//annots_sim1000//13.annot.txt \
--l2  \
--ld-wind-kb 100.0 

Beginning analysis at Sun Oct 26 23:49:18 2025
Read list of 366088 SNPs from /data/sbcs/GuoLab/backup/liq17/ref/Alkesgroup/1000G_EUR_Phase3_plink_hg38/1000G.EUR.QC.13.bim
Read 50 annotations for 366088 SNPs from /data/sbcs/GuoLab/backup/liq17/CRC_TF_TWAS_zhishan2024/NC_revision_OceanCode/v2_NC_revision//84Tracks//annots_sim1000//13.annot.txt
Read list of 489 individuals from /data/sbcs/GuoLab/backup/liq17/ref/Alkesgroup/1000G_EUR_Phase3_plink_hg38/1000G.EUR.QC.13.fam
Reading genotypes from /data/sbcs/GuoLab/backup/liq17/ref/Alkesgroup/1000G_EUR_Phase3_plink_hg38/1000G.EUR.QC.13.bed
Estimating LD Score.
Writing LD Scores for 366088 SNPs to /data/sbcs/GuoLab/backup/liq17/CRC_TF_TWAS_zhishan2024/NC_revision_OceanCode/v2_NC_revision//84Tracks//ldscores_sim1000//13.l2.ldscore.gz

Summary of LD Scores in /data/sbcs/GuoLab/backup/liq17/CRC_TF_TWAS_zhishan2024/NC_revision_OceanCode/v2_NC_revision//84Tracks//ldscores_sim1000//13.l2.ldscore.gz
         MAF  SIM1L2  SIM2L2  SIM3L2  SIM4L2  SIM5L2  SIM6L2  SIM7L2  SIM8L2  SIM9L2  SIM10L2  SIM11L2  SIM12L2  SIM13L2  SIM14L2  SIM15L2  SIM16L2  SIM17L2  SIM18L2  SIM19L2  SIM20L2  SIM21L2  SIM22L2  SIM23L2  SIM24L2  SIM25L2  SIM26L2  SIM27L2  SIM28L2  SIM29L2  SIM30L2  SIM31L2  SIM32L2  SIM33L2  SIM34L2  SIM35L2  SIM36L2  SIM37L2  SIM38L2  SIM39L2  SIM40L2  SIM41L2  SIM42L2  SIM43L2  SIM44L2  SIM45L2  SIM46L2  SIM47L2  SIM48L2  SIM49L2  SIM50L2
mean  0.1493  0.0046  0.0056  0.0041  0.0047  0.0061  0.0037  0.0074  0.0043  0.0051   0.0061   0.0074   0.0048   0.0053   0.0036   0.0047   0.0033   0.0053   0.0051   0.0036   0.0048   0.0052   0.0083   0.0056   0.0042   0.0044   0.0042   0.0038   0.0047   0.0050   0.0059   0.0031   0.0038   0.0071   0.0052   0.0036   0.0063   0.0065   0.0067   0.0046   0.0047   0.0040   0.0039   0.0048   0.0056   0.0048   0.0047   0.0049   0.0055   0.0051   0.0071
std   0.1496  0.0526  0.0562  0.0494  0.0534  0.0583  0.0409  0.0680  0.0494  0.0566   0.0607   0.0646   0.0514   0.0570   0.0411   0.0528   0.0417   0.0532   0.0540   0.0472   0.0509   0.0541   0.0700   0.0587   0.0476   0.0477   0.0506   0.0435   0.0507   0.0533   0.0572   0.0423   0.0462   0.0664   0.0544   0.0444   0.0596   0.0651   0.0621   0.0483   0.0482   0.0459   0.0454   0.0532   0.0548   0.0503   0.0573   0.0524   0.0574   0.0514   0.0654
min   0.0051 -0.0041 -0.0021 -0.0041 -0.0040 -0.0041 -0.0041 -0.0040 -0.0039 -0.0041  -0.0041  -0.0041  -0.0033  -0.0041  -0.0021  -0.0041  -0.0041  -0.0037  -0.0037  -0.0041  -0.0039  -0.0041  -0.0041  -0.0041  -0.0040  -0.0040  -0.0041  -0.0041  -0.0040  -0.0041  -0.0041  -0.0041  -0.0039  -0.0041  -0.0041  -0.0038  -0.0040  -0.0057  -0.0041  -0.0041  -0.0040  -0.0040  -0.0041  -0.0041  -0.0056  -0.0041  -0.0041  -0.0034  -0.0041  -0.0040  -0.0040
25%   0.0194  0.0000  0.0000  0.0000  0.0000  0.0000  0.0000  0.0000  0.0000  0.0000   0.0000   0.0000   0.0000   0.0000   0.0000   0.0000   0.0000   0.0000   0.0000   0.0000   0.0000   0.0000   0.0000   0.0000   0.0000   0.0000   0.0000   0.0000   0.0000   0.0000   0.0000   0.0000   0.0000   0.0000   0.0000   0.0000   0.0000   0.0000   0.0000   0.0000   0.0000   0.0000   0.0000   0.0000   0.0000   0.0000   0.0000   0.0000   0.0000   0.0000   0.0000
50%   0.0879  0.0000  0.0000  0.0000  0.0000  0.0000  0.0000  0.0000  0.0000  0.0000   0.0000   0.0000   0.0000   0.0000   0.0000   0.0000   0.0000   0.0000   0.0000   0.0000   0.0000   0.0000   0.0000   0.0000   0.0000   0.0000   0.0000   0.0000   0.0000   0.0000   0.0000   0.0000   0.0000   0.0000   0.0000   0.0000   0.0000   0.0000   0.0000   0.0000   0.0000   0.0000   0.0000   0.0000   0.0000   0.0000   0.0000   0.0000   0.0000   0.0000   0.0000
75%   0.2566  0.0000  0.0000  0.0000  0.0000  0.0000  0.0000  0.0000  0.0000  0.0000   0.0000   0.0000   0.0000   0.0000   0.0000   0.0000   0.0000   0.0000   0.0000   0.0000   0.0000   0.0000   0.0000   0.0000   0.0000   0.0000   0.0000   0.0000   0.0000   0.0000   0.0000   0.0000   0.0000   0.0000   0.0000   0.0000   0.0000   0.0000   0.0000   0.0000   0.0000   0.0000   0.0000   0.0000   0.0000   0.0000   0.0000   0.0000   0.0000   0.0000   0.0000
max   0.5000  2.0000  1.0000  1.0252  1.0521  1.0019  1.0000  1.0000  1.0000  1.1543   1.0000   1.1134   1.0000   1.0020   1.0000   2.0000   1.0743   1.0091   1.0000   1.1980   1.0351   1.4139   1.0000   1.0019   1.4506   1.0012   1.0104   1.0000   1.0000   1.1623   1.0028   1.1430   1.0271   1.2079   1.0046   1.0000   1.0000   1.0004   1.0071   1.0371   1.1132   1.0152   1.0211   1.0000   1.2798   1.0000   1.6472   1.0172   1.0285   1.0034   1.0726

MAF/LD Score Correlation Matrix
            MAF      SIM1L2      SIM2L2      SIM3L2  SIM4L2  SIM5L2      SIM6L2  SIM7L2  SIM8L2  SIM9L2  SIM10L2  SIM11L2  SIM12L2  SIM13L2     SIM14L2     SIM15L2  SIM16L2     SIM17L2  SIM18L2  SIM19L2  SIM20L2  SIM21L2  SIM22L2  SIM23L2  SIM24L2  SIM25L2  SIM26L2     SIM27L2  SIM28L2     SIM29L2  SIM30L2     SIM31L2  SIM32L2  SIM33L2  SIM34L2  SIM35L2  SIM36L2  SIM37L2     SIM38L2  SIM39L2  SIM40L2  SIM41L2  SIM42L2  SIM43L2     SIM44L2  SIM45L2  SIM46L2  SIM47L2     SIM48L2  SIM49L2  SIM50L2
MAF      1.0000  3.7845e-02  9.1304e-03  2.2981e-02  0.0545  0.0334  5.1363e-02  0.0502  0.0400  0.0261   0.0474   0.0079   0.0258   0.0639  6.3432e-02  4.8848e-02   0.0253  7.0684e-02   0.0515   0.0478   0.0436   0.0630   0.0753   0.0483   0.0392   0.0251   0.0291  3.6662e-02   0.0138  3.9069e-02   0.0432  6.0242e-02   0.0374   0.0263   0.0247   0.0517   0.0293   0.0119  4.2818e-02   0.0232   0.0560   0.0289   0.0198   0.0371  9.0255e-02   0.0511   0.0380   0.0566  8.6925e-02   0.0464   0.0905
SIM1L2   0.0378  1.0000e+00 -1.8493e-03  8.1836e-05 -0.0061 -0.0068  2.4463e-02 -0.0096 -0.0077  0.0815  -0.0086   0.0492  -0.0067  -0.0025 -3.4441e-03 -7.1256e-03   0.0566  1.6463e-02   0.0683  -0.0066  -0.0065   0.0144   0.0083  -0.0016  -0.0005  -0.0025  -0.0027  1.8499e-02  -0.0075 -7.0845e-03  -0.0034 -6.0956e-03  -0.0022   0.1384   0.0074  -0.0057  -0.0051  -0.0086  2.2071e-03  -0.0086   0.1243  -0.0076   0.0661   0.0140 -1.6812e-03   0.0051  -0.0043   0.1012  2.2186e-02   0.0191  -0.0030
SIM2L2   0.0091 -1.8493e-03  1.0000e+00 -7.5677e-03 -0.0014  0.0485 -6.0934e-05  0.0131  0.0108 -0.0079  -0.0065  -0.0024   0.0405  -0.0054  5.2650e-02 -1.9236e-03  -0.0018  1.8759e-03  -0.0016  -0.0075  -0.0088   0.0400  -0.0080   0.0284  -0.0033  -0.0085  -0.0043 -7.7400e-03   0.0108  3.1115e-02  -0.0088 -7.3816e-03  -0.0013   0.0033   0.0244  -0.0036   0.0005  -0.0078 -8.0531e-03   0.0466   0.0369   0.0444  -0.0024   0.0020 -7.5415e-03   0.0170  -0.0037  -0.0072  1.3004e-02   0.0545   0.0556
SIM3L2   0.0230  8.1836e-05 -7.5677e-03  1.0000e+00 -0.0063  0.0095  1.7305e-02  0.0056 -0.0061  0.0135  -0.0058   0.0732  -0.0076  -0.0065 -7.5253e-03 -4.2851e-03   0.0009 -2.1564e-03  -0.0064   0.0030  -0.0051  -0.0056  -0.0094  -0.0075   0.0788  -0.0076  -0.0068 -5.5071e-03  -0.0077 -6.8531e-03  -0.0006  1.3595e-02  -0.0068  -0.0042  -0.0013  -0.0061   0.0488  -0.0079  8.7000e-03   0.0068   0.0095  -0.0016  -0.0065  -0.0069  2.5043e-02  -0.0060   0.0007  -0.0058 -7.2245e-03  -0.0053  -0.0089
SIM4L2   0.0545 -6.0989e-03 -1.4005e-03 -6.2853e-03  1.0000  0.0224 -6.1217e-03 -0.0096  0.0935 -0.0057   0.0539  -0.0017  -0.0005   0.0028 -7.7154e-03 -6.1590e-03   0.0271 -7.3439e-03   0.0030  -0.0058  -0.0081  -0.0057  -0.0105  -0.0022  -0.0027   0.0553  -0.0069 -4.5030e-03  -0.0081 -2.6737e-03   0.0019 -4.0282e-03  -0.0069  -0.0054   0.0006   0.0438   0.0090  -0.0082  1.0771e-02  -0.0073  -0.0084   0.0072   0.0411   0.0108 -8.9665e-03  -0.0074   0.0128   0.0064 -6.7408e-03  -0.0084   0.0307
SIM5L2   0.0334 -6.7998e-03  4.8548e-02  9.4545e-03  0.0224  1.0000  1.5891e-02 -0.0108  0.0021 -0.0056  -0.0074  -0.0037   0.0507  -0.0050  1.0064e-01 -2.9836e-03  -0.0006  1.9335e-02  -0.0080  -0.0053  -0.0090   0.0494  -0.0115   0.0078   0.0121  -0.0094   0.0029  1.0469e-02   0.0187  1.0305e-02  -0.0077  7.1382e-03  -0.0046   0.0062   0.0009  -0.0075   0.0646  -0.0105  1.1790e-02   0.0049  -0.0082   0.0040   0.0698   0.0295  6.5947e-02   0.0079   0.0051   0.0091 -8.4906e-03   0.0633   0.0584
SIM6L2   0.0514  2.4463e-02 -6.0934e-05  1.7305e-02 -0.0061  0.0159  1.0000e+00  0.0416 -0.0018 -0.0042  -0.0066   0.0027  -0.0081  -0.0075 -1.7218e-03 -3.7527e-03  -0.0025  4.7809e-02  -0.0049  -0.0068   0.0585  -0.0083   0.0198   0.0822   0.0598  -0.0082  -0.0060  7.6255e-02  -0.0042 -7.1684e-03   0.0175 -6.5616e-03  -0.0007   0.0509   0.0294   0.0033  -0.0022  -0.0065  3.6911e-02  -0.0040   0.0119   0.0240   0.0078   0.0847  2.3251e-02  -0.0017  -0.0061  -0.0045 -8.3946e-03  -0.0067   0.0055
SIM7L2   0.0502 -9.5743e-03  1.3133e-02  5.5513e-03 -0.0096 -0.0108  4.1592e-02  1.0000  0.0359 -0.0072   0.0435  -0.0121  -0.0102   0.0436 -9.3292e-03  2.7082e-02   0.0499  2.0670e-01  -0.0060  -0.0072   0.0179  -0.0075  -0.0029  -0.0089  -0.0058  -0.0078   0.1016 -3.0519e-04   0.0169  1.2028e-01   0.0003 -7.7641e-03   0.0130  -0.0110   0.1118   0.0016   0.0209   0.0137  1.4146e-01   0.0256  -0.0100   0.0025  -0.0032  -0.0084 -1.0750e-02  -0.0077   0.0446  -0.0096  2.1399e-02  -0.0075   0.0050
SIM8L2   0.0400 -7.7361e-03  1.0799e-02 -6.1316e-03  0.0935  0.0021 -1.7993e-03  0.0359  1.0000 -0.0071  -0.0009  -0.0085  -0.0074   0.0031 -4.9588e-03 -3.8785e-04  -0.0060 -7.4721e-03  -0.0053   0.0037  -0.0011   0.0130  -0.0004  -0.0083  -0.0058   0.1417   0.0183  5.4400e-03   0.0971  6.7311e-03   0.0844 -6.4585e-03  -0.0069   0.0787   0.0105   0.0066  -0.0091  -0.0082  1.5672e-02  -0.0069   0.0067  -0.0048  -0.0052  -0.0062 -6.5065e-03   0.0086  -0.0067   0.0034  1.6000e-02  -0.0084   0.0122
SIM9L2   0.0261  8.1542e-02 -7.9178e-03  1.3526e-02 -0.0057 -0.0056 -4.1919e-03 -0.0072 -0.0071  1.0000   0.0119   0.0275  -0.0071   0.1475 -6.9467e-03 -8.1394e-03   0.0512  8.9077e-03  -0.0062  -0.0069  -0.0085   0.0014  -0.0068  -0.0068   0.0936   0.1088  -0.0072 -9.2979e-04  -0.0065  1.8281e-02   0.0242 -5.7358e-03  -0.0073   0.0309  -0.0031  -0.0048  -0.0095  -0.0062  4.6987e-02  -0.0086   0.0085  -0.0077  -0.0052  -0.0023 -8.4486e-03   0.1489   0.0139  -0.0083  8.2704e-02   0.0252   0.0153
SIM10L2  0.0474 -8.6217e-03 -6.4925e-03 -5.7849e-03  0.0539 -0.0074 -6.5896e-03  0.0435 -0.0009  0.0119   1.0000   0.0067  -0.0080  -0.0058 -2.0441e-03 -4.2039e-03  -0.0058 -5.1078e-04   0.0406   0.0089   0.0120  -0.0054   0.0002   0.0060   0.0212   0.0348  -0.0014 -8.4775e-04  -0.0015  2.0792e-03  -0.0058  5.4016e-04   0.0608  -0.0081  -0.0056  -0.0028  -0.0037   0.0155 -4.8304e-03   0.0040  -0.0042  -0.0086  -0.0080  -0.0037  7.5332e-02   0.0047  -0.0070  -0.0010 -6.5394e-03   0.0292   0.0135
SIM11L2  0.0079  4.9194e-02 -2.3685e-03  7.3237e-02 -0.0017 -0.0037  2.6686e-03 -0.0121 -0.0085  0.0275   0.0067   1.0000   0.0268  -0.0071  1.0569e-02  2.0834e-02   0.0405  1.7431e-02   0.0333   0.0085   0.0005   0.0017  -0.0133  -0.0057   0.0355   0.0040   0.0038 -6.0428e-03  -0.0004 -2.7901e-03  -0.0088 -8.3963e-03   0.0449   0.0162   0.0293   0.0046  -0.0118  -0.0058  5.1228e-02   0.0455   0.0095   0.0240  -0.0042  -0.0084 -1.0839e-02   0.0439  -0.0093   0.0039 -8.6716e-03   0.0582   0.0320
SIM12L2  0.0258 -6.7299e-03  4.0460e-02 -7.5710e-03 -0.0005  0.0507 -8.1382e-03 -0.0102 -0.0074 -0.0071  -0.0080   0.0268   1.0000   0.1652 -8.1424e-03  2.1934e-02   0.0539  2.8641e-02  -0.0072  -0.0071  -0.0066   0.0185  -0.0109   0.0881  -0.0026   0.0348   0.0124 -7.6949e-04  -0.0081 -7.3469e-03   0.0375 -6.6993e-03  -0.0042   0.0324   0.0117   0.0219   0.0003   0.0098 -5.8959e-03   0.0345  -0.0087   0.0239   0.0017  -0.0074  3.4336e-03   0.0105  -0.0071   0.0052 -6.1077e-03   0.1133   0.0374
SIM13L2  0.0639 -2.5151e-03 -5.3854e-03 -6.4997e-03  0.0028 -0.0050 -7.4615e-03  0.0436  0.0031  0.1475  -0.0058  -0.0071   0.1652   1.0000 -7.5213e-03  9.7758e-02   0.0069 -3.7820e-03  -0.0084   0.0895  -0.0082   0.0328   0.0261  -0.0071  -0.0073   0.0016  -0.0077 -7.5841e-03  -0.0085 -6.5800e-03  -0.0063 -6.1312e-03  -0.0076  -0.0076   0.0473  -0.0076   0.0213   0.0087 -2.8532e-03  -0.0076  -0.0084   0.0149  -0.0078  -0.0036 -5.7336e-03   0.1463   0.0561   0.0083  2.2124e-02  -0.0092   0.0480
SIM14L2  0.0634 -3.4441e-03  5.2650e-02 -7.5253e-03 -0.0077  0.1006 -1.7218e-03 -0.0093 -0.0050 -0.0069  -0.0020   0.0106  -0.0081  -0.0075  1.0000e+00 -5.0193e-03  -0.0067  6.4155e-05  -0.0049   0.0387  -0.0079  -0.0067  -0.0103  -0.0084  -0.0078  -0.0023  -0.0045 -2.8549e-03   0.0429  6.7132e-02  -0.0072 -6.5113e-03  -0.0045   0.1219  -0.0074  -0.0058  -0.0074  -0.0080  7.3468e-03  -0.0075  -0.0083  -0.0018  -0.0043  -0.0036  5.2830e-02  -0.0083  -0.0072  -0.0036 -8.4080e-03  -0.0072  -0.0097
SIM15L2  0.0488 -7.1256e-03 -1.9236e-03 -4.2851e-03 -0.0062 -0.0030 -3.7527e-03  0.0271 -0.0004 -0.0081  -0.0042   0.0208   0.0219   0.0978 -5.0193e-03  1.0000e+00  -0.0049  1.1753e-02  -0.0041   0.0015  -0.0083  -0.0067   0.0076  -0.0056   0.0061  -0.0003   0.0074 -1.8189e-03  -0.0063  2.7098e-02   0.0009 -6.4889e-03  -0.0055   0.0888  -0.0007  -0.0040   0.0776  -0.0037 -1.0812e-05  -0.0077  -0.0073   0.0732  -0.0067   0.0556  2.2138e-03  -0.0053   0.0260   0.0056  2.3250e-02  -0.0002   0.0229
SIM16L2  0.0253  5.6567e-02 -1.7621e-03  9.1523e-04  0.0271 -0.0006 -2.5459e-03  0.0499 -0.0060  0.0512  -0.0058   0.0405   0.0539   0.0069 -6.7374e-03 -4.8621e-03   1.0000  5.6517e-03  -0.0018  -0.0051   0.0151   0.0213   0.0296  -0.0072   0.0235  -0.0050  -0.0065  7.1533e-03  -0.0068 -5.4689e-03  -0.0075 -4.6192e-03  -0.0034   0.0183  -0.0071   0.0031   0.0080   0.0085  3.0818e-04  -0.0072   0.0055   0.0396   0.0196   0.0047 -6.0369e-03  -0.0027   0.0040   0.0053  4.4903e-02   0.0119   0.0106
SIM17L2  0.0707  1.6463e-02  1.8759e-03 -2.1564e-03 -0.0073  0.0193  4.7809e-02  0.2067 -0.0075  0.0089  -0.0005   0.0174   0.0286  -0.0038  6.4155e-05  1.1753e-02   0.0057  1.0000e+00  -0.0089  -0.0055   0.0081   0.0165  -0.0091  -0.0014  -0.0049   0.0082   0.0177  5.8265e-02   0.0444  1.8183e-02   0.0038 -2.2177e-04  -0.0006   0.0049   0.0692  -0.0023  -0.0066   0.0071  1.8463e-01   0.0077  -0.0022   0.0426   0.0264  -0.0046 -2.8069e-04  -0.0076  -0.0074  -0.0080  3.0132e-02   0.0403  -0.0068
SIM18L2  0.0515  6.8328e-02 -1.6366e-03 -6.3994e-03  0.0030 -0.0080 -4.9474e-03 -0.0060 -0.0053 -0.0062   0.0406   0.0333  -0.0072  -0.0084 -4.8972e-03 -4.1375e-03  -0.0018 -8.8660e-03   1.0000  -0.0029  -0.0086   0.0081   0.1268  -0.0033   0.0280  -0.0029  -0.0034  2.0758e-03  -0.0062 -3.5028e-03  -0.0066 -6.6624e-03   0.0728  -0.0090   0.0092   0.2067  -0.0065   0.0071  1.7989e-03   0.0334  -0.0070  -0.0020  -0.0074   0.0062 -7.7066e-03   0.0266  -0.0076   0.0617  1.6608e-01   0.0265   0.0145
SIM19L2  0.0478 -6.5901e-03 -7.5412e-03  3.0049e-03 -0.0058 -0.0053 -6.8130e-03 -0.0072  0.0037 -0.0069   0.0089   0.0085  -0.0071   0.0895  3.8657e-02  1.5324e-03  -0.0051 -5.5138e-03  -0.0029   1.0000  -0.0020   0.0310   0.0175   0.1238  -0.0060  -0.0033   0.1468 -3.5233e-03  -0.0066  3.4615e-02   0.0012 -4.5934e-03  -0.0062  -0.0053  -0.0051  -0.0014   0.0051  -0.0076 -4.5214e-03  -0.0072   0.0198  -0.0013   0.0021   0.1349 -2.8206e-03  -0.0062  -0.0060  -0.0070 -7.2419e-03  -0.0061   0.0086
SIM20L2  0.0436 -6.4653e-03 -8.7729e-03 -5.1290e-03 -0.0081 -0.0090  5.8498e-02  0.0179 -0.0011 -0.0085   0.0120   0.0005  -0.0066  -0.0082 -7.9386e-03 -8.3070e-03   0.0151  8.1118e-03  -0.0086  -0.0020   1.0000   0.0103   0.0077   0.0360   0.0002   0.0159  -0.0072 -2.4135e-03  -0.0062  1.3252e-02  -0.0063 -6.4910e-03   0.0436   0.0529   0.0176   0.0043   0.0171   0.0241 -5.8723e-03   0.0009  -0.0074  -0.0074  -0.0075  -0.0010  1.5942e-02  -0.0086   0.0028   0.0144  3.1848e-03  -0.0087  -0.0052
SIM21L2  0.0630  1.4359e-02  3.9991e-02 -5.6165e-03 -0.0057  0.0494 -8.3266e-03 -0.0075  0.0130  0.0014  -0.0054   0.0017   0.0185   0.0328 -6.7158e-03 -6.6726e-03   0.0213  1.6527e-02   0.0081   0.0310   0.0103   1.0000   0.0093   0.0148   0.0353   0.0087  -0.0033 -8.2473e-03   0.0153 -7.1664e-03   0.0061  5.4513e-02  -0.0066   0.0083   0.0344  -0.0003   0.0026  -0.0072  7.8767e-02  -0.0066  -0.0088   0.0087  -0.0076   0.0023 -3.2334e-03  -0.0034   0.0332  -0.0002  7.3728e-03  -0.0034   0.0153
SIM22L2  0.0753  8.2873e-03 -7.9547e-03 -9.4236e-03 -0.0105 -0.0115  1.9840e-02 -0.0029 -0.0004 -0.0068   0.0002  -0.0133  -0.0109   0.0261 -1.0334e-02  7.6170e-03   0.0296 -9.0880e-03   0.1268   0.0175   0.0077   0.0093   1.0000  -0.0014  -0.0071   0.0282   0.0327 -3.3054e-03   0.0333 -1.0478e-02  -0.0068 -8.0980e-03  -0.0086   0.0643  -0.0106   0.2343  -0.0097   0.0017  5.9478e-03  -0.0094   0.0568  -0.0077   0.0070   0.0190  1.1275e-03  -0.0048  -0.0075   0.0273  1.7010e-01   0.0048  -0.0056
SIM23L2  0.0483 -1.5780e-03  2.8446e-02 -7.4562e-03 -0.0022  0.0078  8.2198e-02 -0.0089 -0.0083 -0.0068   0.0060  -0.0057   0.0881  -0.0071 -8.4156e-03 -5.5857e-03  -0.0072 -1.4331e-03  -0.0033   0.1238   0.0360   0.0148  -0.0014   1.0000  -0.0010  -0.0060   0.1149 -8.3342e-03  -0.0026 -8.3806e-03   0.0034 -1.8226e-03   0.0207   0.0339  -0.0014  -0.0078  -0.0038   0.0076 -8.6772e-03  -0.0052  -0.0071   0.0003  -0.0077   0.1084  1.3519e-02  -0.0081  -0.0041   0.0026 -7.0982e-04  -0.0041  -0.0060
SIM24L2  0.0392 -5.2642e-04 -3.3180e-03  7.8831e-02 -0.0027  0.0121  5.9760e-02 -0.0058 -0.0058  0.0936   0.0212   0.0355  -0.0026  -0.0073 -7.7586e-03  6.0648e-03   0.0235 -4.8574e-03   0.0280  -0.0060   0.0002   0.0353  -0.0071  -0.0010   1.0000   0.0019  -0.0072  6.1882e-03  -0.0079  1.7588e-03   0.0204  3.0626e-03  -0.0036  -0.0074  -0.0018  -0.0039  -0.0074  -0.0056  2.6388e-02  -0.0041  -0.0060  -0.0077  -0.0037   0.0045 -7.1618e-03   0.0013   0.0107  -0.0035  1.9685e-03   0.0122  -0.0054
SIM25L2  0.0251 -2.4959e-03 -8.5337e-03 -7.6195e-03  0.0553 -0.0094 -8.1539e-03 -0.0078  0.1417  0.1088   0.0348   0.0040   0.0348   0.0016 -2.3376e-03 -2.7119e-04  -0.0050  8.2330e-03  -0.0029  -0.0033   0.0159   0.0087   0.0282  -0.0060   0.0019   1.0000  -0.0070 -1.2991e-03  -0.0054 -6.8596e-03  -0.0044 -3.2505e-03  -0.0072  -0.0089  -0.0028   0.0057  -0.0026  -0.0089  1.6198e-02  -0.0046   0.0155  -0.0059  -0.0068  -0.0057  2.6742e-03  -0.0070  -0.0074  -0.0029  1.1457e-03   0.0052   0.0082
SIM26L2  0.0291 -2.6702e-03 -4.3285e-03 -6.7708e-03 -0.0069  0.0029 -6.0298e-03  0.1016  0.0183 -0.0072  -0.0014   0.0038   0.0124  -0.0077 -4.5483e-03  7.4219e-03  -0.0065  1.7733e-02  -0.0034   0.1468  -0.0072  -0.0033   0.0327   0.1149  -0.0072  -0.0070   1.0000 -5.7950e-03  -0.0071 -7.6090e-03   0.0289 -5.6153e-03  -0.0021   0.0109  -0.0062   0.0220  -0.0087   0.1452 -7.9389e-03  -0.0059  -0.0058  -0.0035   0.0770   0.1255 -8.1808e-03  -0.0079  -0.0066  -0.0033  1.6543e-01   0.0021   0.0475
SIM27L2  0.0367  1.8499e-02 -7.7400e-03 -5.5071e-03 -0.0045  0.0105  7.6255e-02 -0.0003  0.0054 -0.0009  -0.0008  -0.0060  -0.0008  -0.0076 -2.8549e-03 -1.8189e-03   0.0072  5.8265e-02   0.0021  -0.0035  -0.0024  -0.0082  -0.0033  -0.0083   0.0062  -0.0013  -0.0058  1.0000e+00  -0.0024 -5.7941e-03   0.0056 -5.6896e-03  -0.0067   0.0022   0.0509   0.0352  -0.0090   0.0053 -2.1549e-03  -0.0042  -0.0070  -0.0072   0.0170   0.0508  1.2913e-05  -0.0051  -0.0042   0.0275  2.0080e-02  -0.0077   0.0136
SIM28L2  0.0138 -7.4927e-03  1.0804e-02 -7.7482e-03 -0.0081  0.0187 -4.1956e-03  0.0169  0.0971 -0.0065  -0.0015  -0.0004  -0.0081  -0.0085  4.2865e-02 -6.3234e-03  -0.0068  4.4439e-02  -0.0062  -0.0066  -0.0062   0.0153   0.0333  -0.0026  -0.0079  -0.0054  -0.0071 -2.4408e-03   1.0000 -5.9686e-03  -0.0039  3.0067e-02  -0.0064   0.0120  -0.0090  -0.0045  -0.0005  -0.0066  1.9551e-02   0.0512  -0.0040  -0.0030   0.0258  -0.0049 -6.8540e-03   0.0002   0.0004   0.0134 -8.6000e-03   0.0020  -0.0032
SIM29L2  0.0391 -7.0845e-03  3.1115e-02 -6.8531e-03 -0.0027  0.0103 -7.1684e-03  0.1203  0.0067  0.0183   0.0021  -0.0028  -0.0073  -0.0066  6.7132e-02  2.7098e-02  -0.0055  1.8183e-02  -0.0035   0.0346   0.0133  -0.0072  -0.0105  -0.0084   0.0018  -0.0069  -0.0076 -5.7941e-03  -0.0060  1.0000e+00   0.0225 -5.9791e-03  -0.0079  -0.0036   0.0920   0.0070  -0.0084   0.0127  9.3308e-03  -0.0072  -0.0074   0.0132  -0.0053  -0.0086  9.4758e-02   0.0008   0.0938  -0.0084  7.4647e-05   0.0109   0.0417
SIM30L2  0.0432 -3.4085e-03 -8.8245e-03 -5.7210e-04  0.0019 -0.0077  1.7522e-02  0.0003  0.0844  0.0242  -0.0058  -0.0088   0.0375  -0.0063 -7.2099e-03  8.9337e-04  -0.0075  3.7533e-03  -0.0066   0.0012  -0.0063   0.0061  -0.0068   0.0034   0.0204  -0.0044   0.0289  5.5659e-03  -0.0039  2.2453e-02   1.0000 -6.8692e-03   0.0075   0.0005   0.0550  -0.0015  -0.0054  -0.0046  1.0221e-02  -0.0062  -0.0060   0.0036  -0.0057   0.0134 -9.9179e-03  -0.0093  -0.0078  -0.0006 -4.5132e-03   0.0078   0.0004
SIM31L2  0.0602 -6.0956e-03 -7.3816e-03  1.3595e-02 -0.0040  0.0071 -6.5616e-03 -0.0078 -0.0065 -0.0057   0.0005  -0.0084  -0.0067  -0.0061 -6.5113e-03 -6.4889e-03  -0.0046 -2.2177e-04  -0.0067  -0.0046  -0.0065   0.0545  -0.0081  -0.0018   0.0031  -0.0033  -0.0056 -5.6896e-03   0.0301 -5.9791e-03  -0.0069  1.0000e+00  -0.0040  -0.0079  -0.0068   0.0085  -0.0015  -0.0074 -8.7513e-05  -0.0007  -0.0048  -0.0045  -0.0058   0.0016  3.2587e-03  -0.0070  -0.0053  -0.0065 -1.2381e-03  -0.0072  -0.0075
SIM32L2  0.0374 -2.2184e-03 -1.3161e-03 -6.7961e-03 -0.0069 -0.0046 -7.1774e-04  0.0130 -0.0069 -0.0073   0.0608   0.0449  -0.0042  -0.0076 -4.4785e-03 -5.4862e-03  -0.0034 -5.8857e-04   0.0728  -0.0062   0.0436  -0.0066  -0.0086   0.0207  -0.0036  -0.0072  -0.0021 -6.7145e-03  -0.0064 -7.8508e-03   0.0075 -3.9718e-03   1.0000  -0.0087   0.0822  -0.0067   0.0622   0.1357 -7.9788e-03   0.1520  -0.0075  -0.0071  -0.0054  -0.0010 -7.5986e-03   0.1233  -0.0067  -0.0002 -7.1079e-03   0.1236  -0.0089
SIM33L2  0.0263  1.3845e-01  3.3381e-03 -4.2142e-03 -0.0054  0.0062  5.0899e-02 -0.0110  0.0787  0.0309  -0.0081   0.0162   0.0324  -0.0076  1.2185e-01  8.8774e-02   0.0183  4.9426e-03  -0.0090  -0.0053   0.0529   0.0083   0.0643   0.0339  -0.0074  -0.0089   0.0109  2.2009e-03   0.0120 -3.6270e-03   0.0005 -7.9405e-03  -0.0087   1.0000   0.0329  -0.0082  -0.0107   0.0087  4.5031e-02   0.0555   0.0015  -0.0079   0.0092  -0.0097  7.1822e-03  -0.0095  -0.0084   0.1047  9.8936e-02   0.0682  -0.0109
SIM34L2  0.0247  7.4189e-03  2.4433e-02 -1.3355e-03  0.0006  0.0009  2.9405e-02  0.1118  0.0105 -0.0031  -0.0056   0.0293   0.0117   0.0473 -7.4087e-03 -7.1462e-04  -0.0071  6.9151e-02   0.0092  -0.0051   0.0176   0.0344  -0.0106  -0.0014  -0.0018  -0.0028  -0.0062  5.0926e-02  -0.0090  9.1993e-02   0.0550 -6.8212e-03   0.0822   0.0329   1.0000  -0.0073  -0.0090  -0.0007  2.8252e-02   0.0890  -0.0080   0.0048  -0.0051   0.0454 -8.7070e-03   0.0505  -0.0051   0.0006 -6.2742e-03   0.0592   0.0208
SIM35L2  0.0517 -5.6743e-03 -3.5930e-03 -6.1303e-03  0.0438 -0.0075  3.3282e-03  0.0016  0.0066 -0.0048  -0.0028   0.0046   0.0219  -0.0076 -5.7854e-03 -4.0380e-03   0.0031 -2.3079e-03   0.2067  -0.0014   0.0043  -0.0003   0.2343  -0.0078  -0.0039   0.0057   0.0220  3.5231e-02  -0.0045  7.0069e-03  -0.0015  8.4585e-03  -0.0067  -0.0082  -0.0073   1.0000  -0.0046  -0.0072 -7.7920e-03  -0.0056  -0.0076   0.0068   0.0490  -0.0048 -4.9460e-03  -0.0072  -0.0026  -0.0010  1.7084e-01  -0.0051   0.0462
SIM36L2  0.0293 -5.1062e-03  4.9677e-04  4.8804e-02  0.0090  0.0646 -2.2402e-03  0.0209 -0.0091 -0.0095  -0.0037  -0.0118   0.0003   0.0213 -7.4066e-03  7.7596e-02   0.0080 -6.5993e-03  -0.0065   0.0051   0.0171   0.0026  -0.0097  -0.0038  -0.0074  -0.0026  -0.0087 -8.9758e-03  -0.0005 -8.3858e-03  -0.0054 -1.5439e-03   0.0622  -0.0107  -0.0090  -0.0046   1.0000   0.0103 -7.4455e-03  -0.0069   0.0092  -0.0067   0.0025  -0.0067 -1.0374e-02  -0.0070   0.0271   0.1126  1.0414e-02  -0.0050  -0.0060
SIM37L2  0.0119 -8.5792e-03 -7.8278e-03 -7.9219e-03 -0.0082 -0.0105 -6.5353e-03  0.0137 -0.0082 -0.0062   0.0155  -0.0058   0.0098   0.0087 -7.9983e-03 -3.6941e-03   0.0085  7.0674e-03   0.0071  -0.0076   0.0241  -0.0072   0.0017   0.0076  -0.0056  -0.0089   0.1452  5.2760e-03  -0.0066  1.2733e-02  -0.0046 -7.3995e-03   0.1357   0.0087  -0.0007  -0.0072   0.0103   1.0000 -1.0258e-02   0.0239  -0.0074   0.0025  -0.0044  -0.0061  7.7811e-03  -0.0049  -0.0050   0.0259  1.2748e-01  -0.0047  -0.0088
SIM38L2  0.0428  2.2071e-03 -8.0531e-03  8.7000e-03  0.0108  0.0118  3.6911e-02  0.1415  0.0157  0.0470  -0.0048   0.0512  -0.0059  -0.0029  7.3468e-03 -1.0812e-05   0.0003  1.8463e-01   0.0018  -0.0045  -0.0059   0.0788   0.0059  -0.0087   0.0264   0.0162  -0.0079 -2.1549e-03   0.0196  9.3308e-03   0.0102 -8.7513e-05  -0.0080   0.0450   0.0283  -0.0078  -0.0074  -0.0103  1.0000e+00  -0.0060   0.0522  -0.0061   0.0035  -0.0093  7.6359e-02  -0.0084  -0.0051   0.0452  4.5274e-02  -0.0061  -0.0102
SIM39L2  0.0232 -8.6487e-03  4.6623e-02  6.8055e-03 -0.0073  0.0049 -3.9926e-03  0.0256 -0.0069 -0.0086   0.0040   0.0455   0.0345  -0.0076 -7.4746e-03 -7.7476e-03  -0.0072  7.7385e-03   0.0334  -0.0072   0.0009  -0.0066  -0.0094  -0.0052  -0.0041  -0.0046  -0.0059 -4.2089e-03   0.0512 -7.1530e-03  -0.0062 -7.0256e-04   0.1520   0.0555   0.0890  -0.0056  -0.0069   0.0239 -5.9959e-03   1.0000   0.0120  -0.0023  -0.0076  -0.0039  3.8283e-03   0.1397  -0.0065  -0.0043 -7.4460e-03   0.1358   0.0069
SIM40L2  0.0560  1.2428e-01  3.6930e-02  9.5155e-03 -0.0084 -0.0082  1.1910e-02 -0.0100  0.0067  0.0085  -0.0042   0.0095  -0.0087  -0.0084 -8.3337e-03 -7.3421e-03   0.0055 -2.1638e-03  -0.0070   0.0198  -0.0074  -0.0088   0.0568  -0.0071  -0.0060   0.0155  -0.0058 -7.0077e-03  -0.0040 -7.4454e-03  -0.0060 -4.8448e-03  -0.0075   0.0015  -0.0080  -0.0076   0.0092  -0.0074  5.2162e-02   0.0120   1.0000  -0.0074   0.0026  -0.0078  1.2297e-02  -0.0080  -0.0044  -0.0087 -8.3225e-03  -0.0047  -0.0098
SIM41L2  0.0289 -7.6140e-03  4.4430e-02 -1.5772e-03  0.0072  0.0040  2.3994e-02  0.0025 -0.0048 -0.0077  -0.0086   0.0240   0.0239   0.0149 -1.8043e-03  7.3226e-02   0.0396  4.2588e-02  -0.0020  -0.0013  -0.0074   0.0087  -0.0077   0.0003  -0.0077  -0.0059  -0.0035 -7.2431e-03  -0.0030  1.3151e-02   0.0036 -4.5266e-03  -0.0071  -0.0079   0.0048   0.0068  -0.0067   0.0025 -6.1397e-03  -0.0023  -0.0074   1.0000   0.0057   0.0516  2.6760e-03   0.0133  -0.0071   0.0645 -8.0143e-03  -0.0045   0.0216
SIM42L2  0.0198  6.6138e-02 -2.3909e-03 -6.5442e-03  0.0411  0.0698  7.7915e-03 -0.0032 -0.0052 -0.0052  -0.0080  -0.0042   0.0017  -0.0078 -4.2999e-03 -6.7367e-03   0.0196  2.6388e-02  -0.0074   0.0021  -0.0075  -0.0076   0.0070  -0.0077  -0.0037  -0.0068   0.0770  1.7047e-02   0.0258 -5.2829e-03  -0.0057 -5.7913e-03  -0.0054   0.0092  -0.0051   0.0490   0.0025  -0.0044  3.4648e-03  -0.0076   0.0026   0.0057   1.0000   0.0073 -1.2973e-03  -0.0082   0.0809  -0.0039 -7.7164e-03   0.0548   0.0746
SIM43L2  0.0371  1.4004e-02  1.9829e-03 -6.8620e-03  0.0108  0.0295  8.4733e-02 -0.0084 -0.0062 -0.0023  -0.0037  -0.0084  -0.0074  -0.0036 -3.6159e-03  5.5637e-02   0.0047 -4.5676e-03   0.0062   0.1349  -0.0010   0.0023   0.0190   0.1084   0.0045  -0.0057   0.1255  5.0775e-02  -0.0049 -8.6496e-03   0.0134  1.6121e-03  -0.0010  -0.0097   0.0454  -0.0048  -0.0067  -0.0061 -9.2604e-03  -0.0039  -0.0078   0.0516   0.0073   1.0000 -7.5830e-03  -0.0067   0.0051  -0.0021 -4.9476e-03  -0.0032  -0.0048
SIM44L2  0.0903 -1.6812e-03 -7.5415e-03  2.5043e-02 -0.0090  0.0659  2.3251e-02 -0.0108 -0.0065 -0.0084   0.0753  -0.0108   0.0034  -0.0057  5.2830e-02  2.2138e-03  -0.0060 -2.8069e-04  -0.0077  -0.0028   0.0159  -0.0032   0.0011   0.0135  -0.0072   0.0027  -0.0082  1.2913e-05  -0.0069  9.4758e-02  -0.0099  3.2587e-03  -0.0076   0.0072  -0.0087  -0.0049  -0.0104   0.0078  7.6359e-02   0.0038   0.0123   0.0027  -0.0013  -0.0076  1.0000e+00  -0.0092  -0.0070  -0.0087  1.5958e-01  -0.0100  -0.0089
SIM45L2  0.0511  5.1385e-03  1.7037e-02 -6.0191e-03 -0.0074  0.0079 -1.6940e-03 -0.0077  0.0086  0.1489   0.0047   0.0439   0.0105   0.1463 -8.3268e-03 -5.2617e-03  -0.0027 -7.6139e-03   0.0266  -0.0062  -0.0086  -0.0034  -0.0048  -0.0081   0.0013  -0.0070  -0.0079 -5.1009e-03   0.0002  8.3019e-04  -0.0093 -7.0057e-03   0.1233  -0.0095   0.0505  -0.0072  -0.0070  -0.0049 -8.4116e-03   0.1397  -0.0080   0.0133  -0.0082  -0.0067 -9.2446e-03   1.0000  -0.0074   0.0170 -5.8448e-03   0.1499   0.0620
SIM46L2  0.0380 -4.2648e-03 -3.6736e-03  6.7167e-04  0.0128  0.0051 -6.0817e-03  0.0446 -0.0067  0.0139  -0.0070  -0.0093  -0.0071   0.0561 -7.1806e-03  2.5972e-02   0.0040 -7.3540e-03  -0.0076  -0.0060   0.0028   0.0332  -0.0075  -0.0041   0.0107  -0.0074  -0.0066 -4.1677e-03   0.0004  9.3807e-02  -0.0078 -5.2889e-03  -0.0067  -0.0084  -0.0051  -0.0026   0.0271  -0.0050 -5.1212e-03  -0.0065  -0.0044  -0.0071   0.0809   0.0051 -7.0113e-03  -0.0074   1.0000  -0.0077  2.2986e-02  -0.0066  -0.0058
SIM47L2  0.0566  1.0117e-01 -7.2209e-03 -5.8187e-03  0.0064  0.0091 -4.4598e-03 -0.0096  0.0034 -0.0083  -0.0010   0.0039   0.0052   0.0083 -3.5615e-03  5.6102e-03   0.0053 -7.9843e-03   0.0617  -0.0070   0.0144  -0.0002   0.0273   0.0026  -0.0035  -0.0029  -0.0033  2.7483e-02   0.0134 -8.4036e-03  -0.0006 -6.4992e-03  -0.0002   0.1047   0.0006  -0.0010   0.1126   0.0259  4.5186e-02  -0.0043  -0.0087   0.0645  -0.0039  -0.0021 -8.7425e-03   0.0170  -0.0077   1.0000  8.2221e-02  -0.0032  -0.0050
SIM48L2  0.0869  2.2186e-02  1.3004e-02 -7.2245e-03 -0.0067 -0.0085 -8.3946e-03  0.0214  0.0160  0.0827  -0.0065  -0.0087  -0.0061   0.0221 -8.4080e-03  2.3250e-02   0.0449  3.0132e-02   0.1661  -0.0072   0.0032   0.0074   0.1701  -0.0007   0.0020   0.0011   0.1654  2.0080e-02  -0.0086  7.4647e-05  -0.0045 -1.2381e-03  -0.0071   0.0989  -0.0063   0.1708   0.0104   0.1275  4.5274e-02  -0.0074  -0.0083  -0.0080  -0.0077  -0.0049  1.5958e-01  -0.0058   0.0230   0.0822  1.0000e+00  -0.0032  -0.0019
SIM49L2  0.0464  1.9119e-02  5.4483e-02 -5.3101e-03 -0.0084  0.0633 -6.6761e-03 -0.0075 -0.0084  0.0252   0.0292   0.0582   0.1133  -0.0092 -7.2080e-03 -1.5544e-04   0.0119  4.0283e-02   0.0265  -0.0061  -0.0087  -0.0034   0.0048  -0.0041   0.0122   0.0052   0.0021 -7.7429e-03   0.0020  1.0882e-02   0.0078 -7.2460e-03   0.1236   0.0682   0.0592  -0.0051  -0.0050  -0.0047 -6.0786e-03   0.1358  -0.0047  -0.0045   0.0548  -0.0032 -1.0008e-02   0.1499  -0.0066  -0.0032 -3.2302e-03   1.0000   0.0131
SIM50L2  0.0905 -2.9699e-03  5.5553e-02 -8.9155e-03  0.0307  0.0584  5.4925e-03  0.0050  0.0122  0.0153   0.0135   0.0320   0.0374   0.0480 -9.6574e-03  2.2879e-02   0.0106 -6.7557e-03   0.0145   0.0086  -0.0052   0.0153  -0.0056  -0.0060  -0.0054   0.0082   0.0475  1.3647e-02  -0.0032  4.1667e-02   0.0004 -7.5490e-03  -0.0089  -0.0109   0.0208   0.0462  -0.0060  -0.0088 -1.0220e-02   0.0069  -0.0098   0.0216   0.0746  -0.0048 -8.8733e-03   0.0620  -0.0058  -0.0050 -1.9249e-03   0.0131   1.0000

LD Score Matrix Condition Number
2.1394

Annotation Correlation Matrix
             SIM1        SIM2        SIM3        SIM4        SIM5        SIM6        SIM7        SIM8        SIM9       SIM10       SIM11       SIM12       SIM13       SIM14       SIM15       SIM16       SIM17       SIM18       SIM19       SIM20       SIM21       SIM22       SIM23       SIM24       SIM25       SIM26       SIM27       SIM28       SIM29       SIM30       SIM31       SIM32       SIM33       SIM34       SIM35       SIM36       SIM37       SIM38       SIM39       SIM40       SIM41       SIM42       SIM43       SIM44       SIM45       SIM46       SIM47       SIM48       SIM49       SIM50
SIM1   1.0000e+00 -9.9703e-05 -8.7929e-05 -8.4730e-05 -1.0244e-04 -8.3085e-05 -9.9703e-05 -8.4730e-05 -9.1016e-05 -1.0510e-04 -1.1750e-04 -8.3085e-05 -8.3085e-05 -7.6148e-05 -8.9486e-05 -8.7929e-05 -9.8309e-05 -8.9486e-05 -8.1406e-05 -8.7929e-05 -8.9486e-05 -9.8309e-05 -9.8309e-05 -8.9486e-05 -8.9486e-05 -8.6345e-05 -9.2520e-05 -1.0378e-04 -9.6894e-05 -9.8309e-05 -7.2431e-05 -7.9692e-05  2.8100e-02 -9.8309e-05 -8.6345e-05 -1.0378e-04 -9.1016e-05 -1.0108e-04 -8.7929e-05 -9.4001e-05 -8.6345e-05 -9.6894e-05 -9.1016e-05 -9.2520e-05 -9.4001e-05 -8.4730e-05  2.8525e-02 -9.1016e-05 -9.8309e-05 -1.0640e-04
SIM2  -9.9703e-05  1.0000e+00 -8.6733e-05 -8.3577e-05 -1.0104e-04 -8.1954e-05 -9.8347e-05 -8.3577e-05 -8.9777e-05 -1.0367e-04 -1.1590e-04 -8.1954e-05 -8.1954e-05 -7.5112e-05 -8.8268e-05 -8.6733e-05 -9.6971e-05 -8.8268e-05 -8.0298e-05 -8.6733e-05 -8.8268e-05 -9.6971e-05 -9.6971e-05 -8.8268e-05 -8.8268e-05 -8.5170e-05 -9.1261e-05 -1.0236e-04  2.8490e-02 -9.6971e-05 -7.1446e-05 -7.8608e-05 -9.5576e-05 -9.6971e-05 -8.5170e-05 -1.0236e-04 -8.9777e-05 -9.9703e-05 -8.6733e-05 -9.2722e-05 -8.5170e-05 -9.5576e-05 -8.9777e-05 -9.1261e-05 -9.2722e-05 -8.3577e-05 -9.4159e-05 -8.9777e-05 -9.6971e-05 -1.0496e-04
SIM3  -8.7929e-05 -8.6733e-05  1.0000e+00 -7.3708e-05 -8.9110e-05 -7.2276e-05 -8.6733e-05 -7.3708e-05 -7.9175e-05 -9.1425e-05  2.6627e-02 -7.2276e-05 -7.2276e-05 -6.6242e-05 -7.7844e-05 -7.6490e-05 -8.5519e-05 -7.7844e-05 -7.0816e-05 -7.6490e-05 -7.7844e-05 -8.5519e-05 -8.5519e-05 -7.7844e-05 -7.7844e-05 -7.5112e-05 -8.0484e-05 -9.0275e-05 -8.4289e-05 -8.5519e-05 -6.3008e-05 -6.9325e-05 -8.4289e-05 -8.5519e-05 -7.5112e-05 -9.0275e-05 -7.9175e-05 -8.7929e-05 -7.6490e-05 -8.1772e-05 -7.5112e-05 -8.4289e-05 -7.9175e-05 -8.0484e-05 -8.1772e-05 -7.3708e-05 -8.3040e-05 -7.9175e-05 -8.5519e-05 -9.2561e-05
SIM4  -8.4730e-05 -8.3577e-05 -7.3708e-05  1.0000e+00 -8.5868e-05 -6.9647e-05 -8.3577e-05 -7.1026e-05 -7.6295e-05 -8.8099e-05 -9.8499e-05 -6.9647e-05 -6.9647e-05 -6.3832e-05 -7.5012e-05 -7.3708e-05 -8.2408e-05 -7.5012e-05 -6.8240e-05 -7.3708e-05 -7.5012e-05 -8.2408e-05 -8.2408e-05 -7.5012e-05 -7.5012e-05 -7.2379e-05 -7.7556e-05 -8.6991e-05 -8.1222e-05 -8.2408e-05 -6.0716e-05 -6.6803e-05 -8.1222e-05 -8.2408e-05 -7.2379e-05 -8.6991e-05 -7.6295e-05 -8.4730e-05 -7.3708e-05 -7.8797e-05 -7.2379e-05 -8.1222e-05 -7.6295e-05 -7.7556e-05 -7.8797e-05 -7.1026e-05 -8.0019e-05 -7.6295e-05 -8.2408e-05 -8.9193e-05
SIM5  -1.0244e-04 -1.0104e-04 -8.9110e-05 -8.5868e-05  1.0000e+00 -8.4200e-05 -1.0104e-04  3.1731e-02 -9.2237e-05 -1.0651e-04 -1.1908e-04 -8.4200e-05 -8.4200e-05 -7.7170e-05 -9.0687e-05 -8.9110e-05 -9.9629e-05 -9.0687e-05 -8.2499e-05 -8.9110e-05 -9.0687e-05 -9.9629e-05 -9.9629e-05 -9.0687e-05 -9.0687e-05 -8.7504e-05 -9.3762e-05  2.5874e-02 -9.8195e-05 -9.9629e-05 -7.3404e-05 -8.0762e-05 -9.8195e-05 -9.9629e-05 -8.7504e-05 -1.0517e-04 -9.2237e-05 -1.0244e-04 -8.9110e-05 -9.5263e-05 -8.7504e-05  2.7725e-02  2.9528e-02 -9.3762e-05 -9.5263e-05 -8.5868e-05 -9.6740e-05 -9.2237e-05 -9.9629e-05 -1.0783e-04
SIM6  -8.3085e-05 -8.1954e-05 -7.2276e-05 -6.9647e-05 -8.4200e-05  1.0000e+00 -8.1954e-05 -6.9647e-05 -7.4813e-05 -8.6388e-05 -9.6586e-05 -6.8294e-05 -6.8294e-05 -6.2592e-05 -7.3556e-05 -7.2276e-05 -8.0808e-05 -7.3556e-05 -6.6914e-05 -7.2276e-05 -7.3556e-05 -8.0808e-05  3.3728e-02  3.7068e-02 -7.3556e-05 -7.0974e-05 -7.6050e-05 -8.5301e-05 -7.9645e-05 -8.0808e-05 -5.9537e-05 -6.5505e-05 -7.9645e-05 -8.0808e-05 -7.0974e-05 -8.5301e-05 -7.4813e-05 -8.3085e-05 -7.2276e-05 -7.7267e-05 -7.0974e-05  3.4223e-02 -7.4813e-05  3.5848e-02 -7.7267e-05 -6.9647e-05 -7.8465e-05 -7.4813e-05 -8.0808e-05 -8.7461e-05
SIM7  -9.9703e-05 -9.8347e-05 -8.6733e-05 -8.3577e-05 -1.0104e-04 -8.1954e-05  1.0000e+00  3.2605e-02 -8.9777e-05 -1.0367e-04 -1.1590e-04 -8.1954e-05 -8.1954e-05 -7.5112e-05 -8.8268e-05  3.1413e-02  2.8078e-02 -8.8268e-05 -8.0298e-05 -8.6733e-05 -8.8268e-05  2.8078e-02 -9.6971e-05 -8.8268e-05 -8.8268e-05 -8.5170e-05 -9.1261e-05 -1.0236e-04 -9.5576e-05 -9.6971e-05 -7.1446e-05 -7.8608e-05 -9.5576e-05 -9.6971e-05 -8.5170e-05  2.6588e-02 -8.9777e-05 -9.9703e-05 -8.6733e-05 -9.2722e-05 -8.5170e-05 -9.5576e-05 -8.9777e-05 -9.1261e-05 -9.2722e-05 -8.3577e-05 -9.4159e-05 -8.9777e-05 -9.6971e-05 -1.0496e-04
SIM8  -8.4730e-05 -8.3577e-05 -7.3708e-05 -7.1026e-05  3.1731e-02 -6.9647e-05  3.2605e-02  1.0000e+00 -7.6295e-05 -8.8099e-05 -9.8499e-05 -6.9647e-05 -6.9647e-05 -6.3832e-05 -7.5012e-05 -7.3708e-05 -8.2408e-05 -7.5012e-05 -6.8240e-05 -7.3708e-05 -7.5012e-05 -8.2408e-05 -8.2408e-05 -7.5012e-05 -7.5012e-05 -7.2379e-05 -7.7556e-05 -8.6991e-05 -8.1222e-05  3.3070e-02 -6.0716e-05 -6.6803e-05 -8.1222e-05 -8.2408e-05 -7.2379e-05 -8.6991e-05 -7.6295e-05 -8.4730e-05 -7.3708e-05 -7.8797e-05 -7.2379e-05 -8.1222e-05 -7.6295e-05 -7.7556e-05 -7.8797e-05 -7.1026e-05 -8.0019e-05 -7.6295e-05 -8.2408e-05 -8.9193e-05
SIM9  -9.1016e-05 -8.9777e-05 -7.9175e-05 -7.6295e-05 -9.2237e-05 -7.4813e-05 -8.9777e-05 -7.6295e-05  1.0000e+00 -9.4634e-05 -1.0581e-04 -7.4813e-05 -7.4813e-05 -6.8567e-05 -8.0577e-05 -7.9175e-05 -8.8521e-05 -8.0577e-05 -7.3301e-05 -7.9175e-05 -8.0577e-05 -8.8521e-05 -8.8521e-05  3.3825e-02  3.3825e-02 -7.7748e-05 -8.3309e-05 -9.3443e-05 -8.7247e-05 -8.8521e-05 -6.5220e-05 -7.1758e-05 -8.7247e-05 -8.8521e-05 -7.7748e-05 -9.3443e-05 -8.1954e-05 -9.1016e-05 -7.9175e-05 -8.4642e-05 -7.7748e-05 -8.7247e-05 -8.1954e-05 -8.3309e-05 -8.4642e-05 -7.6295e-05 -8.5955e-05  3.3254e-02  3.0775e-02 -9.5810e-05
SIM10 -1.0510e-04 -1.0367e-04 -9.1425e-05 -8.8099e-05 -1.0651e-04 -8.6388e-05 -1.0367e-04 -8.8099e-05 -9.4634e-05  1.0000e+00 -1.2218e-04 -8.6388e-05 -8.6388e-05 -7.9175e-05 -9.3043e-05 -9.1425e-05 -1.0222e-04 -9.3043e-05 -8.4642e-05 -9.1425e-05 -9.3043e-05 -1.0222e-04 -1.0222e-04  2.9271e-02  2.9271e-02 -8.9777e-05 -9.6198e-05 -1.0790e-04 -1.0075e-04 -1.0222e-04 -7.5311e-05 -8.2860e-05 -1.0075e-04 -1.0222e-04 -8.9777e-05 -1.0790e-04 -9.4634e-05 -1.0510e-04 -9.1425e-05 -9.7738e-05 -8.9777e-05 -1.0075e-04 -9.4634e-05 -9.6198e-05 -9.7738e-05 -8.8099e-05 -9.9253e-05 -9.4634e-05 -1.0222e-04 -1.1063e-04
SIM11 -1.1750e-04 -1.1590e-04  2.6627e-02 -9.8499e-05 -1.1908e-04 -9.6586e-05 -1.1590e-04 -9.8499e-05 -1.0581e-04 -1.2218e-04  1.0000e+00 -9.6586e-05 -9.6586e-05 -8.8522e-05 -1.0403e-04 -1.0222e-04 -1.1428e-04 -1.0403e-04 -9.4634e-05 -1.0222e-04 -1.0403e-04 -1.1428e-04 -1.1428e-04 -1.0403e-04 -1.0403e-04 -1.0038e-04 -1.0755e-04 -1.2064e-04 -1.1264e-04 -1.1428e-04 -8.4201e-05 -9.2642e-05 -1.1264e-04  2.3793e-02 -1.0038e-04 -1.2064e-04 -1.0581e-04  2.3135e-02 -1.0222e-04 -1.0928e-04 -1.0038e-04 -1.1264e-04 -1.0581e-04  2.5295e-02 -1.0928e-04 -9.8499e-05 -1.1097e-04 -1.0581e-04 -1.1428e-04  2.1965e-02
SIM12 -8.3085e-05 -8.1954e-05 -7.2276e-05 -6.9647e-05 -8.4200e-05 -6.8294e-05 -8.1954e-05 -6.9647e-05 -7.4813e-05 -8.6388e-05 -9.6586e-05  1.0000e+00  3.9934e-02 -6.2592e-05 -7.3556e-05  3.7727e-02 -8.0808e-05 -7.3556e-05 -6.6914e-05 -7.2276e-05 -7.3556e-05 -8.0808e-05 -8.0808e-05 -7.3556e-05 -7.3556e-05 -7.0974e-05 -7.6050e-05 -8.5301e-05 -7.9645e-05 -8.0808e-05 -5.9537e-05 -6.5505e-05 -7.9645e-05 -8.0808e-05 -7.0974e-05  3.1943e-02 -7.4813e-05 -8.3085e-05  3.7727e-02 -7.7267e-05 -7.0974e-05 -7.9645e-05 -7.4813e-05 -7.6050e-05 -7.7267e-05 -6.9647e-05 -7.8465e-05 -7.4813e-05 -8.0808e-05 -8.7461e-05
SIM13 -8.3085e-05 -8.1954e-05 -7.2276e-05 -6.9647e-05 -8.4200e-05 -6.8294e-05 -8.1954e-05 -6.9647e-05 -7.4813e-05 -8.6388e-05 -9.6586e-05  3.9934e-02  1.0000e+00 -6.2592e-05 -7.3556e-05 -7.2276e-05 -8.0808e-05 -7.3556e-05 -6.6914e-05 -7.2276e-05 -7.3556e-05 -8.0808e-05 -8.0808e-05 -7.3556e-05 -7.3556e-05 -7.0974e-05 -7.6050e-05 -8.5301e-05 -7.9645e-05 -8.0808e-05 -5.9537e-05 -6.5505e-05 -7.9645e-05 -8.0808e-05 -7.0974e-05 -8.5301e-05 -7.4813e-05 -8.3085e-05 -7.2276e-05 -7.7267e-05 -7.0974e-05 -7.9645e-05 -7.4813e-05 -7.6050e-05 -7.7267e-05  3.9156e-02 -7.8465e-05 -7.4813e-05 -8.0808e-05 -8.7461e-05
