*********************************************************************
* LD Score Regression (LDSC)
* Version 1.0.1
* (C) 2014-2019 Brendan Bulik-Sullivan and Hilary Finucane
* Broad Institute of MIT and Harvard / MIT Department of Mathematics
* GNU General Public License v3
*********************************************************************
Call: 
./ldsc.py \
--out /data/sbcs/GuoLab/backup/liq17/CRC_TF_TWAS_zhishan2024/NC_revision_OceanCode/v2_NC_revision//84Tracks//ldscores_sim1000//14 \
--bfile /data/sbcs/GuoLab/backup/liq17/ref/Alkesgroup/1000G_EUR_Phase3_plink_hg38/1000G.EUR.QC.14 \
--annot /data/sbcs/GuoLab/backup/liq17/CRC_TF_TWAS_zhishan2024/NC_revision_OceanCode/v2_NC_revision//84Tracks//annots_sim1000//14.annot.txt \
--l2  \
--ld-wind-kb 100.0 

Beginning analysis at Sun Oct 26 23:57:39 2025
Read list of 323965 SNPs from /data/sbcs/GuoLab/backup/liq17/ref/Alkesgroup/1000G_EUR_Phase3_plink_hg38/1000G.EUR.QC.14.bim
Read 50 annotations for 323965 SNPs from /data/sbcs/GuoLab/backup/liq17/CRC_TF_TWAS_zhishan2024/NC_revision_OceanCode/v2_NC_revision//84Tracks//annots_sim1000//14.annot.txt
Read list of 489 individuals from /data/sbcs/GuoLab/backup/liq17/ref/Alkesgroup/1000G_EUR_Phase3_plink_hg38/1000G.EUR.QC.14.fam
Reading genotypes from /data/sbcs/GuoLab/backup/liq17/ref/Alkesgroup/1000G_EUR_Phase3_plink_hg38/1000G.EUR.QC.14.bed
Estimating LD Score.
Writing LD Scores for 323965 SNPs to /data/sbcs/GuoLab/backup/liq17/CRC_TF_TWAS_zhishan2024/NC_revision_OceanCode/v2_NC_revision//84Tracks//ldscores_sim1000//14.l2.ldscore.gz

Summary of LD Scores in /data/sbcs/GuoLab/backup/liq17/CRC_TF_TWAS_zhishan2024/NC_revision_OceanCode/v2_NC_revision//84Tracks//ldscores_sim1000//14.l2.ldscore.gz
         MAF  SIM1L2  SIM2L2  SIM3L2  SIM4L2  SIM5L2  SIM6L2  SIM7L2  SIM8L2  SIM9L2  SIM10L2  SIM11L2  SIM12L2  SIM13L2  SIM14L2  SIM15L2  SIM16L2  SIM17L2  SIM18L2  SIM19L2  SIM20L2  SIM21L2  SIM22L2  SIM23L2  SIM24L2  SIM25L2  SIM26L2  SIM27L2  SIM28L2  SIM29L2  SIM30L2  SIM31L2  SIM32L2  SIM33L2  SIM34L2  SIM35L2  SIM36L2  SIM37L2  SIM38L2  SIM39L2  SIM40L2  SIM41L2  SIM42L2  SIM43L2  SIM44L2  SIM45L2  SIM46L2  SIM47L2  SIM48L2  SIM49L2  SIM50L2
mean  0.1438  0.0077  0.0056  0.0060  0.0055  0.0050  0.0086  0.0027  0.0050  0.0043   0.0041   0.0046   0.0053   0.0056   0.0033   0.0054   0.0089   0.0034   0.0058   0.0039   0.0072   0.0070   0.0068   0.0063   0.0057   0.0066   0.0039   0.0060   0.0043   0.0046   0.0048   0.0059   0.0057   0.0029   0.0064   0.0079   0.0044   0.0044   0.0032   0.0052   0.0078   0.0037   0.0071   0.0035   0.0048   0.0041   0.0040   0.0044   0.0059   0.0047   0.0046
std   0.1465  0.0721  0.0581  0.0583  0.0553  0.0527  0.0727  0.0408  0.0537  0.0485   0.0510   0.0514   0.0533   0.0577   0.0420   0.0607   0.0857   0.0422   0.0597   0.0450   0.0616   0.0657   0.0670   0.0607   0.0533   0.0620   0.0477   0.0603   0.0507   0.0514   0.0533   0.0604   0.0556   0.0423   0.0657   0.0697   0.0512   0.0493   0.0404   0.0535   0.0696   0.0450   0.0609   0.0402   0.0550   0.0438   0.0466   0.0524   0.0592   0.0530   0.0541
min   0.0051 -0.0052 -0.0038 -0.0040 -0.0039 -0.0041 -0.0040 -0.0040 -0.0057 -0.0041  -0.0041  -0.0040  -0.0040  -0.0041  -0.0041  -0.0040  -0.0050  -0.0021  -0.0041  -0.0041  -0.0041  -0.0041  -0.0041  -0.0040  -0.0055  -0.0034  -0.0021  -0.0053  -0.0039  -0.0041  -0.0041  -0.0041  -0.0040  -0.0021  -0.0041  -0.0038  -0.0038  -0.0041  -0.0041  -0.0041  -0.0039  -0.0038  -0.0041  -0.0041  -0.0039  -0.0041  -0.0043  -0.0038  -0.0041  -0.0040  -0.0021
25%   0.0184  0.0000  0.0000  0.0000  0.0000  0.0000  0.0000  0.0000  0.0000  0.0000   0.0000   0.0000   0.0000   0.0000   0.0000   0.0000   0.0000   0.0000   0.0000   0.0000   0.0000   0.0000   0.0000   0.0000   0.0000   0.0000   0.0000   0.0000   0.0000   0.0000   0.0000   0.0000   0.0000   0.0000   0.0000   0.0000   0.0000   0.0000   0.0000   0.0000   0.0000   0.0000   0.0000   0.0000   0.0000   0.0000   0.0000   0.0000   0.0000   0.0000   0.0000
50%   0.0828  0.0000  0.0000  0.0000  0.0000  0.0000  0.0000  0.0000  0.0000  0.0000   0.0000   0.0000   0.0000   0.0000   0.0000   0.0000   0.0000   0.0000   0.0000   0.0000   0.0000   0.0000   0.0000   0.0000   0.0000   0.0000   0.0000   0.0000   0.0000   0.0000   0.0000   0.0000   0.0000   0.0000   0.0000   0.0000   0.0000   0.0000   0.0000   0.0000   0.0000   0.0000   0.0000   0.0000   0.0000   0.0000   0.0000   0.0000   0.0000   0.0000   0.0000
75%   0.2434  0.0000  0.0000  0.0000  0.0000  0.0000  0.0000  0.0000  0.0000  0.0000   0.0000   0.0000   0.0000   0.0000   0.0000   0.0000   0.0000   0.0000   0.0000   0.0000   0.0000   0.0000   0.0000   0.0000   0.0000   0.0000   0.0000   0.0000   0.0000   0.0000   0.0000   0.0000   0.0000   0.0000   0.0000   0.0000   0.0000   0.0000   0.0000   0.0000   0.0000   0.0000   0.0000   0.0000   0.0000   0.0000   0.0000   0.0000   0.0000   0.0000   0.0000
max   0.5000  1.6345  1.0036  1.0000  1.0000  1.0018  1.2280  1.0000  1.8687  1.0291   1.0022   1.6183   1.0000   1.0000   1.0000   1.1068   2.0000   1.0000   1.0210   1.0059   1.1340   1.0483   1.5802   1.0004   1.0000   1.0000   1.0000   1.0297   1.0000   1.0377   1.0131   1.0000   1.0123   1.0000   1.2210   1.0150   1.0000   1.0155   1.0223   1.0000   1.0460   1.0000   1.0213   1.0256   1.0000   1.0968   1.0368   1.0000   1.0854   1.0000   1.0000

MAF/LD Score Correlation Matrix
            MAF  SIM1L2  SIM2L2  SIM3L2  SIM4L2      SIM5L2  SIM6L2  SIM7L2  SIM8L2  SIM9L2     SIM10L2  SIM11L2  SIM12L2  SIM13L2  SIM14L2  SIM15L2     SIM16L2  SIM17L2  SIM18L2  SIM19L2  SIM20L2  SIM21L2  SIM22L2     SIM23L2  SIM24L2  SIM25L2  SIM26L2  SIM27L2     SIM28L2  SIM29L2  SIM30L2  SIM31L2  SIM32L2  SIM33L2  SIM34L2  SIM35L2     SIM36L2  SIM37L2     SIM38L2  SIM39L2     SIM40L2  SIM41L2     SIM42L2  SIM43L2  SIM44L2  SIM45L2  SIM46L2  SIM47L2  SIM48L2     SIM49L2  SIM50L2
MAF      1.0000  0.0421  0.0285  0.0608  0.0721  5.7157e-02  0.0662 -0.0159  0.0156  0.0545  8.9189e-03   0.0148   0.0190   0.0251   0.0580   0.0114 -6.9457e-03   0.0110   0.0429   0.0149   0.0744   0.0459   0.0227  3.4082e-02   0.0848   0.0455   0.0352  -0.0040  3.6843e-02   0.0294   0.0436   0.0386   0.0538  -0.0031  -0.0174   0.0437  3.5838e-02   0.0340  3.2653e-02   0.0425  1.4466e-02   0.0087  6.7201e-02   0.0380   0.0241   0.0327   0.0373   0.0102   0.0314  2.9130e-02   0.0302
SIM1L2   0.0421  1.0000  0.0102  0.0023 -0.0087  2.9343e-02  0.0004  0.0074  0.0670 -0.0052 -3.2307e-03   0.0051   0.0520  -0.0095   0.0028   0.0106 -9.3680e-03  -0.0082   0.0531   0.0024   0.0100  -0.0086   0.0007  9.9275e-03   0.0175   0.0027  -0.0088   0.0035  3.0851e-02  -0.0086  -0.0084  -0.0097   0.1279   0.0605   0.0369   0.0933  1.4600e-02  -0.0093  1.6780e-02   0.0076  5.6563e-02  -0.0049 -1.2238e-02   0.0893  -0.0012  -0.0047  -0.0091  -0.0053  -0.0105  7.0255e-03   0.0091
SIM2L2   0.0285  0.0102  1.0000 -0.0030 -0.0097 -3.4144e-03 -0.0105 -0.0058 -0.0081 -0.0001 -6.4778e-03   0.0077  -0.0088  -0.0092  -0.0068  -0.0086 -6.0609e-03   0.0693  -0.0095  -0.0075   0.1105  -0.0094   0.0502  8.6825e-03   0.0515   0.0290  -0.0063   0.0013 -6.7898e-03  -0.0072  -0.0069   0.1292  -0.0070   0.0009  -0.0064  -0.0106 -7.3870e-03  -0.0079 -4.3215e-03  -0.0081 -1.0143e-02  -0.0024  1.4658e-03  -0.0004  -0.0084  -0.0084   0.0056  -0.0062  -0.0035 -8.2667e-03   0.0127
SIM3L2   0.0608  0.0023 -0.0030  1.0000 -0.0039 -7.6625e-03  0.0265 -0.0064  0.0107  0.0215  3.0787e-02   0.0021   0.0124  -0.0088  -0.0002  -0.0084 -8.7125e-03   0.0016   0.0681  -0.0058   0.0071  -0.0100  -0.0019 -9.0469e-03   0.0146  -0.0087  -0.0080  -0.0040  1.6246e-01  -0.0050   0.1080   0.0229  -0.0106  -0.0011  -0.0078   0.0294  7.6130e-02  -0.0035  3.1436e-02   0.0667  5.8627e-02  -0.0009  6.3706e-03  -0.0059   0.0034   0.0306  -0.0028  -0.0068  -0.0101 -4.8923e-03   0.0194
SIM4L2   0.0721 -0.0087 -0.0097 -0.0039  1.0000  5.4301e-02 -0.0064 -0.0016  0.0207 -0.0009 -1.9016e-03  -0.0077  -0.0004   0.0073   0.1498   0.0254 -6.1163e-03  -0.0016  -0.0088  -0.0046  -0.0037   0.0413   0.1194  9.9131e-02  -0.0106   0.0020  -0.0081  -0.0068  9.5371e-02  -0.0083   0.0011  -0.0044  -0.0094   0.0018   0.1252   0.0479 -1.1415e-03  -0.0064  3.1892e-03  -0.0088 -9.7072e-03   0.0405 -5.2925e-03  -0.0077  -0.0066   0.0201  -0.0036   0.0107  -0.0061 -4.7792e-03   0.0449
SIM5L2   0.0572  0.0293 -0.0034 -0.0077  0.0543  1.0000e+00 -0.0091 -0.0056 -0.0071  0.0109  1.4233e-02   0.0071  -0.0080   0.0113   0.1663  -0.0078 -7.6376e-03   0.0025  -0.0082  -0.0011   0.0039   0.1787   0.0008  5.1880e-02  -0.0097   0.0151  -0.0039   0.0948 -7.3613e-03   0.0365  -0.0083  -0.0092  -0.0004   0.0483  -0.0090   0.0779 -5.1337e-03   0.0771  1.0375e-02   0.0324 -5.6913e-05   0.0040 -1.0489e-02  -0.0074   0.0144   0.0724  -0.0081  -0.0065  -0.0094 -8.3863e-03   0.0060
SIM6L2   0.0662  0.0004 -0.0105  0.0265 -0.0064 -9.0893e-03  1.0000 -0.0053  0.0175  0.0719 -8.8070e-03  -0.0045  -0.0110   0.0355  -0.0088  -0.0104  1.7680e-04   0.0224   0.0366  -0.0057   0.0300  -0.0125  -0.0114 -1.1361e-02   0.0028  -0.0066  -0.0068   0.1150 -9.8854e-03   0.0079  -0.0097  -0.0113   0.0176   0.1718  -0.0102   0.0572  2.0126e-02   0.0789  5.0440e-02   0.0455  5.8880e-02  -0.0095 -1.3664e-02  -0.0089   0.0490   0.0104   0.0027   0.0225  -0.0104 -9.2494e-03   0.1567
SIM7L2  -0.0159  0.0074 -0.0058 -0.0064 -0.0016 -5.6097e-03 -0.0053  1.0000 -0.0061 -0.0060 -3.1422e-03   0.1081   0.0006  -0.0019  -0.0050   0.0881 -6.6328e-03  -0.0042  -0.0038  -0.0052   0.0323  -0.0065   0.2726 -5.3994e-03   0.0005  -0.0012  -0.0024  -0.0052 -4.3957e-03  -0.0031  -0.0035   0.0016  -0.0017  -0.0007  -0.0048  -0.0075 -3.0347e-03  -0.0058 -1.9845e-03   0.0470  2.7724e-01  -0.0032 -2.7138e-03   0.0019   0.0020  -0.0061  -0.0013  -0.0054   0.0925 -2.4065e-03   0.0013
SIM8L2   0.0156  0.0670 -0.0081  0.0107  0.0207 -7.1075e-03  0.0175 -0.0061  1.0000 -0.0017 -4.5684e-03  -0.0071  -0.0060  -0.0050   0.1232  -0.0053  1.4566e-02  -0.0058   0.0289   0.1176   0.0882  -0.0080  -0.0010  5.4979e-02  -0.0092  -0.0087  -0.0072  -0.0020 -2.0781e-03  -0.0043  -0.0052   0.0583  -0.0093   0.0767  -0.0080   0.0069 -2.8526e-03  -0.0024  2.3974e-02   0.0094  7.0001e-02  -0.0061 -1.0628e-02   0.0006   0.0050  -0.0013   0.0012   0.0201  -0.0068  1.0077e-01   0.0309
SIM9L2   0.0545 -0.0052 -0.0001  0.0215 -0.0009  1.0876e-02  0.0719 -0.0060 -0.0017  1.0000 -6.5439e-03  -0.0031  -0.0089  -0.0038   0.0140   0.0030 -8.0245e-03  -0.0069  -0.0009  -0.0025  -0.0042  -0.0057  -0.0021 -7.6834e-03  -0.0013  -0.0093  -0.0049   0.0098 -6.6050e-03  -0.0052  -0.0059  -0.0068   0.0008  -0.0042   0.0049  -0.0052  7.2596e-03   0.0238 -3.9660e-04  -0.0086 -9.7326e-03  -0.0065 -1.0064e-02  -0.0001   0.0003   0.0009   0.0024  -0.0074  -0.0005 -2.1072e-03  -0.0071
SIM10L2  0.0089 -0.0032 -0.0065  0.0308 -0.0019  1.4233e-02 -0.0088 -0.0031 -0.0046 -0.0065  1.0000e+00  -0.0048  -0.0070  -0.0077   0.0132  -0.0049 -1.0964e-03   0.0100  -0.0066   0.0895   0.0026   0.0340   0.0056  7.1063e-03   0.0319   0.0106   0.0075   0.0651 -6.6150e-03  -0.0072  -0.0025   0.1041   0.1472  -0.0048  -0.0078  -0.0074  5.1178e-03   0.0224 -5.4999e-03  -0.0060  1.2638e-02  -0.0063 -6.9202e-03  -0.0050  -0.0054   0.0101  -0.0034   0.0177  -0.0063 -5.5152e-05  -0.0047
SIM11L2  0.0148  0.0051  0.0077  0.0021 -0.0077  7.0944e-03 -0.0045  0.1081 -0.0071 -0.0031 -4.8175e-03   1.0000   0.0805   0.0095  -0.0070  -0.0079 -6.7959e-03  -0.0058   0.0129  -0.0029  -0.0080  -0.0094   0.0875  1.0344e-01  -0.0094   0.0072  -0.0068  -0.0089  8.6849e-03  -0.0069  -0.0079   0.0175  -0.0022   0.0964   0.0019  -0.0087 -4.9903e-03  -0.0050  1.2505e-02   0.0744  6.9396e-02  -0.0074 -5.5960e-03  -0.0075  -0.0077  -0.0077  -0.0075  -0.0066   0.0748 -7.3886e-03   0.0474
SIM12L2  0.0190  0.0520 -0.0088  0.0124 -0.0004 -8.0075e-03 -0.0110  0.0006 -0.0060 -0.0089 -6.9733e-03   0.0805   1.0000  -0.0072   0.0028   0.0507  5.4865e-02   0.0034   0.0025  -0.0051  -0.0038   0.0448  -0.0099  9.3231e-03   0.0154  -0.0081  -0.0065   0.0435  1.0060e-02   0.0384   0.0085   0.0275   0.0152   0.0839  -0.0041   0.0336  1.3409e-01  -0.0062  1.6739e-03   0.0825 -9.6665e-03   0.0056 -8.6816e-03   0.0166  -0.0087   0.0214   0.0156  -0.0079   0.0193 -4.1386e-03  -0.0031
SIM13L2  0.0251 -0.0095 -0.0092 -0.0088  0.0073  1.1284e-02  0.0355 -0.0019 -0.0050 -0.0038 -7.7313e-03   0.0095  -0.0072   1.0000   0.0548  -0.0035 -9.5685e-03   0.0022  -0.0059  -0.0072  -0.0096  -0.0098  -0.0083 -8.9571e-03  -0.0075  -0.0065  -0.0028  -0.0072  1.4913e-03  -0.0078  -0.0012  -0.0046  -0.0076  -0.0066  -0.0090   0.0192 -7.0956e-03   0.0171 -5.8482e-03   0.0731 -1.0413e-02   0.0074 -7.1122e-03  -0.0077  -0.0081   0.0655  -0.0081   0.0129   0.0001 -6.6463e-03   0.0259
SIM14L2  0.0580  0.0028 -0.0068 -0.0002  0.1498  1.6632e-01 -0.0088 -0.0050  0.1232  0.0140  1.3223e-02  -0.0070   0.0028   0.0548   1.0000   0.0359 -7.9960e-03   0.0043  -0.0058   0.1813   0.1074   0.0432  -0.0055  6.4303e-02   0.0592  -0.0024  -0.0064   0.0045 -6.3735e-03  -0.0037  -0.0070   0.0210  -0.0066  -0.0050  -0.0065   0.0118 -5.2926e-03   0.0165  2.6923e-02  -0.0077 -8.3310e-03  -0.0035 -8.9212e-03  -0.0066  -0.0040   0.0550  -0.0055  -0.0055  -0.0078  1.2810e-01  -0.0026
SIM15L2  0.0114  0.0106 -0.0086 -0.0084  0.0254 -7.7887e-03 -0.0104  0.0881 -0.0053  0.0030 -4.8675e-03  -0.0079   0.0507  -0.0035   0.0359   1.0000 -8.8470e-03  -0.0072   0.1669  -0.0058  -0.0103   0.0430   0.0003 -3.6035e-03  -0.0086  -0.0054   0.2360  -0.0050 -6.2509e-03  -0.0036  -0.0069  -0.0084  -0.0086  -0.0045   0.0340   0.0135 -7.1503e-03  -0.0074  7.9286e-03   0.0279  5.2520e-02  -0.0053 -9.3998e-03  -0.0070   0.2061   0.0044  -0.0018  -0.0061   0.1267 -5.6689e-03  -0.0073
SIM16L2 -0.0069 -0.0094 -0.0061 -0.0087 -0.0061 -7.6376e-03  0.0002 -0.0066  0.0146 -0.0080 -1.0964e-03  -0.0068   0.0549  -0.0096  -0.0080  -0.0088  1.0000e+00   0.2744   0.0024  -0.0048  -0.0113  -0.0081  -0.0049  2.0836e-01  -0.0040  -0.0093  -0.0080  -0.0095 -4.7707e-03  -0.0053   0.0646  -0.0060   0.0181  -0.0061  -0.0030   0.0071  2.4262e-03  -0.0082 -5.1232e-03  -0.0024  9.9932e-03   0.0529  4.0692e-05  -0.0067   0.0158  -0.0097   0.0088  -0.0084   0.0368 -8.8050e-03   0.0347
SIM17L2  0.0110 -0.0082  0.0693  0.0016 -0.0016  2.5434e-03  0.0224 -0.0042 -0.0058 -0.0069  1.0013e-02  -0.0058   0.0034   0.0022   0.0043  -0.0072  2.7444e-01   1.0000   0.0565  -0.0052  -0.0009  -0.0076   0.0277  1.2999e-01  -0.0045  -0.0085  -0.0030   0.1565  1.1558e-03  -0.0071  -0.0040   0.0613   0.0060   0.0573  -0.0080  -0.0082  3.5123e-02  -0.0057 -1.8216e-03  -0.0046  1.0693e-02   0.0160 -4.2240e-03  -0.0016  -0.0058  -0.0060   0.1108  -0.0009   0.0370 -7.0390e-03   0.0580
SIM18L2  0.0429  0.0531 -0.0095  0.0681 -0.0088 -8.1724e-03  0.0366 -0.0038  0.0289 -0.0009 -6.6184e-03   0.0129   0.0025  -0.0059  -0.0058   0.1669  2.3865e-03   0.0565   1.0000  -0.0085   0.0637  -0.0097   0.0147 -9.1369e-03  -0.0096  -0.0088  -0.0025   0.0400  1.2464e-02   0.0342  -0.0088  -0.0086   0.0188   0.0528  -0.0095   0.0116  1.5774e-03  -0.0078  4.5782e-02   0.0810  8.3981e-02  -0.0062 -1.0992e-02   0.0045   0.0001   0.0034   0.0222  -0.0052   0.1270 -8.5922e-03   0.0610
SIM19L2  0.0149  0.0024 -0.0075 -0.0058 -0.0046 -1.1467e-03 -0.0057 -0.0052  0.1176 -0.0025  8.9461e-02  -0.0029  -0.0051  -0.0072   0.1813  -0.0058 -4.8126e-03  -0.0052  -0.0085   1.0000   0.1074   0.0278   0.0013  2.7419e-02  -0.0080  -0.0070   0.0655   0.0946  7.6671e-03  -0.0074  -0.0028  -0.0074  -0.0071  -0.0056  -0.0084   0.0488 -5.9055e-03   0.0237  8.5052e-02   0.0073  9.4347e-04   0.0025  5.8032e-02   0.0162   0.0028  -0.0075  -0.0023   0.0156   0.0067  1.2307e-01  -0.0072
SIM20L2  0.0744  0.0100  0.1105  0.0071 -0.0037  3.8820e-03  0.0300  0.0323  0.0882 -0.0042  2.5502e-03  -0.0080  -0.0038  -0.0096   0.1074  -0.0103 -1.1281e-02  -0.0009   0.0637   0.1074   1.0000   0.0071   0.0010 -4.6729e-03   0.0533   0.0043  -0.0044  -0.0103  2.6952e-02   0.0849  -0.0046   0.0072   0.0127   0.0283  -0.0087   0.0329  6.5418e-02   0.0638  8.3489e-03  -0.0003  1.9863e-02  -0.0046 -6.0838e-03   0.0011   0.0726  -0.0009  -0.0063  -0.0094   0.0008  8.0043e-02  -0.0084
SIM21L2  0.0459 -0.0086 -0.0094 -0.0100  0.0413  1.7874e-01 -0.0125 -0.0065 -0.0080 -0.0057  3.3963e-02  -0.0094   0.0448  -0.0098   0.0432   0.0430 -8.1206e-03  -0.0076  -0.0097   0.0278   0.0071   1.0000  -0.0102  2.3240e-02   0.0049   0.0294  -0.0070   0.0251 -7.2836e-03   0.0152   0.0010  -0.0074   0.0394  -0.0073   0.0708   0.0765  1.4189e-02   0.0830  7.8006e-03   0.0362  4.8447e-02  -0.0061  3.4818e-02  -0.0083  -0.0092  -0.0019  -0.0040   0.0318  -0.0036 -6.4216e-03  -0.0085
SIM22L2  0.0227  0.0007  0.0502 -0.0019  0.1194  7.6821e-04 -0.0114  0.2726 -0.0010 -0.0021  5.6320e-03   0.0875  -0.0099  -0.0083  -0.0055   0.0003 -4.9129e-03   0.0277   0.0147   0.0013   0.0010  -0.0102   1.0000 -9.3303e-03   0.0445   0.0280   0.0036   0.0568  3.1248e-03   0.0129  -0.0089  -0.0091  -0.0073  -0.0068   0.0716  -0.0115 -8.6373e-03   0.0288  1.3244e-02   0.0223  1.4151e-01  -0.0072 -5.7163e-03  -0.0024   0.0075  -0.0073   0.0516  -0.0084   0.0663  2.7309e-03   0.0010
SIM23L2  0.0341  0.0099  0.0087 -0.0090  0.0991  5.1880e-02 -0.0114 -0.0054  0.0550 -0.0077  7.1063e-03   0.1034   0.0093  -0.0090   0.0643  -0.0036  2.0836e-01   0.1300  -0.0091   0.0274  -0.0047   0.0232  -0.0093  1.0000e+00  -0.0098   0.0032   0.0590   0.0160 -7.6814e-03   0.0343  -0.0090   0.0578   0.0014   0.0265  -0.0100  -0.0100 -7.2491e-03  -0.0075 -6.2996e-05   0.0614 -1.1380e-02   0.0239 -7.1858e-03  -0.0035  -0.0066  -0.0086  -0.0072   0.0691   0.0292 -9.2069e-03   0.0490
SIM24L2  0.0848  0.0175  0.0515  0.0146 -0.0106 -9.7342e-03  0.0028  0.0005 -0.0092 -0.0013  3.1868e-02  -0.0094   0.0154  -0.0075   0.0592  -0.0086 -3.9913e-03  -0.0045  -0.0096  -0.0080   0.0533   0.0049   0.0445 -9.7536e-03   1.0000   0.0012  -0.0053  -0.0078 -2.6474e-03  -0.0094  -0.0023   0.0635  -0.0083  -0.0069  -0.0092  -0.0027  1.4946e-02  -0.0067 -4.3141e-03   0.0689  1.9972e-02  -0.0073 -1.1503e-02  -0.0063   0.0252  -0.0073   0.0589  -0.0044  -0.0079  4.8796e-03   0.0198
SIM25L2  0.0455  0.0027  0.0290 -0.0087  0.0020  1.5102e-02 -0.0066 -0.0012 -0.0087 -0.0093  1.0605e-02   0.0072  -0.0081  -0.0065  -0.0024  -0.0054 -9.2527e-03  -0.0085  -0.0088  -0.0070   0.0043   0.0294   0.0280  3.2236e-03   0.0012   1.0000   0.0073  -0.0103  8.7996e-02  -0.0096   0.1016   0.0382  -0.0108  -0.0070  -0.0085   0.0347 -8.1509e-03  -0.0095 -8.3943e-03  -0.0084  3.2686e-02  -0.0083  9.4056e-02   0.0038  -0.0078  -0.0078  -0.0091   0.1281   0.0132 -5.0972e-03  -0.0088
SIM26L2  0.0352 -0.0088 -0.0063 -0.0080 -0.0081 -3.8791e-03 -0.0068 -0.0024 -0.0072 -0.0049  7.4850e-03  -0.0068  -0.0065  -0.0028  -0.0064   0.2360 -8.0274e-03  -0.0030  -0.0025   0.0655  -0.0044  -0.0070   0.0036  5.9047e-02  -0.0053   0.0073   1.0000   0.0439 -7.0306e-03  -0.0053   0.0025   0.0578  -0.0085  -0.0046   0.0605  -0.0063 -6.7539e-03  -0.0072  5.3616e-03   0.0057  1.0509e-03  -0.0019  5.0934e-02  -0.0071   0.2986  -0.0061   0.0844   0.0427  -0.0081  1.0774e-01  -0.0068
SIM27L2 -0.0040  0.0035  0.0013 -0.0040 -0.0068  9.4827e-02  0.1150 -0.0052 -0.0020  0.0098  6.5123e-02  -0.0089   0.0435  -0.0072   0.0045  -0.0050 -9.4832e-03   0.1565   0.0400   0.0946  -0.0103   0.0251   0.0568  1.6044e-02  -0.0078  -0.0103   0.0439   1.0000 -6.1930e-03   0.0253  -0.0010  -0.0057  -0.0091   0.2167   0.0138  -0.0106 -2.6883e-03   0.0671 -5.3416e-03   0.0015 -1.0356e-02   0.0181 -9.6361e-03  -0.0005  -0.0067  -0.0083   0.0053   0.0246  -0.0037 -8.9040e-03   0.1784
SIM28L2  0.0368  0.0309 -0.0068  0.1625  0.0954 -7.3613e-03 -0.0099 -0.0044 -0.0021 -0.0066 -6.6150e-03   0.0087   0.0101   0.0015  -0.0064  -0.0063 -4.7707e-03   0.0012   0.0125   0.0077   0.0270  -0.0073   0.0031 -7.6814e-03  -0.0026   0.0880  -0.0070  -0.0062  1.0000e+00  -0.0065   0.0662  -0.0078  -0.0031  -0.0053  -0.0071   0.0037  6.8321e-07  -0.0074 -3.8727e-03  -0.0080 -8.9441e-03   0.0137  5.3964e-03   0.0313  -0.0073  -0.0078  -0.0013   0.1231  -0.0071 -5.4852e-03   0.0267
SIM29L2  0.0294 -0.0086 -0.0072 -0.0050 -0.0083  3.6525e-02  0.0079 -0.0031 -0.0043 -0.0052 -7.1949e-03  -0.0069   0.0384  -0.0078  -0.0037  -0.0036 -5.2508e-03  -0.0071   0.0342  -0.0074   0.0849   0.0152   0.0129  3.4302e-02  -0.0094  -0.0096  -0.0053   0.0253 -6.4513e-03   1.0000  -0.0019  -0.0076   0.0439   0.0354   0.0897   0.0311  6.0348e-02   0.0677  1.1286e-02  -0.0088  1.1452e-02  -0.0030 -5.7376e-03   0.0093   0.0397   0.0022  -0.0077  -0.0072  -0.0086 -7.6719e-03  -0.0044
SIM30L2  0.0436 -0.0084 -0.0069  0.1080  0.0011 -8.3150e-03 -0.0097 -0.0035 -0.0052 -0.0059 -2.4766e-03  -0.0079   0.0085  -0.0012  -0.0070  -0.0069  6.4592e-02  -0.0040  -0.0088  -0.0028  -0.0046   0.0010  -0.0089 -8.9746e-03  -0.0023   0.1016   0.0025  -0.0010  6.6177e-02  -0.0019   1.0000  -0.0005   0.0151  -0.0057   0.0454  -0.0103  3.4455e-02  -0.0011  8.3789e-03   0.0027 -1.7111e-03  -0.0026  3.7259e-02  -0.0058   0.0562   0.0018   0.0107  -0.0023   0.0141  2.7534e-02  -0.0006
SIM31L2  0.0386 -0.0097  0.1292  0.0229 -0.0044 -9.2259e-03 -0.0113  0.0016  0.0583 -0.0068  1.0411e-01   0.0175   0.0275  -0.0046   0.0210  -0.0084 -6.0063e-03   0.0613  -0.0086  -0.0074   0.0072  -0.0074  -0.0091  5.7790e-02   0.0635   0.0382   0.0578  -0.0057 -7.8217e-03  -0.0076  -0.0005   1.0000  -0.0096  -0.0065   0.0331  -0.0110 -8.3608e-03  -0.0070  1.6861e-02  -0.0056 -9.4465e-03  -0.0048  4.6999e-02   0.0036   0.0200   0.0258   0.0024  -0.0052   0.0013  1.2675e-01   0.0651
SIM32L2  0.0538  0.1279 -0.0070 -0.0106 -0.0094 -4.4743e-04  0.0176 -0.0017 -0.0093  0.0008  1.4722e-01  -0.0022   0.0152  -0.0076  -0.0066  -0.0086  1.8051e-02   0.0060   0.0188  -0.0071   0.0127   0.0394  -0.0073  1.4190e-03  -0.0083  -0.0108  -0.0085  -0.0091 -3.1058e-03   0.0439   0.0151  -0.0096   1.0000  -0.0033   0.0255   0.0095  3.4230e-03  -0.0041 -8.1158e-03  -0.0090 -4.9786e-03  -0.0083  3.0603e-02   0.0133  -0.0061  -0.0048   0.0172  -0.0083  -0.0041  7.6296e-02  -0.0083
SIM33L2 -0.0031  0.0605  0.0009 -0.0011  0.0018  4.8299e-02  0.1718 -0.0007  0.0767 -0.0042 -4.7730e-03   0.0964   0.0839  -0.0066  -0.0050  -0.0045 -6.1337e-03   0.0573   0.0528  -0.0056   0.0283  -0.0073  -0.0068  2.6471e-02  -0.0069  -0.0070  -0.0046   0.2167 -5.2727e-03   0.0354  -0.0057  -0.0065  -0.0033   1.0000  -0.0064  -0.0078 -2.1427e-03  -0.0016 -5.5032e-03   0.0177 -7.6310e-03  -0.0045  3.8356e-03   0.1058   0.0299  -0.0016  -0.0059  -0.0040  -0.0068 -4.4944e-03   0.2499
SIM34L2 -0.0174  0.0369 -0.0064 -0.0078  0.1252 -8.9646e-03 -0.0102 -0.0048 -0.0080  0.0049 -7.7873e-03   0.0019  -0.0041  -0.0090  -0.0065   0.0340 -3.0373e-03  -0.0080  -0.0095  -0.0084  -0.0087   0.0708   0.0716 -1.0023e-02  -0.0092  -0.0085   0.0605   0.0138 -7.1178e-03   0.0897   0.0454   0.0331   0.0255  -0.0064   1.0000   0.0053 -7.6610e-03  -0.0020  3.2443e-03  -0.0093  3.7512e-04  -0.0013  1.5672e-02  -0.0081   0.0094  -0.0086  -0.0004  -0.0080  -0.0089  5.2682e-02   0.0780
SIM35L2  0.0437  0.0933 -0.0106  0.0294  0.0479  7.7882e-02  0.0572 -0.0075  0.0069 -0.0052 -7.4204e-03  -0.0087   0.0336   0.0192   0.0118   0.0135  7.0541e-03  -0.0082   0.0116   0.0488   0.0329   0.0765  -0.0115 -1.0004e-02  -0.0027   0.0347  -0.0063  -0.0106  3.6862e-03   0.0311  -0.0103  -0.0110   0.0095  -0.0078   0.0053   1.0000 -8.8428e-03  -0.0087  6.8186e-02   0.1085  9.1848e-02   0.0904 -3.8940e-03  -0.0094   0.0111  -0.0089  -0.0022  -0.0073  -0.0113 -6.3686e-03   0.0742
SIM36L2  0.0358  0.0146 -0.0074  0.0761 -0.0011 -5.1337e-03  0.0201 -0.0030 -0.0029  0.0073  5.1178e-03  -0.0050   0.1341  -0.0071  -0.0053  -0.0072  2.4262e-03   0.0351   0.0016  -0.0059   0.0654   0.0142  -0.0086 -7.2491e-03   0.0149  -0.0082  -0.0068  -0.0027  6.8321e-07   0.0603   0.0345  -0.0084   0.0034  -0.0021  -0.0077  -0.0088  1.0000e+00   0.1211  7.5831e-03   0.0172  2.0112e-02  -0.0065 -1.0074e-02  -0.0070   0.0035  -0.0026  -0.0074  -0.0071  -0.0011 -5.1139e-03   0.1012
SIM37L2  0.0340 -0.0093 -0.0079 -0.0035 -0.0064  7.7078e-02  0.0789 -0.0058 -0.0024  0.0238  2.2366e-02  -0.0050  -0.0062   0.0171   0.0165  -0.0074 -8.2245e-03  -0.0057  -0.0078   0.0237   0.0638   0.0830   0.0288 -7.5270e-03  -0.0067  -0.0095  -0.0072   0.0671 -7.3583e-03   0.0677  -0.0011  -0.0070  -0.0041  -0.0016  -0.0020  -0.0087  1.2109e-01   1.0000 -4.4641e-03  -0.0065  7.0020e-02  -0.0060 -9.3265e-03  -0.0072   0.0319   0.0529  -0.0057  -0.0072  -0.0046 -1.7903e-03   0.0022
SIM38L2  0.0327  0.0168 -0.0043  0.0314  0.0032  1.0375e-02  0.0504 -0.0020  0.0240 -0.0004 -5.4999e-03   0.0125   0.0017  -0.0058   0.0269   0.0079 -5.1232e-03  -0.0018   0.0458   0.0851   0.0083   0.0078   0.0132 -6.2996e-05  -0.0043  -0.0084   0.0054  -0.0053 -3.8727e-03   0.0113   0.0084   0.0169  -0.0081  -0.0055   0.0032   0.0682  7.5831e-03  -0.0045  1.0000e+00   0.0674  6.8095e-02   0.0451  1.3854e-02  -0.0065   0.0382  -0.0068   0.0146  -0.0019  -0.0070 -6.9801e-03  -0.0067
SIM39L2  0.0425  0.0076 -0.0081  0.0667 -0.0088  3.2435e-02  0.0455  0.0470  0.0094 -0.0086 -5.9986e-03   0.0744   0.0825   0.0731  -0.0077   0.0279 -2.3912e-03  -0.0046   0.0810   0.0073  -0.0003   0.0362   0.0223  6.1400e-02   0.0689  -0.0084   0.0057   0.0015 -7.9941e-03  -0.0088   0.0027  -0.0056  -0.0090   0.0177  -0.0093   0.1085  1.7237e-02  -0.0065  6.7383e-02   1.0000  8.9275e-02   0.0033 -4.3859e-03   0.0079   0.0167   0.0408   0.0124  -0.0064  -0.0025 -8.0050e-03   0.0418
SIM40L2  0.0145  0.0566 -0.0101  0.0586 -0.0097 -5.6913e-05  0.0589  0.2772  0.0700 -0.0097  1.2638e-02   0.0694  -0.0097  -0.0104  -0.0083   0.0525  9.9932e-03   0.0107   0.0840   0.0009   0.0199   0.0484   0.1415 -1.1380e-02   0.0200   0.0327   0.0011  -0.0104 -8.9441e-03   0.0115  -0.0017  -0.0094  -0.0050  -0.0076   0.0004   0.0918  2.0112e-02   0.0700  6.8095e-02   0.0893  1.0000e+00  -0.0093  4.1757e-02  -0.0067   0.1121   0.0037   0.0008  -0.0093   0.1060 -9.6639e-03  -0.0022
SIM41L2  0.0087 -0.0049 -0.0024 -0.0009  0.0405  4.0095e-03 -0.0095 -0.0032 -0.0061 -0.0065 -6.3221e-03  -0.0074   0.0056   0.0074  -0.0035  -0.0053  5.2925e-02   0.0160  -0.0062   0.0025  -0.0046  -0.0061  -0.0072  2.3904e-02  -0.0073  -0.0083  -0.0019   0.0181  1.3665e-02  -0.0030  -0.0026  -0.0048  -0.0083  -0.0045  -0.0013   0.0904 -6.5146e-03  -0.0060  4.5079e-02   0.0033 -9.3021e-03   1.0000  6.2995e-03  -0.0042  -0.0016  -0.0050   0.0541   0.0340  -0.0082 -5.5589e-03   0.1678
SIM42L2  0.0672 -0.0122  0.0015  0.0064 -0.0053 -1.0489e-02 -0.0137 -0.0027 -0.0106 -0.0101 -6.9202e-03  -0.0056  -0.0087  -0.0071  -0.0089  -0.0094  4.0692e-05  -0.0042  -0.0110   0.0580  -0.0061   0.0348  -0.0057 -7.1858e-03  -0.0115   0.0941   0.0509  -0.0096  5.3964e-03  -0.0057   0.0373   0.0470   0.0306   0.0038   0.0157  -0.0039 -1.0074e-02  -0.0093  1.3854e-02  -0.0044  4.1757e-02   0.0063  1.0000e+00  -0.0085   0.0954  -0.0109  -0.0065  -0.0054   0.0242  3.1835e-02   0.0045
SIM43L2  0.0380  0.0893 -0.0004 -0.0059 -0.0077 -7.4213e-03 -0.0089  0.0019  0.0006 -0.0001 -5.0035e-03  -0.0075   0.0166  -0.0077  -0.0066  -0.0070 -6.7359e-03  -0.0016   0.0045   0.0162   0.0011  -0.0083  -0.0024 -3.4959e-03  -0.0063   0.0038  -0.0071  -0.0005  3.1322e-02   0.0093  -0.0058   0.0036   0.0133   0.1058  -0.0081  -0.0094 -6.9909e-03  -0.0072 -6.5374e-03   0.0079 -6.7356e-03  -0.0042 -8.5412e-03   1.0000  -0.0024   0.0142   0.0481  -0.0059  -0.0012  1.3316e-02   0.0012
SIM44L2  0.0241 -0.0012 -0.0084  0.0034 -0.0066  1.4383e-02  0.0490  0.0020  0.0050  0.0003 -5.3976e-03  -0.0077  -0.0087  -0.0081  -0.0040   0.2061  1.5772e-02  -0.0058   0.0001   0.0028   0.0726  -0.0092   0.0075 -6.5886e-03   0.0252  -0.0078   0.2986  -0.0067 -7.2952e-03   0.0397   0.0562   0.0200  -0.0061   0.0299   0.0094   0.0111  3.5168e-03   0.0319  3.8164e-02   0.0167  1.1212e-01  -0.0016  9.5404e-02  -0.0024   1.0000  -0.0060  -0.0014  -0.0068   0.1740  4.2946e-02  -0.0074
SIM45L2  0.0327 -0.0047 -0.0084  0.0306  0.0201  7.2385e-02  0.0104 -0.0061 -0.0013  0.0009  1.0091e-02  -0.0077   0.0214   0.0655   0.0550   0.0044 -9.6870e-03  -0.0060   0.0034  -0.0075  -0.0009  -0.0019  -0.0073 -8.6431e-03  -0.0073  -0.0078  -0.0061  -0.0083 -7.8034e-03   0.0022   0.0018   0.0258  -0.0048  -0.0016  -0.0086  -0.0089 -2.5913e-03   0.0529 -6.7936e-03   0.0408  3.7186e-03  -0.0050 -1.0915e-02   0.0142  -0.0060   1.0000  -0.0022   0.0012  -0.0016  1.9356e-03  -0.0073
SIM46L2  0.0373 -0.0091  0.0056 -0.0028 -0.0036 -8.1249e-03  0.0027 -0.0013  0.0012  0.0024 -3.3706e-03  -0.0075   0.0156  -0.0081  -0.0055  -0.0018  8.7527e-03   0.1108   0.0222  -0.0023  -0.0063  -0.0040   0.0516 -7.1862e-03   0.0589  -0.0091   0.0844   0.0053 -1.2867e-03  -0.0077   0.0107   0.0024   0.0172  -0.0059  -0.0004  -0.0022 -7.3752e-03  -0.0057  1.4625e-02   0.0124  7.7487e-04   0.0541 -6.5106e-03   0.0481  -0.0014  -0.0022   1.0000  -0.0048   0.0918 -7.5300e-03  -0.0043
SIM47L2  0.0102 -0.0053 -0.0062 -0.0068  0.0107 -6.5242e-03  0.0225 -0.0054  0.0201 -0.0074  1.7700e-02  -0.0066  -0.0079   0.0129  -0.0055  -0.0061 -8.4457e-03  -0.0009  -0.0052   0.0156  -0.0094   0.0318  -0.0084  6.9110e-02  -0.0044   0.1281   0.0427   0.0246  1.2308e-01  -0.0072  -0.0023  -0.0052  -0.0083  -0.0040  -0.0080  -0.0073 -7.1464e-03  -0.0072 -1.8766e-03  -0.0064 -9.2825e-03   0.0340 -5.3890e-03  -0.0059  -0.0068   0.0012  -0.0048   1.0000  -0.0020 -2.1612e-03  -0.0054
SIM48L2  0.0314 -0.0105 -0.0035 -0.0101 -0.0061 -9.3858e-03 -0.0104  0.0925 -0.0068 -0.0005 -6.2747e-03   0.0748   0.0193   0.0001  -0.0078   0.1267  3.6815e-02   0.0370   0.1270   0.0067   0.0008  -0.0036   0.0663  2.9191e-02  -0.0079   0.0132  -0.0081  -0.0037 -7.0998e-03  -0.0086   0.0141   0.0013  -0.0041  -0.0068  -0.0089  -0.0113 -1.0962e-03  -0.0046 -7.0353e-03  -0.0025  1.0602e-01  -0.0082  2.4153e-02  -0.0012   0.1740  -0.0016   0.0918  -0.0020   1.0000 -8.4585e-03  -0.0079
SIM49L2  0.0291  0.0070 -0.0083 -0.0049 -0.0048 -8.3863e-03 -0.0092 -0.0024  0.1008 -0.0021 -5.5152e-05  -0.0074  -0.0041  -0.0066   0.1281  -0.0057 -8.8050e-03  -0.0070  -0.0086   0.1231   0.0800  -0.0064   0.0027 -9.2069e-03   0.0049  -0.0051   0.1077  -0.0089 -5.4852e-03  -0.0077   0.0275   0.1268   0.0763  -0.0045   0.0527  -0.0064 -5.1139e-03  -0.0018 -6.9801e-03  -0.0080 -9.6639e-03  -0.0056  3.1835e-02   0.0133   0.0429   0.0019  -0.0075  -0.0022  -0.0085  1.0000e+00  -0.0017
SIM50L2  0.0302  0.0091  0.0127  0.0194  0.0449  5.9619e-03  0.1567  0.0013  0.0309 -0.0071 -4.7140e-03   0.0474  -0.0031   0.0259  -0.0026  -0.0073  3.4719e-02   0.0580   0.0610  -0.0072  -0.0084  -0.0085   0.0010  4.8998e-02   0.0198  -0.0088  -0.0068   0.1784  2.6738e-02  -0.0044  -0.0006   0.0651  -0.0083   0.2499   0.0780   0.0742  1.0116e-01   0.0022 -6.6851e-03   0.0418 -2.1656e-03   0.1678  4.5038e-03   0.0012  -0.0074  -0.0073  -0.0043  -0.0054  -0.0079 -1.6867e-03   1.0000

LD Score Matrix Condition Number
2.5817

Annotation Correlation Matrix
             SIM1        SIM2        SIM3        SIM4        SIM5        SIM6        SIM7        SIM8        SIM9       SIM10       SIM11       SIM12       SIM13       SIM14       SIM15       SIM16       SIM17       SIM18       SIM19       SIM20       SIM21       SIM22       SIM23       SIM24       SIM25       SIM26       SIM27       SIM28       SIM29       SIM30       SIM31       SIM32       SIM33       SIM34       SIM35       SIM36       SIM37       SIM38       SIM39       SIM40       SIM41       SIM42       SIM43       SIM44       SIM45       SIM46       SIM47       SIM48       SIM49       SIM50
SIM1   1.0000e+00 -9.9746e-05 -1.0145e-04 -1.0313e-04 -9.0740e-05 -1.2146e-04 -9.0740e-05 -1.1567e-04 -9.9746e-05 -9.2611e-05 -9.0740e-05 -1.1114e-04 -1.1114e-04 -8.2833e-05 -9.2611e-05 -1.0958e-04 -8.6877e-05 -9.6245e-05 -9.8011e-05 -1.2146e-04 -1.0145e-04 -9.8011e-05 -1.0478e-04  2.8478e-02 -1.0145e-04 -7.6368e-05 -1.0640e-04 -9.0740e-05 -9.4446e-05 -9.8011e-05 -1.0478e-04 -1.0313e-04 -7.4088e-05 -9.9746e-05 -1.0478e-04 -9.4446e-05 -1.0313e-04 -9.0740e-05 -9.6245e-05 -1.1114e-04 -9.4446e-05 -1.1114e-04 -9.6245e-05 -8.6877e-05 -1.0145e-04 -9.2611e-05 -8.8829e-05 -9.9746e-05 -1.0640e-04 -9.0740e-05
SIM2  -9.9746e-05  1.0000e+00 -9.1054e-05 -9.2560e-05 -8.1441e-05 -1.0901e-04 -8.1441e-05 -1.0382e-04 -8.9524e-05 -8.3120e-05 -8.1441e-05 -9.9746e-05 -9.9746e-05 -7.4344e-05 -8.3120e-05 -9.8351e-05 -7.7973e-05 -8.6381e-05 -8.7967e-05 -1.0901e-04 -9.1054e-05 -8.7967e-05 -9.4041e-05 -9.6935e-05 -9.1054e-05 -6.8542e-05 -9.5499e-05 -8.1441e-05 -8.4767e-05 -8.7967e-05 -9.4041e-05 -9.2560e-05 -6.6495e-05 -8.9524e-05 -9.4041e-05 -8.4767e-05 -9.2560e-05 -8.1441e-05 -8.6381e-05 -9.9746e-05 -8.4767e-05 -9.9746e-05 -8.6381e-05 -7.7973e-05 -9.1054e-05 -8.3120e-05 -7.9726e-05 -8.9524e-05 -9.5499e-05  3.7827e-02
SIM3  -1.0145e-04 -9.1054e-05  1.0000e+00 -9.4142e-05 -8.2833e-05 -1.1088e-04 -8.2833e-05 -1.0559e-04  3.3815e-02 -8.4541e-05  3.7188e-02 -1.0145e-04 -1.0145e-04 -7.5616e-05 -8.4541e-05 -1.0003e-04 -7.9306e-05 -8.7858e-05 -8.9471e-05 -1.1088e-04 -9.2611e-05 -8.9471e-05 -9.5649e-05 -9.8593e-05 -9.2611e-05 -6.9714e-05 -9.7132e-05 -8.2833e-05 -8.6216e-05 -8.9471e-05 -9.5649e-05 -9.4142e-05 -6.7632e-05 -9.1054e-05 -9.5649e-05 -8.6216e-05 -9.4142e-05 -8.2833e-05 -8.7858e-05 -1.0145e-04 -8.6216e-05 -1.0145e-04 -8.7858e-05 -7.9306e-05  3.3244e-02 -8.4541e-05 -8.1089e-05 -9.1054e-05 -9.7132e-05 -8.2833e-05
SIM4  -1.0313e-04 -9.2560e-05 -9.4142e-05  1.0000e+00 -8.4203e-05 -1.1271e-04  3.6581e-02 -1.0734e-04 -9.2560e-05 -8.5939e-05 -8.4203e-05 -1.0313e-04  2.9834e-02  4.0087e-02 -8.5939e-05 -1.0169e-04 -8.0618e-05 -8.9311e-05 -9.0950e-05 -1.1271e-04 -9.4142e-05 -9.0950e-05 -9.7230e-05 -1.0022e-04 -9.4142e-05 -7.0866e-05 -9.8738e-05 -8.4203e-05 -8.7641e-05 -9.0950e-05 -9.7230e-05 -9.5699e-05 -6.8750e-05 -9.2560e-05 -9.7230e-05 -8.7641e-05  3.2165e-02 -8.4203e-05 -8.9311e-05 -1.0313e-04  3.5139e-02 -1.0313e-04 -8.9311e-05 -8.0618e-05  3.2700e-02 -8.5939e-05 -8.2430e-05 -9.2560e-05 -9.8738e-05 -8.4203e-05
SIM5  -9.0740e-05 -8.1441e-05 -8.2833e-05 -8.4203e-05  1.0000e+00 -9.9171e-05 -7.4088e-05 -9.4446e-05 -8.1441e-05 -7.5615e-05 -7.4088e-05 -9.0740e-05 -9.0740e-05 -6.7632e-05 -7.5615e-05 -8.9471e-05 -7.0933e-05 -7.8582e-05 -8.0024e-05 -9.9171e-05 -8.2833e-05 -8.0024e-05 -8.5550e-05 -8.8183e-05 -8.2833e-05 -6.2353e-05 -8.6877e-05 -7.4088e-05 -7.7113e-05 -8.0024e-05 -8.5550e-05 -8.4203e-05 -6.0491e-05 -8.1441e-05 -8.5550e-05 -7.7113e-05 -8.4203e-05 -7.4088e-05 -7.8582e-05 -9.0740e-05 -7.7113e-05 -9.0740e-05 -7.8582e-05 -7.0933e-05  3.7188e-02 -7.5615e-05 -7.2528e-05 -8.1441e-05 -8.6877e-05 -7.4088e-05
SIM6  -1.2146e-04 -1.0901e-04 -1.1088e-04 -1.1271e-04 -9.9171e-05  1.0000e+00 -9.9171e-05  2.4296e-02 -1.0901e-04 -1.0122e-04 -9.9171e-05 -1.2146e-04 -1.2146e-04 -9.0530e-05 -1.0122e-04 -1.1976e-04 -9.4949e-05 -1.0519e-04 -1.0712e-04 -1.3275e-04 -1.1088e-04 -1.0712e-04 -1.1451e-04 -1.1804e-04 -1.1088e-04 -8.3464e-05 -1.1629e-04 -9.9171e-05 -1.0322e-04 -1.0712e-04 -1.1451e-04 -1.1271e-04 -8.0972e-05 -1.0901e-04 -1.1451e-04 -1.0322e-04 -1.1271e-04 -9.9171e-05 -1.0519e-04 -1.2146e-04 -1.0322e-04 -1.2146e-04 -1.0519e-04 -9.4949e-05 -1.1088e-04 -1.0122e-04 -9.7083e-05 -1.0901e-04 -1.1629e-04 -9.9171e-05
SIM7  -9.0740e-05 -8.1441e-05 -8.2833e-05  3.6581e-02 -7.4088e-05 -9.9171e-05  1.0000e+00 -9.4446e-05 -8.1441e-05 -7.5615e-05 -7.4088e-05 -9.0740e-05 -9.0740e-05 -6.7632e-05 -7.5615e-05 -8.9471e-05 -7.0933e-05 -7.8582e-05 -8.0024e-05 -9.9171e-05 -8.2833e-05  3.8499e-02 -8.5550e-05 -8.8183e-05 -8.2833e-05 -6.2353e-05 -8.6877e-05 -7.4088e-05 -7.7113e-05 -8.0024e-05 -8.5550e-05 -8.4203e-05 -6.0491e-05 -8.1441e-05 -8.5550e-05 -7.7113e-05 -8.4203e-05 -7.4088e-05 -7.8582e-05 -9.0740e-05 -7.7113e-05 -9.0740e-05 -7.8582e-05 -7.0933e-05 -8.2833e-05 -7.5615e-05 -7.2528e-05 -8.1441e-05 -8.6877e-05 -7.4088e-05
SIM8  -1.1567e-04 -1.0382e-04 -1.0559e-04 -1.0734e-04 -9.4446e-05  2.4296e-02 -9.4446e-05  1.0000e+00 -1.0382e-04 -9.6393e-05 -9.4446e-05 -1.1567e-04 -1.1567e-04 -8.6216e-05 -9.6393e-05 -1.1406e-04 -9.0425e-05 -1.0018e-04 -1.0201e-04 -1.2642e-04 -1.0559e-04 -1.0201e-04  2.8201e-02 -1.1241e-04 -1.0559e-04 -7.9487e-05 -1.1075e-04 -9.4446e-05 -9.8302e-05 -1.0201e-04  2.8201e-02 -1.0734e-04  3.9958e-02 -1.0382e-04 -1.0906e-04 -9.8302e-05 -1.0734e-04 -9.4446e-05 -1.0018e-04 -1.1567e-04 -9.8302e-05 -1.1567e-04 -1.0018e-04 -9.0425e-05 -1.0559e-04 -9.6393e-05 -9.2457e-05 -1.0382e-04 -1.1075e-04  3.2595e-02
SIM9  -9.9746e-05 -8.9524e-05  3.3815e-02 -9.2560e-05 -8.1441e-05 -1.0901e-04 -8.1441e-05 -1.0382e-04  1.0000e+00 -8.3120e-05 -8.1441e-05 -9.9746e-05 -9.9746e-05 -7.4344e-05 -8.3120e-05 -9.8351e-05 -7.7973e-05 -8.6381e-05 -8.7967e-05 -1.0901e-04 -9.1054e-05 -8.7967e-05 -9.4041e-05 -9.6935e-05 -9.1054e-05 -6.8542e-05 -9.5499e-05 -8.1441e-05 -8.4767e-05 -8.7967e-05 -9.4041e-05 -9.2560e-05 -6.6495e-05 -8.9524e-05 -9.4041e-05 -8.4767e-05 -9.2560e-05 -8.1441e-05 -8.6381e-05 -9.9746e-05 -8.4767e-05 -9.9746e-05 -8.6381e-05 -7.7973e-05 -9.1054e-05 -8.3120e-05 -7.9726e-05  3.4396e-02 -9.5499e-05 -8.1441e-05
SIM10 -9.2611e-05 -8.3120e-05 -8.4541e-05 -8.5939e-05 -7.5615e-05 -1.0122e-04 -7.5615e-05 -9.6393e-05 -8.3120e-05  1.0000e+00 -7.5615e-05 -9.2611e-05 -9.2611e-05 -6.9027e-05 -7.7175e-05 -9.1316e-05 -7.2396e-05 -8.0203e-05 -8.1674e-05 -1.0122e-04 -8.4541e-05 -8.1674e-05 -8.7314e-05 -9.0002e-05 -8.4541e-05  4.8447e-02 -8.8668e-05 -7.5615e-05 -7.8703e-05 -8.1674e-05 -8.7314e-05 -8.5939e-05 -6.1739e-05 -8.3120e-05 -8.7314e-05 -7.8703e-05 -8.5939e-05 -7.5615e-05 -8.0203e-05 -9.2611e-05 -7.8703e-05 -9.2611e-05 -8.0203e-05 -7.2396e-05 -8.4541e-05 -7.7175e-05 -7.4023e-05 -8.3120e-05  3.4730e-02 -7.5615e-05
SIM11 -9.0740e-05 -8.1441e-05  3.7188e-02 -8.4203e-05 -7.4088e-05 -9.9171e-05 -7.4088e-05 -9.4446e-05 -8.1441e-05 -7.5615e-05  1.0000e+00 -9.0740e-05 -9.0740e-05 -6.7632e-05 -7.5615e-05 -8.9471e-05 -7.0933e-05 -7.8582e-05 -8.0024e-05 -9.9171e-05 -8.2833e-05 -8.0024e-05 -8.5550e-05 -8.8183e-05 -8.2833e-05 -6.2353e-05 -8.6877e-05 -7.4088e-05 -7.7113e-05 -8.0024e-05  3.6002e-02 -8.4203e-05  5.0974e-02 -8.1441e-05 -8.5550e-05 -7.7113e-05 -8.4203e-05 -7.4088e-05 -7.8582e-05 -9.0740e-05 -7.7113e-05 -9.0740e-05 -7.8582e-05 -7.0933e-05 -8.2833e-05 -7.5615e-05 -7.2528e-05 -8.1441e-05 -8.6877e-05 -7.4088e-05
SIM12 -1.1114e-04 -9.9746e-05 -1.0145e-04 -1.0313e-04 -9.0740e-05 -1.2146e-04 -9.0740e-05 -1.1567e-04 -9.9746e-05 -9.2611e-05 -9.0740e-05  1.0000e+00 -1.1114e-04 -8.2833e-05 -9.2611e-05 -1.0958e-04 -8.6877e-05 -9.6245e-05 -9.8011e-05 -1.2146e-04 -1.0145e-04 -9.8011e-05 -1.0478e-04 -1.0800e-04  3.0331e-02 -7.6368e-05 -1.0640e-04 -9.0740e-05 -9.4446e-05 -9.8011e-05 -1.0478e-04 -1.0313e-04 -7.4088e-05 -9.9746e-05 -1.0478e-04  3.2595e-02 -1.0313e-04 -9.0740e-05 -9.6245e-05 -1.1114e-04 -9.4446e-05 -1.1114e-04 -9.6245e-05 -8.6877e-05  3.0331e-02 -9.2611e-05 -8.8829e-05 -9.9746e-05 -1.0640e-04 -9.0740e-05
SIM13 -1.1114e-04 -9.9746e-05 -1.0145e-04  2.9834e-02 -9.0740e-05 -1.2146e-04 -9.0740e-05 -1.1567e-04 -9.9746e-05 -9.2611e-05 -9.0740e-05 -1.1114e-04  1.0000e+00 -8.2833e-05 -9.2611e-05 -1.0958e-04 -8.6877e-05 -9.6245e-05 -9.8011e-05 -1.2146e-04 -1.0145e-04 -9.8011e-05 -1.0478e-04 -1.0800e-04 -1.0145e-04 -7.6368e-05 -1.0640e-04 -9.0740e-05 -9.4446e-05 -9.8011e-05 -1.0478e-04 -1.0313e-04 -7.4088e-05 -9.9746e-05 -1.0478e-04 -9.4446e-05 -1.0313e-04 -9.0740e-05 -9.6245e-05 -1.1114e-04 -9.4446e-05 -1.1114e-04 -9.6245e-05 -8.6877e-05 -1.0145e-04 -9.2611e-05 -8.8829e-05  3.0853e-02 -1.0640e-04 -9.0740e-05
SIM14 -8.2833e-05 -7.4344e-05 -7.5616e-05  4.0087e-02 -6.7632e-05 -9.0530e-05 -6.7632e-05 -8.6216e-05 -7.4344e-05 -6.9027e-05 -6.7632e-05 -8.2833e-05 -8.2833e-05  1.0000e+00 -6.9027e-05 -8.1675e-05 -6.4752e-05 -7.1735e-05  4.2188e-02  3.4013e-02  4.0752e-02 -7.3051e-05 -7.8096e-05 -8.0499e-05 -7.5616e-05 -5.6920e-05 -7.9307e-05 -6.7632e-05 -7.0394e-05 -7.3051e-05 -7.8096e-05 -7.6866e-05 -5.5221e-05 -7.4344e-05 -7.8096e-05 -7.0394e-05 -7.6866e-05 -6.7632e-05 -7.1735e-05 -8.2833e-05 -7.0394e-05 -8.2833e-05 -7.1735e-05 -6.4752e-05 -7.5616e-05 -6.9027e-05 -6.6208e-05 -7.4344e-05 -7.9307e-05 -6.7632e-05
