*********************************************************************
* LD Score Regression (LDSC)
* Version 1.0.1
* (C) 2014-2019 Brendan Bulik-Sullivan and Hilary Finucane
* Broad Institute of MIT and Harvard / MIT Department of Mathematics
* GNU General Public License v3
*********************************************************************
Call: 
./ldsc.py \
--out /data/sbcs/GuoLab/backup/liq17/CRC_TF_TWAS_zhishan2024/NC_revision_OceanCode/v2_NC_revision//84Tracks//ldscores_sim1000//15 \
--bfile /data/sbcs/GuoLab/backup/liq17/ref/Alkesgroup/1000G_EUR_Phase3_plink_hg38/1000G.EUR.QC.15 \
--annot /data/sbcs/GuoLab/backup/liq17/CRC_TF_TWAS_zhishan2024/NC_revision_OceanCode/v2_NC_revision//84Tracks//annots_sim1000//15.annot.txt \
--l2  \
--ld-wind-kb 100.0 

Beginning analysis at Mon Oct 27 00:04:04 2025
Read list of 286945 SNPs from /data/sbcs/GuoLab/backup/liq17/ref/Alkesgroup/1000G_EUR_Phase3_plink_hg38/1000G.EUR.QC.15.bim
Read 50 annotations for 286945 SNPs from /data/sbcs/GuoLab/backup/liq17/CRC_TF_TWAS_zhishan2024/NC_revision_OceanCode/v2_NC_revision//84Tracks//annots_sim1000//15.annot.txt
Read list of 489 individuals from /data/sbcs/GuoLab/backup/liq17/ref/Alkesgroup/1000G_EUR_Phase3_plink_hg38/1000G.EUR.QC.15.fam
Reading genotypes from /data/sbcs/GuoLab/backup/liq17/ref/Alkesgroup/1000G_EUR_Phase3_plink_hg38/1000G.EUR.QC.15.bed
Estimating LD Score.
Writing LD Scores for 286945 SNPs to /data/sbcs/GuoLab/backup/liq17/CRC_TF_TWAS_zhishan2024/NC_revision_OceanCode/v2_NC_revision//84Tracks//ldscores_sim1000//15.l2.ldscore.gz

Summary of LD Scores in /data/sbcs/GuoLab/backup/liq17/CRC_TF_TWAS_zhishan2024/NC_revision_OceanCode/v2_NC_revision//84Tracks//ldscores_sim1000//15.l2.ldscore.gz
         MAF  SIM1L2  SIM2L2  SIM3L2  SIM4L2  SIM5L2  SIM6L2  SIM7L2  SIM8L2  SIM9L2  SIM10L2  SIM11L2  SIM12L2  SIM13L2  SIM14L2  SIM15L2  SIM16L2  SIM17L2  SIM18L2  SIM19L2  SIM20L2  SIM21L2  SIM22L2  SIM23L2  SIM24L2  SIM25L2  SIM26L2  SIM27L2  SIM28L2  SIM29L2  SIM30L2  SIM31L2  SIM32L2  SIM33L2  SIM34L2  SIM35L2  SIM36L2  SIM37L2  SIM38L2  SIM39L2  SIM40L2  SIM41L2  SIM42L2  SIM43L2  SIM44L2  SIM45L2  SIM46L2  SIM47L2  SIM48L2  SIM49L2  SIM50L2
mean  0.1468  0.0035  0.0026  0.0057  0.0054  0.0079  0.0056  0.0055  0.0060  0.0053   0.0048   0.0062   0.0042   0.0075   0.0048   0.0046   0.0055   0.0047   0.0024   0.0045   0.0090   0.0094   0.0069   0.0082   0.0055   0.0037   0.0074   0.0067   0.0049   0.0062   0.0075   0.0076   0.0064   0.0062   0.0054   0.0055   0.0081   0.0062   0.0049   0.0032   0.0043   0.0038   0.0055   0.0063   0.0063   0.0062   0.0065   0.0046   0.0062   0.0061   0.0086
std   0.1499  0.0414  0.0319  0.0594  0.0576  0.0754  0.0591  0.0586  0.0571  0.0546   0.0532   0.0586   0.0500   0.0678   0.0515   0.0525   0.0585   0.0527   0.0366   0.0526   0.0722   0.0732   0.0710   0.0712   0.0543   0.0458   0.0652   0.0636   0.0516   0.0602   0.0672   0.0652   0.0625   0.0604   0.0532   0.0581   0.0701   0.0642   0.0515   0.0422   0.0474   0.0433   0.0563   0.0600   0.0574   0.0599   0.0652   0.0531   0.0632   0.0587   0.0737
min   0.0051 -0.0041 -0.0021 -0.0021 -0.0021 -0.0050 -0.0041 -0.0038 -0.0050 -0.0040  -0.0041  -0.0041  -0.0040  -0.0040  -0.0055  -0.0021  -0.0021  -0.0051  -0.0041  -0.0041  -0.0056  -0.0041  -0.0041  -0.0041  -0.0041  -0.0041  -0.0058  -0.0035  -0.0038  -0.0041  -0.0041  -0.0041  -0.0041  -0.0040  -0.0041  -0.0041  -0.0040  -0.0060  -0.0037  -0.0041  -0.0041  -0.0041  -0.0053  -0.0040  -0.0021  -0.0041  -0.0041  -0.0041  -0.0040  -0.0037  -0.0041
25%   0.0174  0.0000  0.0000  0.0000  0.0000  0.0000  0.0000  0.0000  0.0000  0.0000   0.0000   0.0000   0.0000   0.0000   0.0000   0.0000   0.0000   0.0000   0.0000   0.0000   0.0000   0.0000   0.0000   0.0000   0.0000   0.0000   0.0000   0.0000   0.0000   0.0000   0.0000   0.0000   0.0000   0.0000   0.0000   0.0000   0.0000   0.0000   0.0000   0.0000   0.0000   0.0000   0.0000   0.0000   0.0000   0.0000   0.0000   0.0000   0.0000   0.0000   0.0000
50%   0.0828  0.0000  0.0000  0.0000  0.0000  0.0000  0.0000  0.0000  0.0000  0.0000   0.0000   0.0000   0.0000   0.0000   0.0000   0.0000   0.0000   0.0000   0.0000   0.0000   0.0000   0.0000   0.0000   0.0000   0.0000   0.0000   0.0000   0.0000   0.0000   0.0000   0.0000   0.0000   0.0000   0.0000   0.0000   0.0000   0.0000   0.0000   0.0000   0.0000   0.0000   0.0000   0.0000   0.0000   0.0000   0.0000   0.0000   0.0000   0.0000   0.0000   0.0000
75%   0.2536  0.0000  0.0000  0.0000  0.0000  0.0000  0.0000  0.0000  0.0000  0.0000   0.0000   0.0000   0.0000   0.0000   0.0000   0.0000   0.0000   0.0000   0.0000   0.0000   0.0000   0.0000   0.0000   0.0000   0.0000   0.0000   0.0000   0.0000   0.0000   0.0000   0.0000   0.0000   0.0000   0.0000   0.0000   0.0000   0.0000   0.0000   0.0000   0.0000   0.0000   0.0000   0.0000   0.0000   0.0000   0.0000   0.0000   0.0000   0.0000   0.0000   0.0000
max   0.5000  1.0000  1.0000  1.0000  1.0000  1.5554  1.8542  1.0000  1.0365  1.0000   1.0000   1.1434   1.0007   1.0331   1.0025   1.0000   1.0000   1.1472   1.0018   1.9446   1.0000   1.0399   1.8583   1.0074   1.0450   1.0000   1.2095   1.0000   1.0478   1.0298   1.0000   1.0050   1.0704   1.0000   1.0022   1.5811   1.0160   1.0216   1.0000   1.0184   1.0078   1.0012   1.0245   1.0056   1.0000   1.0611   1.4157   1.0000   1.0134   1.0000   1.4927

MAF/LD Score Correlation Matrix
            MAF      SIM1L2  SIM2L2  SIM3L2  SIM4L2  SIM5L2      SIM6L2  SIM7L2  SIM8L2  SIM9L2  SIM10L2  SIM11L2  SIM12L2     SIM13L2  SIM14L2  SIM15L2  SIM16L2  SIM17L2  SIM18L2  SIM19L2  SIM20L2  SIM21L2  SIM22L2     SIM23L2  SIM24L2  SIM25L2  SIM26L2  SIM27L2  SIM28L2  SIM29L2  SIM30L2  SIM31L2  SIM32L2  SIM33L2  SIM34L2  SIM35L2  SIM36L2  SIM37L2  SIM38L2  SIM39L2  SIM40L2  SIM41L2  SIM42L2  SIM43L2  SIM44L2  SIM45L2  SIM46L2  SIM47L2  SIM48L2  SIM49L2  SIM50L2
MAF      1.0000  3.6354e-02  0.0566  0.0092  0.0231  0.0076  1.3639e-02  0.0415  0.0489  0.0705   0.0102   0.0619   0.0340  4.3248e-03   0.0122   0.0300   0.0580   0.0799   0.0215   0.0260   0.0651   0.0619   0.0600  5.9198e-02   0.0572   0.0254   0.0337   0.0568   0.0605   0.0121   0.0626   0.0584   0.0287   0.0311   0.0756   0.0400   0.0736   0.0613   0.0288   0.0399   0.0262   0.0476   0.0333   0.0609   0.0699   0.0402   0.0184   0.0197   0.0628   0.0519   0.0405
SIM1L2   0.0364  1.0000e+00  0.0320  0.1054  0.0249  0.0079  1.2028e-02 -0.0024 -0.0087 -0.0022  -0.0046  -0.0081  -0.0070 -1.1730e-04   0.0019  -0.0057  -0.0059  -0.0057  -0.0053  -0.0070   0.0844   0.0107  -0.0048 -6.3520e-05  -0.0080   0.0737  -0.0038  -0.0086   0.0296   0.0140   0.0971   0.0099  -0.0083   0.1061  -0.0017  -0.0039  -0.0084  -0.0080   0.0478  -0.0007   0.0947  -0.0073   0.0050  -0.0072   0.0436  -0.0016  -0.0053   0.0457   0.0383   0.0014   0.0002
SIM2L2   0.0566  3.1955e-02  1.0000  0.0190 -0.0030 -0.0028 -5.1664e-03 -0.0031 -0.0079 -0.0069  -0.0060   0.0358  -0.0053  5.3838e-03  -0.0046  -0.0071  -0.0071  -0.0071  -0.0040  -0.0064   0.0178  -0.0056   0.0008 -9.1274e-03  -0.0072  -0.0003   0.1271   0.0086   0.0457  -0.0061   0.0167  -0.0092  -0.0074   0.0180  -0.0081   0.0419  -0.0003  -0.0078  -0.0077  -0.0056  -0.0074  -0.0069   0.0379  -0.0080   0.0109  -0.0083  -0.0080  -0.0071   0.0019   0.0823  -0.0060
SIM3L2   0.0092  1.0539e-01  0.0190  1.0000  0.0027 -0.0097  2.2354e-03  0.2235  0.0253  0.0006  -0.0085  -0.0074   0.0060 -4.8303e-03   0.0077  -0.0057  -0.0073  -0.0083  -0.0058  -0.0076   0.0598   0.0316   0.0003 -6.8897e-03   0.0948   0.0362  -0.0097   0.0097   0.0203   0.0098   0.1066   0.0017  -0.0089   0.0763   0.0052   0.0221  -0.0044   0.0184   0.0877  -0.0057   0.0009   0.0198   0.0012  -0.0098   0.0330  -0.0099   0.0068  -0.0071  -0.0092  -0.0029  -0.0087
SIM4L2   0.0231  2.4905e-02 -0.0030  0.0027  1.0000 -0.0089  1.7901e-01 -0.0083  0.0052 -0.0079   0.1053   0.0045  -0.0064 -1.8578e-03  -0.0086  -0.0060  -0.0023   0.0126   0.0301  -0.0074   0.0036   0.0304  -0.0085 -1.0281e-02  -0.0069  -0.0053   0.0857  -0.0092   0.0414   0.0183   0.0039   0.0276   0.0174   0.1689  -0.0096   0.0864  -0.0103  -0.0086   0.0781  -0.0068   0.0069  -0.0081   0.1273  -0.0099   0.0203  -0.0054   0.0480  -0.0064  -0.0095   0.0005   0.1110
SIM5L2   0.0076  7.9198e-03 -0.0028 -0.0097 -0.0089  1.0000 -9.2301e-03  0.0114 -0.0068  0.0078  -0.0080   0.0146  -0.0058  1.3815e-01   0.1324  -0.0079  -0.0030   0.0189  -0.0070  -0.0087   0.0335   0.1452  -0.0002  2.5271e-01  -0.0084  -0.0084   0.0303  -0.0074   0.0017  -0.0054   0.0484   0.0184  -0.0103   0.0049   0.0192  -0.0023  -0.0073  -0.0061  -0.0047   0.0017  -0.0051  -0.0089  -0.0082  -0.0101  -0.0052  -0.0049  -0.0089   0.1578  -0.0034  -0.0103  -0.0069
SIM6L2   0.0136  1.2028e-02 -0.0052  0.0022  0.1790 -0.0092  1.0000e+00 -0.0019  0.0028 -0.0075  -0.0084  -0.0100  -0.0027 -4.7481e-05  -0.0080  -0.0083  -0.0063  -0.0084  -0.0012   0.0388  -0.0069  -0.0107   0.0223 -9.8210e-03  -0.0058  -0.0051   0.0495   0.0323   0.0169   0.1269   0.0119   0.0319   0.0154   0.1645  -0.0089  -0.0088   0.0488  -0.0048   0.0146  -0.0031   0.0008   0.0568   0.0182   0.0673  -0.0076  -0.0094   0.0144  -0.0035  -0.0066  -0.0094   0.0194
SIM7L2   0.0415 -2.4363e-03 -0.0031  0.2235 -0.0083  0.0114 -1.9153e-03  1.0000  0.0002  0.0079  -0.0064   0.0081   0.0279 -7.6871e-03  -0.0046  -0.0035  -0.0007  -0.0084  -0.0053   0.0074   0.0278  -0.0025   0.0932 -1.0645e-02   0.1106   0.0081   0.0284   0.0209  -0.0077  -0.0063  -0.0068  -0.0087  -0.0095  -0.0082   0.0159   0.0580   0.1114  -0.0055   0.0963  -0.0065  -0.0046  -0.0058  -0.0092  -0.0057   0.0762   0.0047  -0.0066  -0.0023  -0.0054  -0.0082  -0.0068
SIM8L2   0.0489 -8.6747e-03 -0.0079  0.0253  0.0052 -0.0068  2.7822e-03  0.0002  1.0000 -0.0061  -0.0087   0.0215  -0.0066  5.2049e-02  -0.0099  -0.0090  -0.0092   0.0705  -0.0065  -0.0044   0.0066   0.1137   0.0002 -3.7288e-03  -0.0020   0.1415  -0.0076  -0.0091  -0.0075  -0.0108  -0.0067   0.0060  -0.0043   0.0170   0.0343  -0.0099  -0.0108   0.0128   0.0060  -0.0069   0.0099   0.0158  -0.0093   0.0861   0.0879  -0.0058  -0.0053   0.0037  -0.0089  -0.0080   0.0414
SIM9L2   0.0705 -2.2314e-03 -0.0069  0.0006 -0.0079  0.0078 -7.4886e-03  0.0079 -0.0061  1.0000  -0.0077  -0.0056  -0.0049 -7.7055e-03   0.0478  -0.0073  -0.0088  -0.0065  -0.0065  -0.0022   0.0020   0.1461  -0.0029  7.8593e-03  -0.0011   0.0057  -0.0094  -0.0024  -0.0033  -0.0085  -0.0098   0.0391   0.0214  -0.0087  -0.0054   0.0002  -0.0079  -0.0075  -0.0090   0.0317   0.0331  -0.0074  -0.0054   0.0200  -0.0091  -0.0064  -0.0096   0.0179  -0.0085  -0.0100   0.0422
SIM10L2  0.0102 -4.6237e-03 -0.0060 -0.0085  0.1053 -0.0080 -8.4288e-03 -0.0064 -0.0087 -0.0077   1.0000  -0.0004  -0.0071  2.0757e-01  -0.0082  -0.0040   0.0224  -0.0059   0.0078   0.0060  -0.0074  -0.0073  -0.0056 -7.0285e-03  -0.0081  -0.0070   0.0937   0.2131  -0.0065   0.0294  -0.0023  -0.0035  -0.0083  -0.0076  -0.0060   0.0989  -0.0017   0.0025  -0.0078  -0.0066   0.0106  -0.0060  -0.0085   0.0303  -0.0099   0.0266   0.0441  -0.0052   0.0070  -0.0090  -0.0096
SIM11L2  0.0619 -8.0582e-03  0.0358 -0.0074  0.0045  0.0146 -1.0047e-02  0.0081  0.0215 -0.0056  -0.0004   1.0000   0.0077 -3.3782e-03   0.0006   0.0086  -0.0095   0.0986   0.1666  -0.0089   0.0040  -0.0114  -0.0053  4.6322e-02  -0.0049  -0.0010  -0.0043   0.0532   0.0400  -0.0109  -0.0049  -0.0120   0.1305   0.0461   0.0988   0.0051  -0.0011  -0.0079   0.0008  -0.0074  -0.0089  -0.0075  -0.0093   0.0017   0.0043   0.0074   0.0159  -0.0085   0.0089   0.0104   0.0019
SIM12L2  0.0340 -7.0159e-03 -0.0053  0.0060 -0.0064 -0.0058 -2.7304e-03  0.0279 -0.0066 -0.0049  -0.0071   0.0077   1.0000 -9.1599e-03   0.1101   0.0008  -0.0078  -0.0052  -0.0033   0.0099   0.0085   0.0410   0.0297  2.3981e-02  -0.0032   0.0023  -0.0096   0.0762   0.0321   0.0547  -0.0048  -0.0027   0.0133   0.0042  -0.0039   0.0804   0.0362   0.0196   0.0079  -0.0035  -0.0030  -0.0038   0.0070  -0.0010   0.0656  -0.0057   0.0402  -0.0071   0.0236   0.0613   0.0242
SIM13L2  0.0043 -1.1730e-04  0.0054 -0.0048 -0.0019  0.1381 -4.7481e-05 -0.0077  0.0520 -0.0077   0.2076  -0.0034  -0.0092  1.0000e+00  -0.0069   0.0021   0.0072   0.0219  -0.0047  -0.0076   0.0179  -0.0048  -0.0086  6.7562e-02   0.0069  -0.0088  -0.0077   0.1641  -0.0052   0.0359  -0.0111  -0.0122  -0.0094   0.1281  -0.0081   0.0250  -0.0023   0.0311   0.0006  -0.0071   0.0281   0.0065  -0.0089   0.0555  -0.0100   0.0052  -0.0086  -0.0095  -0.0083   0.0716   0.0559
SIM14L2  0.0122  1.8737e-03 -0.0046  0.0077 -0.0086  0.1324 -7.9684e-03 -0.0046 -0.0099  0.0478  -0.0082   0.0006   0.1101 -6.9127e-03   1.0000   0.0013   0.0060  -0.0084  -0.0022  -0.0075   0.0501   0.0048  -0.0062 -1.0556e-02  -0.0002   0.0660   0.0229   0.0075   0.0721  -0.0077   0.0489   0.0091  -0.0096   0.0880  -0.0071  -0.0065   0.0150   0.0340  -0.0079   0.0896  -0.0087   0.0011  -0.0062   0.0672   0.0017  -0.0084  -0.0091   0.2244  -0.0070  -0.0067  -0.0074
SIM15L2  0.0300 -5.6833e-03 -0.0071 -0.0057 -0.0060 -0.0079 -8.2964e-03 -0.0035 -0.0090 -0.0073  -0.0040   0.0086   0.0008  2.0701e-03   0.0013   1.0000   0.0191   0.0103  -0.0057  -0.0053   0.0258  -0.0097  -0.0060 -2.8450e-03   0.0118  -0.0071  -0.0071  -0.0025  -0.0053  -0.0082   0.0010  -0.0081  -0.0071  -0.0060   0.0089  -0.0005   0.0198   0.0698  -0.0083  -0.0042  -0.0067  -0.0071   0.0050   0.1171  -0.0083   0.0087   0.0297  -0.0046  -0.0082   0.0030   0.0159
SIM16L2  0.0580 -5.9053e-03 -0.0071 -0.0073 -0.0023 -0.0030 -6.2795e-03 -0.0007 -0.0092 -0.0088   0.0224  -0.0095  -0.0078  7.2364e-03   0.0060   0.0191   1.0000   0.0187  -0.0063   0.0150  -0.0104   0.0226  -0.0018 -2.7413e-03   0.0023  -0.0076  -0.0072   0.0067   0.0488  -0.0003  -0.0020  -0.0005  -0.0086  -0.0058  -0.0025   0.0313   0.0649  -0.0092   0.0106   0.0100  -0.0018   0.1180  -0.0093  -0.0093   0.0142   0.0522   0.0113   0.0631   0.1018  -0.0094   0.0189
SIM17L2  0.0799 -5.6615e-03 -0.0071 -0.0083  0.0126  0.0189 -8.3806e-03 -0.0084  0.0705 -0.0065  -0.0059   0.0986  -0.0052  2.1902e-02  -0.0084   0.0103   0.0187   1.0000   0.1553  -0.0075  -0.0097   0.0017  -0.0085 -1.0231e-02  -0.0057  -0.0072  -0.0077  -0.0049  -0.0038   0.0036   0.1927  -0.0089   0.0934  -0.0013   0.0324  -0.0062  -0.0103   0.0078   0.0270  -0.0068  -0.0075  -0.0051   0.0181  -0.0068  -0.0098   0.0094  -0.0062  -0.0064  -0.0074  -0.0091   0.0126
SIM18L2  0.0215 -5.3285e-03 -0.0040 -0.0058  0.0301 -0.0070 -1.1767e-03 -0.0053 -0.0065 -0.0065   0.0078   0.1666  -0.0033 -4.6731e-03  -0.0022  -0.0057  -0.0063   0.1553   1.0000   0.0238  -0.0036  -0.0087   0.0039 -7.6799e-03   0.0177  -0.0005   0.0205  -0.0070  -0.0051  -0.0056  -0.0048   0.0147   0.1950  -0.0023  -0.0064  -0.0063   0.0019  -0.0044   0.1096   0.0136  -0.0064  -0.0054  -0.0053  -0.0007  -0.0026  -0.0069  -0.0061   0.0374  -0.0065  -0.0067  -0.0045
SIM19L2  0.0260 -7.0207e-03 -0.0064 -0.0076 -0.0074 -0.0087  3.8791e-02  0.0074 -0.0044 -0.0022   0.0060  -0.0089   0.0099 -7.5832e-03  -0.0075  -0.0053   0.0150  -0.0075   0.0238   1.0000   0.0080   0.0105  -0.0078  3.1964e-02   0.0487  -0.0069   0.0247  -0.0032  -0.0073  -0.0086   0.0535  -0.0095   0.0417  -0.0066  -0.0079  -0.0065  -0.0072   0.0768  -0.0079   0.0163  -0.0077  -0.0037  -0.0046   0.0519  -0.0065   0.0513  -0.0068   0.0318  -0.0084  -0.0014  -0.0095
SIM20L2  0.0651  8.4393e-02  0.0178  0.0598  0.0036  0.0335 -6.8829e-03  0.0278  0.0066  0.0020  -0.0074   0.0040   0.0085  1.7909e-02   0.0501   0.0258  -0.0104  -0.0097  -0.0036   0.0080   1.0000   0.0103   0.0179  1.3607e-02   0.1275  -0.0024  -0.0117  -0.0107   0.0055   0.0162   0.1440  -0.0048   0.0299   0.0736   0.0548  -0.0108   0.0767  -0.0064  -0.0114  -0.0050  -0.0091   0.0381  -0.0019  -0.0125   0.0574   0.0145  -0.0080   0.0589  -0.0122   0.0070   0.0264
SIM21L2  0.0619  1.0745e-02 -0.0056  0.0316  0.0304  0.1452 -1.0696e-02 -0.0025  0.1137  0.1461  -0.0073  -0.0114   0.0410 -4.8433e-03   0.0048  -0.0097   0.0226   0.0017  -0.0087   0.0105   0.0103   1.0000  -0.0125  7.1227e-03  -0.0045   0.0161  -0.0094  -0.0065   0.0325  -0.0015   0.0036   0.0010   0.0319   0.0117  -0.0114  -0.0121  -0.0023  -0.0091  -0.0012  -0.0088  -0.0051   0.0289   0.0312  -0.0048   0.0316  -0.0091   0.0604  -0.0036   0.0052   0.0069   0.0222
SIM22L2  0.0600 -4.7831e-03  0.0008  0.0003 -0.0085 -0.0002  2.2300e-02  0.0932  0.0002 -0.0029  -0.0056  -0.0053   0.0297 -8.6258e-03  -0.0062  -0.0060  -0.0018  -0.0085   0.0039  -0.0078   0.0179  -0.0125   1.0000  5.1409e-03   0.0783   0.1177   0.0953  -0.0082   0.1576  -0.0037  -0.0102   0.1100  -0.0100   0.0021   0.0400   0.0213   0.0597  -0.0048  -0.0083   0.2106   0.0453   0.0142  -0.0086   0.0154   0.0645  -0.0092   0.0785  -0.0084   0.0733   0.0039   0.0715
SIM23L2  0.0592 -6.3520e-05 -0.0091 -0.0069 -0.0103  0.2527 -9.8210e-03 -0.0106 -0.0037  0.0079  -0.0070   0.0463   0.0240  6.7562e-02  -0.0106  -0.0028  -0.0027  -0.0102  -0.0077   0.0320   0.0136   0.0071   0.0051  1.0000e+00  -0.0047  -0.0087  -0.0087  -0.0112   0.0487  -0.0045  -0.0096   0.0656   0.0073   0.0485  -0.0105   0.0113  -0.0115   0.1618  -0.0006  -0.0082   0.0209   0.0682  -0.0109  -0.0068   0.0073  -0.0057   0.0277   0.0083   0.2025   0.0038   0.0211
SIM24L2  0.0572 -8.0268e-03 -0.0072  0.0948 -0.0069 -0.0084 -5.7808e-03  0.1106 -0.0020 -0.0011  -0.0081  -0.0049  -0.0032  6.9091e-03  -0.0002   0.0118   0.0023  -0.0057   0.0177   0.0487   0.1275  -0.0045   0.0783 -4.7389e-03   1.0000   0.0160   0.0062  -0.0065  -0.0082   0.0479  -0.0099  -0.0026   0.0086  -0.0056   0.0120   0.0113   0.0934   0.0055  -0.0091  -0.0076  -0.0019   0.0106  -0.0040   0.0135   0.0403  -0.0103  -0.0079   0.0079  -0.0091  -0.0005  -0.0075
SIM25L2  0.0254  7.3691e-02 -0.0003  0.0362 -0.0053 -0.0084 -5.1286e-03  0.0081  0.1415  0.0057  -0.0070  -0.0010   0.0023 -8.7917e-03   0.0660  -0.0071  -0.0076  -0.0072  -0.0005  -0.0069  -0.0024   0.0161   0.1177 -8.7274e-03   0.0160   1.0000   0.1504  -0.0080   0.1286   0.0036  -0.0090  -0.0019   0.0386   0.0511   0.0308   0.0035  -0.0016   0.0212   0.0394  -0.0060  -0.0067  -0.0019  -0.0078  -0.0018   0.0174  -0.0076  -0.0049   0.0040  -0.0075   0.0007  -0.0049
SIM26L2  0.0337 -3.7638e-03  0.1271 -0.0097  0.0857  0.0303  4.9488e-02  0.0284 -0.0076 -0.0094   0.0937  -0.0043  -0.0096 -7.7351e-03   0.0229  -0.0071  -0.0072  -0.0077   0.0205   0.0247  -0.0117  -0.0094   0.0953 -8.7232e-03   0.0062   0.1504   1.0000   0.0533   0.0831  -0.0026  -0.0118   0.0269   0.0038   0.0289   0.0272  -0.0090  -0.0076  -0.0080   0.0086  -0.0075  -0.0094   0.0162   0.0103  -0.0106  -0.0091  -0.0114   0.0207   0.0121  -0.0031   0.0983  -0.0093
SIM27L2  0.0568 -8.5713e-03  0.0086  0.0097 -0.0092 -0.0074  3.2294e-02  0.0209 -0.0091 -0.0024   0.2131   0.0532   0.0762  1.6406e-01   0.0075  -0.0025   0.0067  -0.0049  -0.0070  -0.0032  -0.0107  -0.0065  -0.0082 -1.1218e-02  -0.0065  -0.0080   0.0533   1.0000  -0.0099  -0.0051   0.0498   0.0132  -0.0036  -0.0082   0.0925  -0.0017   0.0304  -0.0099   0.0157   0.0458   0.0083   0.0168   0.0211   0.0109  -0.0029  -0.0071  -0.0065  -0.0091  -0.0102  -0.0090  -0.0080
SIM28L2  0.0605  2.9586e-02  0.0457  0.0203  0.0414  0.0017  1.6883e-02 -0.0077 -0.0075 -0.0033  -0.0065   0.0400   0.0321 -5.2229e-03   0.0721  -0.0053   0.0488  -0.0038  -0.0051  -0.0073   0.0055   0.0325   0.1576  4.8654e-02  -0.0082   0.1286   0.0831  -0.0099   1.0000  -0.0037  -0.0105   0.0278  -0.0061   0.0297  -0.0050  -0.0067  -0.0075  -0.0094   0.0471   0.1019   0.0122   0.0577  -0.0092  -0.0054  -0.0087   0.0097   0.0510   0.0089  -0.0083  -0.0096   0.0622
SIM29L2  0.0121  1.3988e-02 -0.0061  0.0098  0.0183 -0.0054  1.2688e-01 -0.0063 -0.0108 -0.0085   0.0294  -0.0109   0.0547  3.5883e-02  -0.0077  -0.0082  -0.0003   0.0036  -0.0056  -0.0086   0.0162  -0.0015  -0.0037 -4.5497e-03   0.0479   0.0036  -0.0026  -0.0051  -0.0037   1.0000   0.0081  -0.0052   0.0153   0.0187  -0.0026   0.0637  -0.0004   0.0588  -0.0078  -0.0020   0.0493   0.0060  -0.0048   0.0519  -0.0086   0.0508   0.1856  -0.0059   0.0051   0.0007   0.0238
SIM30L2  0.0626  9.7083e-02  0.0167  0.1066  0.0039  0.0484  1.1908e-02 -0.0068 -0.0067 -0.0098  -0.0023  -0.0049  -0.0048 -1.1054e-02   0.0489   0.0010  -0.0020   0.1927  -0.0048   0.0535   0.1440   0.0036  -0.0102 -9.6348e-03  -0.0099  -0.0090  -0.0118   0.0498  -0.0105   0.0081   1.0000   0.0089  -0.0112   0.0651   0.0244  -0.0087  -0.0066   0.0580  -0.0095   0.0044  -0.0094   0.0515   0.0087   0.0261   0.0343   0.0429   0.0015   0.0096  -0.0041  -0.0097  -0.0085
SIM31L2  0.0584  9.8599e-03 -0.0092  0.0017  0.0276  0.0184  3.1942e-02 -0.0087  0.0060  0.0391  -0.0035  -0.0120  -0.0027 -1.2175e-02   0.0091  -0.0081  -0.0005  -0.0089   0.0147  -0.0095  -0.0048   0.0010   0.1100  6.5566e-02  -0.0026  -0.0019   0.0269   0.0132   0.0278  -0.0052   0.0089   1.0000  -0.0060   0.0767   0.0076  -0.0083   0.0244  -0.0034   0.0101   0.0451   0.0288  -0.0095   0.1165   0.0501  -0.0108   0.0154  -0.0098   0.0067   0.1050   0.0028   0.0250
SIM32L2  0.0287 -8.3478e-03 -0.0074 -0.0089  0.0174 -0.0103  1.5379e-02 -0.0095 -0.0043  0.0214  -0.0083   0.1305   0.0133 -9.4110e-03  -0.0096  -0.0071  -0.0086   0.0934   0.1950   0.0417   0.0299   0.0319  -0.0100  7.3435e-03   0.0086   0.0386   0.0038  -0.0036  -0.0061   0.0153  -0.0112  -0.0060   1.0000  -0.0081  -0.0097   0.0193   0.0713  -0.0094   0.0710   0.0415  -0.0035  -0.0079  -0.0042  -0.0071  -0.0101  -0.0100  -0.0096   0.0281   0.0330  -0.0098  -0.0024
SIM33L2  0.0311  1.0615e-01  0.0180  0.0763  0.1689  0.0049  1.6452e-01 -0.0082  0.0170 -0.0087  -0.0076   0.0461   0.0042  1.2813e-01   0.0880  -0.0060  -0.0058  -0.0013  -0.0023  -0.0066   0.0736   0.0117   0.0021  4.8450e-02  -0.0056   0.0511   0.0289  -0.0082   0.0297   0.0187   0.0651   0.0767  -0.0081   1.0000  -0.0057   0.0068   0.0040  -0.0098  -0.0097  -0.0050  -0.0091  -0.0003   0.0584  -0.0104   0.0387  -0.0057  -0.0023  -0.0069   0.0117   0.0055  -0.0005
SIM34L2  0.0756 -1.6813e-03 -0.0081  0.0052 -0.0096  0.0192 -8.9321e-03  0.0159  0.0343 -0.0054  -0.0060   0.0988  -0.0039 -8.1323e-03  -0.0071   0.0089  -0.0025   0.0324  -0.0064  -0.0079   0.0548  -0.0114   0.0400 -1.0539e-02   0.0120   0.0308   0.0272   0.0925  -0.0050  -0.0026   0.0244   0.0076  -0.0097  -0.0057   1.0000  -0.0018   0.0658  -0.0020  -0.0063  -0.0012  -0.0068   0.0252  -0.0095   0.0067   0.0846   0.0043  -0.0022  -0.0057   0.0013   0.0023   0.0743
SIM35L2  0.0400 -3.8568e-03  0.0419  0.0221  0.0864 -0.0023 -8.7962e-03  0.0580 -0.0099  0.0002   0.0989   0.0051   0.0804  2.5024e-02  -0.0065  -0.0005   0.0313  -0.0062  -0.0063  -0.0065  -0.0108  -0.0121   0.0213  1.1349e-02   0.0113   0.0035  -0.0090  -0.0017  -0.0067   0.0637  -0.0087  -0.0083   0.0193   0.0068  -0.0018   1.0000  -0.0092   0.0417  -0.0058   0.0010  -0.0074   0.0389  -0.0040  -0.0098   0.1302  -0.0098   0.0014  -0.0083   0.0016   0.1704   0.0141
SIM36L2  0.0736 -8.4297e-03 -0.0003 -0.0044 -0.0103 -0.0073  4.8762e-02  0.1114 -0.0108 -0.0079  -0.0017  -0.0011   0.0362 -2.2960e-03   0.0150   0.0198   0.0649  -0.0103   0.0019  -0.0072   0.0767  -0.0023   0.0597 -1.1499e-02   0.0934  -0.0016  -0.0076   0.0304  -0.0075  -0.0004  -0.0066   0.0244   0.0713   0.0040   0.0658  -0.0092   1.0000   0.0903  -0.0087   0.0009  -0.0102  -0.0101  -0.0064   0.0853   0.0201   0.0094  -0.0104  -0.0084   0.0610   0.0016   0.0561
SIM37L2  0.0613 -8.0328e-03 -0.0078  0.0184 -0.0086 -0.0061 -4.8361e-03 -0.0055  0.0128 -0.0075   0.0025  -0.0079   0.0196  3.1071e-02   0.0340   0.0698  -0.0092   0.0078  -0.0044   0.0768  -0.0064  -0.0091  -0.0048  1.6177e-01   0.0055   0.0212  -0.0080  -0.0099  -0.0094   0.0588   0.0580  -0.0034  -0.0094  -0.0098  -0.0020   0.0417   0.0903   1.0000   0.0485  -0.0067  -0.0089  -0.0051   0.0070  -0.0102  -0.0064   0.0472   0.0220  -0.0039   0.1884  -0.0100   0.0023
SIM38L2  0.0288  4.7829e-02 -0.0077  0.0877  0.0781 -0.0047  1.4647e-02  0.0963  0.0060 -0.0090  -0.0078   0.0008   0.0079  5.7319e-04  -0.0079  -0.0083   0.0106   0.0270   0.1096  -0.0079  -0.0114  -0.0012  -0.0083 -6.4263e-04  -0.0091   0.0394   0.0086   0.0157   0.0471  -0.0078  -0.0095   0.0101   0.0710  -0.0097  -0.0063  -0.0058  -0.0087   0.0485   1.0000  -0.0070   0.0041   0.0241  -0.0087   0.0758  -0.0093   0.0137   0.0415   0.0405   0.0242  -0.0090   0.1903
SIM39L2  0.0399 -6.7563e-04 -0.0056 -0.0057 -0.0068  0.0017 -3.1452e-03 -0.0065 -0.0069  0.0317  -0.0066  -0.0074  -0.0035 -7.0897e-03   0.0896  -0.0042   0.0100  -0.0068   0.0136   0.0163  -0.0050  -0.0088   0.2106 -8.2399e-03  -0.0076  -0.0060  -0.0075   0.0458   0.1019  -0.0020   0.0044   0.0451   0.0415  -0.0050  -0.0012   0.0010   0.0009  -0.0067  -0.0070   1.0000   0.0259  -0.0053  -0.0036   0.0361   0.0904  -0.0064  -0.0008  -0.0038   0.0561   0.0009   0.0007
SIM40L2  0.0262  9.4685e-02 -0.0074  0.0009  0.0069 -0.0051  7.8984e-04 -0.0046  0.0099  0.0331   0.0106  -0.0089  -0.0030  2.8076e-02  -0.0087  -0.0067  -0.0018  -0.0075  -0.0064  -0.0077  -0.0091  -0.0051   0.0453  2.0874e-02  -0.0019  -0.0067  -0.0094   0.0083   0.0122   0.0493  -0.0094   0.0288  -0.0035  -0.0091  -0.0068  -0.0074  -0.0102  -0.0089   0.0041   0.0259   1.0000  -0.0016  -0.0072   0.0198  -0.0059   0.0886  -0.0091  -0.0021  -0.0059   0.0003   0.0304
SIM41L2  0.0476 -7.2804e-03 -0.0069  0.0198 -0.0081 -0.0089  5.6796e-02 -0.0058  0.0158 -0.0074  -0.0060  -0.0075  -0.0038  6.5435e-03   0.0011  -0.0071   0.1180  -0.0051  -0.0054  -0.0037   0.0381   0.0289   0.0142  6.8177e-02   0.0106  -0.0019   0.0162   0.0168   0.0577   0.0060   0.0515  -0.0095  -0.0079  -0.0003   0.0252   0.0389  -0.0101  -0.0051   0.0241  -0.0053  -0.0016   1.0000  -0.0048  -0.0084  -0.0073  -0.0015  -0.0017  -0.0064   0.0895  -0.0030  -0.0058
SIM42L2  0.0333  4.9736e-03  0.0379  0.0012  0.1273 -0.0082  1.8199e-02 -0.0092 -0.0093 -0.0054  -0.0085  -0.0093   0.0070 -8.9418e-03  -0.0062   0.0050  -0.0093   0.0181  -0.0053  -0.0046  -0.0019   0.0312  -0.0086 -1.0942e-02  -0.0040  -0.0078   0.0103   0.0211  -0.0092  -0.0048   0.0087   0.1165  -0.0042   0.0584  -0.0095  -0.0040  -0.0064   0.0070  -0.0087  -0.0036  -0.0072  -0.0048   1.0000  -0.0100   0.0315  -0.0081  -0.0063  -0.0030   0.0102   0.0015   0.0711
SIM43L2  0.0609 -7.2453e-03 -0.0080 -0.0098 -0.0099 -0.0101  6.7330e-02 -0.0057  0.0861  0.0200   0.0303   0.0017  -0.0010  5.5529e-02   0.0672   0.1171  -0.0093  -0.0068  -0.0007   0.0519  -0.0125  -0.0048   0.0154 -6.7905e-03   0.0135  -0.0018  -0.0106   0.0109  -0.0054   0.0519   0.0261   0.0501  -0.0071  -0.0104   0.0067  -0.0098   0.0853  -0.0102   0.0758   0.0361   0.0198  -0.0084  -0.0100   1.0000   0.0132  -0.0105   0.1030  -0.0088   0.0072  -0.0108   0.0474
SIM44L2  0.0699  4.3552e-02  0.0109  0.0330  0.0203 -0.0052 -7.5883e-03  0.0762  0.0879 -0.0091  -0.0099   0.0043   0.0656 -1.0035e-02   0.0017  -0.0083   0.0142  -0.0098  -0.0026  -0.0065   0.0574   0.0316   0.0645  7.3416e-03   0.0403   0.0174  -0.0091  -0.0029  -0.0087  -0.0086   0.0343  -0.0108  -0.0101   0.0387   0.0846   0.1302   0.0201  -0.0064  -0.0093   0.0904  -0.0059  -0.0073   0.0315   0.0132   1.0000  -0.0080   0.0212   0.0018   0.0193   0.1301   0.0035
SIM45L2  0.0402 -1.6024e-03 -0.0083 -0.0099 -0.0054 -0.0049 -9.3846e-03  0.0047 -0.0058 -0.0064   0.0266   0.0074  -0.0057  5.1974e-03  -0.0084   0.0087   0.0522   0.0094  -0.0069   0.0513   0.0145  -0.0091  -0.0092 -5.6626e-03  -0.0103  -0.0076  -0.0114  -0.0071   0.0097   0.0508   0.0429   0.0154  -0.0100  -0.0057   0.0043  -0.0098   0.0094   0.0472   0.0137  -0.0064   0.0886  -0.0015  -0.0081  -0.0105  -0.0080   1.0000  -0.0102   0.0149   0.0025   0.0915   0.1576
SIM46L2  0.0184 -5.2559e-03 -0.0080  0.0068  0.0480 -0.0089  1.4443e-02 -0.0066 -0.0053 -0.0096   0.0441   0.0159   0.0402 -8.5714e-03  -0.0091   0.0297   0.0113  -0.0062  -0.0061  -0.0068  -0.0080   0.0604   0.0785  2.7695e-02  -0.0079  -0.0049   0.0207  -0.0065   0.0510   0.1856   0.0015  -0.0098  -0.0096  -0.0023  -0.0022   0.0014  -0.0104   0.0220   0.0415  -0.0008  -0.0091  -0.0017  -0.0063   0.1030   0.0212  -0.0102   1.0000  -0.0051   0.1375   0.0032   0.1252
SIM47L2  0.0197  4.5731e-02 -0.0071 -0.0071 -0.0064  0.1578 -3.5126e-03 -0.0023  0.0037  0.0179  -0.0052  -0.0085  -0.0071 -9.5186e-03   0.2244  -0.0046   0.0631  -0.0064   0.0374   0.0318   0.0589  -0.0036  -0.0084  8.2681e-03   0.0079   0.0040   0.0121  -0.0091   0.0089  -0.0059   0.0096   0.0067   0.0281  -0.0069  -0.0057  -0.0083  -0.0084  -0.0039   0.0405  -0.0038  -0.0021  -0.0064  -0.0030  -0.0088   0.0018   0.0149  -0.0051   1.0000   0.0325  -0.0070  -0.0065
SIM48L2  0.0628  3.8340e-02  0.0019 -0.0092 -0.0095 -0.0034 -6.6403e-03 -0.0054 -0.0089 -0.0085   0.0070   0.0089   0.0236 -8.3440e-03  -0.0070  -0.0082   0.1018  -0.0074  -0.0065  -0.0084  -0.0122   0.0052   0.0733  2.0255e-01  -0.0091  -0.0075  -0.0031  -0.0102  -0.0083   0.0051  -0.0041   0.1050   0.0330   0.0117   0.0013   0.0016   0.0610   0.1884   0.0242   0.0561  -0.0059   0.0895   0.0102   0.0072   0.0193   0.0025   0.1375   0.0325   1.0000   0.0018   0.0824
SIM49L2  0.0519  1.4360e-03  0.0823 -0.0029  0.0005 -0.0103 -9.4356e-03 -0.0082 -0.0080 -0.0100  -0.0090   0.0104   0.0613  7.1650e-02  -0.0067   0.0030  -0.0094  -0.0091  -0.0067  -0.0014   0.0070   0.0069   0.0039  3.8480e-03  -0.0005   0.0007   0.0983  -0.0090  -0.0096   0.0007  -0.0097   0.0028  -0.0098   0.0055   0.0023   0.1704   0.0016  -0.0100  -0.0090   0.0009   0.0003  -0.0030   0.0015  -0.0108   0.1301   0.0915   0.0032  -0.0070   0.0018   1.0000  -0.0019
SIM50L2  0.0405  1.8837e-04 -0.0060 -0.0087  0.1110 -0.0069  1.9434e-02 -0.0068  0.0414  0.0422  -0.0096   0.0019   0.0242  5.5899e-02  -0.0074   0.0159   0.0189   0.0126  -0.0045  -0.0095   0.0264   0.0222   0.0715  2.1135e-02  -0.0075  -0.0049  -0.0093  -0.0080   0.0622   0.0238  -0.0085   0.0250  -0.0024  -0.0005   0.0743   0.0141   0.0561   0.0023   0.1903   0.0007   0.0304  -0.0058   0.0711   0.0474   0.0035   0.1576   0.1252  -0.0065   0.0824  -0.0019   1.0000

LD Score Matrix Condition Number
3.0831

Annotation Correlation Matrix
             SIM1        SIM2        SIM3        SIM4        SIM5        SIM6        SIM7        SIM8        SIM9       SIM10       SIM11       SIM12       SIM13       SIM14       SIM15       SIM16       SIM17       SIM18       SIM19       SIM20       SIM21       SIM22       SIM23       SIM24       SIM25       SIM26       SIM27       SIM28       SIM29       SIM30       SIM31       SIM32       SIM33       SIM34       SIM35       SIM36       SIM37       SIM38       SIM39       SIM40       SIM41       SIM42       SIM43       SIM44       SIM45       SIM46       SIM47       SIM48       SIM49       SIM50
SIM1   1.0000e+00 -7.9476e-05 -9.2344e-05 -8.8858e-05 -1.0663e-04 -9.2344e-05 -9.0618e-05 -1.0053e-04 -9.5704e-05 -9.2344e-05 -9.7340e-05 -8.5229e-05 -1.0514e-04 -9.4039e-05 -9.4039e-05 -8.8858e-05 -8.7063e-05 -7.3273e-05 -9.2344e-05 -1.1518e-04 -1.1099e-04 -1.0053e-04 -1.0053e-04 -1.0514e-04 -8.1439e-05  3.0150e-02 -9.5704e-05 -8.7063e-05 -1.0209e-04 -1.0053e-04 -1.0363e-04 -9.8949e-05 -9.7340e-05 -9.4039e-05 -9.4039e-05 -1.0663e-04 -9.4039e-05 -8.8858e-05 -8.7063e-05 -8.1439e-05 -9.8949e-05 -9.7340e-05 -9.7340e-05 -1.0209e-04 -9.5704e-05 -1.0053e-04 -9.5704e-05 -9.2344e-05 -9.8949e-05 -1.0209e-04
SIM2  -7.9476e-05  1.0000e+00 -8.0990e-05 -7.7933e-05 -9.3521e-05 -8.0990e-05 -7.9476e-05 -8.8172e-05 -8.3937e-05 -8.0990e-05 -8.5372e-05 -7.4750e-05 -9.2213e-05 -8.2477e-05 -8.2477e-05 -7.7933e-05 -7.6358e-05 -6.4264e-05 -8.0990e-05 -1.0102e-04 -9.7340e-05 -8.8172e-05 -8.8172e-05 -9.2213e-05 -7.1426e-05  3.4406e-02 -8.3937e-05 -7.6358e-05 -8.9539e-05 -8.8172e-05 -9.0886e-05 -8.6783e-05 -8.5372e-05 -8.2477e-05  4.2179e-02 -9.3521e-05 -8.2477e-05 -7.7933e-05 -7.6358e-05 -7.1426e-05 -8.6783e-05 -8.5372e-05 -8.5372e-05 -8.9539e-05 -8.3937e-05 -8.8172e-05 -8.3937e-05 -8.0990e-05 -8.6783e-05 -8.9539e-05
SIM3  -9.2344e-05 -8.0990e-05  1.0000e+00 -9.0551e-05 -1.0866e-04 -9.4104e-05 -9.2344e-05 -1.0245e-04 -9.7527e-05 -9.4104e-05 -9.9194e-05 -8.6853e-05 -1.0714e-04 -9.5831e-05 -9.5831e-05 -9.0551e-05 -8.8721e-05 -7.4669e-05 -9.4104e-05 -1.1737e-04 -1.1310e-04 -1.0245e-04 -1.0245e-04 -1.0714e-04 -8.2991e-05 -1.1737e-04 -9.7527e-05  3.9198e-02 -1.0404e-04 -1.0245e-04 -1.0560e-04 -1.0083e-04 -9.9194e-05 -9.5831e-05 -9.5831e-05 -1.0866e-04 -9.5831e-05 -9.0551e-05 -8.8721e-05 -8.2991e-05 -1.0083e-04 -9.9194e-05 -9.9194e-05 -1.0404e-04 -9.7527e-05 -1.0245e-04 -9.7527e-05 -9.4104e-05 -1.0083e-04 -1.0404e-04
SIM4  -8.8858e-05 -7.7933e-05 -9.0551e-05  1.0000e+00 -1.0456e-04 -9.0551e-05 -8.8858e-05  3.5260e-02 -9.3845e-05 -9.0551e-05 -9.5449e-05 -8.3574e-05 -1.0310e-04 -9.2213e-05 -9.2213e-05 -8.7132e-05 -8.5372e-05 -7.1850e-05 -9.0551e-05 -1.1294e-04 -1.0883e-04 -9.8580e-05 -9.8580e-05 -1.0310e-04 -7.9858e-05  3.0751e-02 -9.3845e-05 -8.5372e-05 -1.0011e-04 -9.8580e-05 -1.0161e-04 -9.7027e-05  3.6423e-02 -9.2213e-05 -9.2213e-05 -1.0456e-04 -9.2213e-05 -8.7132e-05 -8.5372e-05 -7.9858e-05 -9.7027e-05 -9.5449e-05 -9.5449e-05 -1.0011e-04 -9.3845e-05 -9.8580e-05 -9.3845e-05 -9.0551e-05 -9.7027e-05 -1.0011e-04
SIM5  -1.0663e-04 -9.3521e-05 -1.0866e-04 -1.0456e-04  1.0000e+00 -1.0866e-04 -1.0663e-04 -1.1830e-04 -1.1262e-04 -1.0866e-04 -1.1454e-04  3.4656e-02 -1.2372e-04  3.1390e-02 -1.1066e-04 -1.0456e-04 -1.0245e-04 -8.6222e-05 -1.0866e-04 -1.3553e-04 -1.3060e-04 -1.1830e-04 -1.1830e-04 -1.2372e-04 -9.5831e-05 -1.3553e-04 -1.1262e-04 -1.0245e-04 -1.2013e-04 -1.1830e-04 -1.2194e-04 -1.1644e-04  3.0318e-02 -1.1066e-04 -1.1066e-04 -1.2548e-04 -1.1066e-04 -1.0456e-04 -1.0245e-04 -9.5831e-05 -1.1644e-04 -1.1454e-04 -1.1454e-04 -1.2013e-04 -1.1262e-04 -1.1830e-04 -1.1262e-04 -1.0866e-04 -1.1644e-04 -1.2013e-04
SIM6  -9.2344e-05 -8.0990e-05 -9.4104e-05 -9.0551e-05 -1.0866e-04  1.0000e+00 -9.2344e-05 -1.0245e-04 -9.7527e-05 -9.4104e-05 -9.9194e-05 -8.6853e-05 -1.0714e-04 -9.5831e-05 -9.5831e-05 -9.0551e-05 -8.8721e-05 -7.4669e-05 -9.4104e-05 -1.1737e-04 -1.1310e-04  3.3922e-02 -1.0245e-04 -1.0714e-04 -8.2991e-05 -1.1737e-04 -9.7527e-05 -8.8721e-05 -1.0404e-04 -1.0245e-04 -1.0560e-04 -1.0083e-04 -9.9194e-05 -9.5831e-05 -9.5831e-05 -1.0866e-04 -9.5831e-05 -9.0551e-05 -8.8721e-05 -8.2991e-05 -1.0083e-04 -9.9194e-05 -9.9194e-05 -1.0404e-04 -9.7527e-05 -1.0245e-04 -9.7527e-05 -9.4104e-05 -1.0083e-04 -1.0404e-04
SIM7  -9.0618e-05 -7.9476e-05 -9.2344e-05 -8.8858e-05 -1.0663e-04 -9.2344e-05  1.0000e+00  3.4572e-02 -9.5704e-05 -9.2344e-05 -9.7340e-05 -8.5229e-05 -1.0514e-04 -9.4039e-05 -9.4039e-05 -8.8858e-05 -8.7063e-05 -7.3273e-05 -9.2344e-05 -1.1518e-04 -1.1099e-04 -1.0053e-04 -1.0053e-04 -1.0514e-04 -8.1439e-05 -1.1518e-04 -9.5704e-05 -8.7063e-05 -1.0209e-04 -1.0053e-04 -1.0363e-04 -9.8949e-05 -9.7340e-05 -9.4039e-05  3.6972e-02 -1.0663e-04 -9.4039e-05 -8.8858e-05 -8.7063e-05 -8.1439e-05 -9.8949e-05 -9.7340e-05 -9.7340e-05 -1.0209e-04 -9.5704e-05 -1.0053e-04 -9.5704e-05 -9.2344e-05 -9.8949e-05 -1.0209e-04
SIM8  -1.0053e-04 -8.8172e-05 -1.0245e-04  3.5260e-02 -1.1830e-04 -1.0245e-04  3.4572e-02  1.0000e+00 -1.0617e-04 -1.0245e-04 -1.0799e-04 -9.4554e-05 -1.1664e-04 -1.0433e-04 -1.0433e-04 -9.8580e-05 -9.6588e-05 -8.1290e-05 -1.0245e-04 -1.2778e-04 -1.2313e-04 -1.1153e-04 -1.1153e-04 -1.1664e-04 -9.0350e-05 -1.2778e-04 -1.0617e-04 -9.6588e-05 -1.1326e-04 -1.1153e-04 -1.1497e-04 -1.0978e-04 -1.0799e-04 -1.0433e-04 -1.0433e-04 -1.1830e-04 -1.0433e-04 -9.8580e-05 -9.6588e-05 -9.0350e-05 -1.0978e-04 -1.0799e-04 -1.0799e-04 -1.1326e-04 -1.0617e-04 -1.1153e-04 -1.0617e-04 -1.0245e-04 -1.0978e-04 -1.1326e-04
SIM9  -9.5704e-05 -8.3937e-05 -9.7527e-05 -9.3845e-05 -1.1262e-04 -9.7527e-05 -9.5704e-05 -1.0617e-04  1.0000e+00 -9.7527e-05 -1.0280e-04 -9.0013e-05 -1.1104e-04 -9.9317e-05 -9.9317e-05 -9.3845e-05 -9.1949e-05 -7.7386e-05 -9.7527e-05 -1.2164e-04 -1.1722e-04 -1.0617e-04 -1.0617e-04 -1.1104e-04 -8.6010e-05 -1.2164e-04 -1.0107e-04 -9.1949e-05 -1.0782e-04 -1.0617e-04 -1.0944e-04  3.3251e-02 -1.0280e-04 -9.9317e-05 -9.9317e-05 -1.1262e-04 -9.9317e-05 -9.3845e-05 -9.1949e-05 -8.6010e-05 -1.0450e-04 -1.0280e-04 -1.0280e-04 -1.0782e-04 -1.0107e-04 -1.0617e-04 -1.0107e-04 -9.7527e-05 -1.0450e-04 -1.0782e-04
SIM10 -9.2344e-05 -8.0990e-05 -9.4104e-05 -9.0551e-05 -1.0866e-04 -9.4104e-05 -9.2344e-05 -1.0245e-04 -9.7527e-05  1.0000e+00 -9.9194e-05 -8.6853e-05 -1.0714e-04 -9.5831e-05 -9.5831e-05 -9.0551e-05 -8.8721e-05 -7.4669e-05 -9.4104e-05 -1.1737e-04 -1.1310e-04 -1.0245e-04 -1.0245e-04 -1.0714e-04 -8.2991e-05 -1.1737e-04 -9.7527e-05 -8.8721e-05 -1.0404e-04 -1.0245e-04 -1.0560e-04 -1.0083e-04 -9.9194e-05 -9.5831e-05 -9.5831e-05 -1.0866e-04 -9.5831e-05 -9.0551e-05 -8.8721e-05 -8.2991e-05 -1.0083e-04 -9.9194e-05 -9.9194e-05 -1.0404e-04 -9.7527e-05 -1.0245e-04 -9.7527e-05 -9.4104e-05 -1.0083e-04 -1.0404e-04
SIM11 -9.7340e-05 -8.5372e-05 -9.9194e-05 -9.5449e-05 -1.1454e-04 -9.9194e-05 -9.7340e-05 -1.0799e-04 -1.0280e-04 -9.9194e-05  1.0000e+00 -9.1552e-05 -1.1294e-04 -1.0101e-04 -1.0101e-04 -9.5449e-05 -9.3521e-05 -7.8709e-05 -9.9194e-05  2.8052e-02 -1.1922e-04 -1.0799e-04 -1.0799e-04 -1.1294e-04 -8.7480e-05 -1.2372e-04 -1.0280e-04 -9.3521e-05 -1.0966e-04 -1.0799e-04 -1.1131e-04 -1.0629e-04 -1.0456e-04 -1.0101e-04 -1.0101e-04 -1.1454e-04 -1.0101e-04 -9.5449e-05 -9.3521e-05 -8.7480e-05 -1.0629e-04 -1.0456e-04 -1.0456e-04 -1.0966e-04 -1.0280e-04 -1.0799e-04 -1.0280e-04 -9.9194e-05 -1.0629e-04 -1.0966e-04
SIM12 -8.5229e-05 -7.4750e-05 -8.6853e-05 -8.3574e-05  3.4656e-02 -8.6853e-05 -8.5229e-05 -9.4554e-05 -9.0013e-05 -8.6853e-05 -9.1552e-05  1.0000e+00 -9.8888e-05 -8.8447e-05 -8.8447e-05 -8.3574e-05 -8.1885e-05 -6.8916e-05 -8.6853e-05 -1.0833e-04  3.3288e-02 -9.4554e-05 -9.4554e-05 -9.8888e-05 -7.6596e-05 -1.0833e-04 -9.0013e-05 -8.1885e-05 -9.6021e-05 -9.4554e-05 -9.7465e-05 -9.3065e-05  3.7981e-02 -8.8447e-05 -8.8447e-05 -1.0029e-04 -8.8447e-05 -8.3574e-05 -8.1885e-05 -7.6596e-05 -9.3065e-05  3.7981e-02 -9.1552e-05 -9.6021e-05 -9.0013e-05 -9.4554e-05 -9.0013e-05 -8.6853e-05 -9.3065e-05 -9.6021e-05
SIM13 -1.0514e-04 -9.2213e-05 -1.0714e-04 -1.0310e-04 -1.2372e-04 -1.0714e-04 -1.0514e-04 -1.1664e-04 -1.1104e-04 -1.0714e-04 -1.1294e-04 -9.8888e-05  1.0000e+00 -1.0911e-04 -1.0911e-04 -1.0310e-04 -1.0101e-04 -8.5016e-05 -1.0714e-04 -1.3363e-04 -1.2877e-04 -1.1664e-04 -1.1664e-04 -1.2199e-04 -9.4490e-05 -1.3363e-04 -1.1104e-04  3.4406e-02  2.9310e-02 -1.1664e-04 -1.2023e-04 -1.1481e-04 -1.1294e-04 -1.0911e-04  3.1838e-02 -1.2372e-04 -1.0911e-04 -1.0310e-04 -1.0101e-04 -9.4490e-05 -1.1481e-04 -1.1294e-04 -1.1294e-04 -1.1845e-04 -1.1104e-04 -1.1664e-04 -1.1104e-04 -1.0714e-04  3.0248e-02 -1.1845e-04
SIM14 -9.4039e-05 -8.2477e-05 -9.5831e-05 -9.2213e-05  3.1390e-02 -9.5831e-05 -9.4039e-05 -1.0433e-04 -9.9317e-05 -9.5831e-05 -1.0101e-04 -8.8447e-05 -1.0911e-04  1.0000e+00  3.5620e-02 -9.2213e-05 -9.0349e-05 -7.6039e-05 -9.5831e-05 -1.1952e-04 -1.1518e-04 -1.0433e-04 -1.0433e-04 -1.0911e-04 -8.4514e-05 -1.1952e-04 -9.9317e-05 -9.0349e-05 -1.0595e-04 -1.0433e-04 -1.0754e-04 -1.0268e-04 -1.0101e-04 -9.7589e-05 -9.7589e-05 -1.1066e-04 -9.7589e-05 -9.2213e-05 -9.0349e-05 -8.4514e-05  3.3843e-02 -1.0101e-04 -1.0101e-04 -1.0595e-04 -9.9317e-05 -1.0433e-04  3.4997e-02 -9.5831e-05 -1.0268e-04 -1.0595e-04
SIM15 -9.4039e-05 -8.2477e-05 -9.5831e-05 -9.2213e-05 -1.1066e-04 -9.5831e-05 -9.4039e-05 -1.0433e-04 -9.9317e-05 -9.5831e-05 -1.0101e-04 -8.8447e-05 -1.0911e-04  3.5620e-02  1.0000e+00 -9.2213e-05 -9.0349e-05 -7.6039e-05 -9.5831e-05 -1.1952e-04 -1.1518e-04 -1.0433e-04 -1.0433e-04 -1.0911e-04 -8.4514e-05 -1.1952e-04 -9.9317e-05 -9.0349e-05 -1.0595e-04 -1.0433e-04 -1.0754e-04 -1.0268e-04 -1.0101e-04 -9.7589e-05 -9.7589e-05 -1.1066e-04 -9.7589e-05 -9.2213e-05 -9.0349e-05 -8.4514e-05 -1.0268e-04 -1.0101e-04 -1.0101e-04 -1.0595e-04 -9.9317e-05 -1.0433e-04 -9.9317e-05 -9.5831e-05 -1.0268e-04 -1.0595e-04
