*********************************************************************
* LD Score Regression (LDSC)
* Version 1.0.1
* (C) 2014-2019 Brendan Bulik-Sullivan and Hilary Finucane
* Broad Institute of MIT and Harvard / MIT Department of Mathematics
* GNU General Public License v3
*********************************************************************
Call: 
./ldsc.py \
--out /data/sbcs/GuoLab/backup/liq17/CRC_TF_TWAS_zhishan2024/NC_revision_OceanCode/v2_NC_revision//84Tracks//ldscores_sim1000//16 \
--bfile /data/sbcs/GuoLab/backup/liq17/ref/Alkesgroup/1000G_EUR_Phase3_plink_hg38/1000G.EUR.QC.16 \
--annot /data/sbcs/GuoLab/backup/liq17/CRC_TF_TWAS_zhishan2024/NC_revision_OceanCode/v2_NC_revision//84Tracks//annots_sim1000//16.annot.txt \
--l2  \
--ld-wind-kb 100.0 

Beginning analysis at Mon Oct 27 00:09:29 2025
Read list of 316962 SNPs from /data/sbcs/GuoLab/backup/liq17/ref/Alkesgroup/1000G_EUR_Phase3_plink_hg38/1000G.EUR.QC.16.bim
Read 50 annotations for 316962 SNPs from /data/sbcs/GuoLab/backup/liq17/CRC_TF_TWAS_zhishan2024/NC_revision_OceanCode/v2_NC_revision//84Tracks//annots_sim1000//16.annot.txt
Read list of 489 individuals from /data/sbcs/GuoLab/backup/liq17/ref/Alkesgroup/1000G_EUR_Phase3_plink_hg38/1000G.EUR.QC.16.fam
Reading genotypes from /data/sbcs/GuoLab/backup/liq17/ref/Alkesgroup/1000G_EUR_Phase3_plink_hg38/1000G.EUR.QC.16.bed
Estimating LD Score.
Writing LD Scores for 316962 SNPs to /data/sbcs/GuoLab/backup/liq17/CRC_TF_TWAS_zhishan2024/NC_revision_OceanCode/v2_NC_revision//84Tracks//ldscores_sim1000//16.l2.ldscore.gz

Summary of LD Scores in /data/sbcs/GuoLab/backup/liq17/CRC_TF_TWAS_zhishan2024/NC_revision_OceanCode/v2_NC_revision//84Tracks//ldscores_sim1000//16.l2.ldscore.gz
         MAF  SIM1L2  SIM2L2  SIM3L2  SIM4L2  SIM5L2  SIM6L2  SIM7L2  SIM8L2  SIM9L2  SIM10L2  SIM11L2  SIM12L2  SIM13L2  SIM14L2  SIM15L2  SIM16L2  SIM17L2  SIM18L2  SIM19L2  SIM20L2  SIM21L2  SIM22L2  SIM23L2  SIM24L2  SIM25L2  SIM26L2  SIM27L2  SIM28L2  SIM29L2  SIM30L2  SIM31L2  SIM32L2  SIM33L2  SIM34L2  SIM35L2  SIM36L2  SIM37L2  SIM38L2  SIM39L2  SIM40L2  SIM41L2  SIM42L2  SIM43L2  SIM44L2  SIM45L2  SIM46L2  SIM47L2  SIM48L2  SIM49L2  SIM50L2
mean  0.1434  0.0083  0.0075  0.0073  0.0040  0.0051  0.0073  0.0059  0.0069  0.0055   0.0037   0.0067   0.0037   0.0057   0.0083   0.0070   0.0071   0.0035   0.0063   0.0067   0.0053   0.0054   0.0049   0.0047   0.0097   0.0042   0.0062   0.0073   0.0067   0.0052   0.0035   0.0058   0.0059   0.0052   0.0033   0.0058   0.0045   0.0030   0.0054   0.0073   0.0057   0.0060   0.0054   0.0047   0.0060   0.0053   0.0058   0.0065   0.0065   0.0044   0.0066
std   0.1482  0.0743  0.0688  0.0628  0.0415  0.0520  0.0643  0.0566  0.0656  0.0539   0.0422   0.0642   0.0426   0.0567   0.0699   0.0570   0.0742   0.0425   0.0558   0.0588   0.0558   0.0568   0.0496   0.0525   0.0807   0.0426   0.0568   0.0650   0.0602   0.0526   0.0418   0.0581   0.0548   0.0531   0.0407   0.0573   0.0507   0.0401   0.0557   0.0629   0.0562   0.0522   0.0522   0.0467   0.0563   0.0522   0.0768   0.0559   0.0585   0.0463   0.0536
min   0.0051 -0.0041 -0.0047 -0.0041 -0.0057 -0.0041 -0.0041 -0.0041 -0.0041 -0.0041  -0.0057  -0.0053  -0.0066  -0.0040  -0.0056  -0.0041  -0.0041  -0.0041  -0.0041  -0.0050  -0.0041  -0.0040  -0.0041  -0.0041  -0.0059  -0.0061  -0.0021  -0.0041  -0.0041  -0.0041  -0.0041  -0.0041  -0.0060  -0.0061  -0.0041  -0.0041  -0.0041  -0.0041  -0.0040  -0.0050  -0.0041  -0.0041  -0.0041  -0.0041  -0.0041  -0.0041  -0.0040  -0.0053  -0.0041  -0.0041  -0.0057
25%   0.0164  0.0000  0.0000  0.0000  0.0000  0.0000  0.0000  0.0000  0.0000  0.0000   0.0000   0.0000   0.0000   0.0000   0.0000   0.0000   0.0000   0.0000   0.0000   0.0000   0.0000   0.0000   0.0000   0.0000   0.0000   0.0000   0.0000   0.0000   0.0000   0.0000   0.0000   0.0000   0.0000   0.0000   0.0000   0.0000   0.0000   0.0000   0.0000   0.0000   0.0000   0.0000   0.0000   0.0000   0.0000   0.0000   0.0000   0.0000   0.0000   0.0000   0.0000
50%   0.0787  0.0000  0.0000  0.0000  0.0000  0.0000  0.0000  0.0000  0.0000  0.0000   0.0000   0.0000   0.0000   0.0000   0.0000   0.0000   0.0000   0.0000   0.0000   0.0000   0.0000   0.0000   0.0000   0.0000   0.0000   0.0000   0.0000   0.0000   0.0000   0.0000   0.0000   0.0000   0.0000   0.0000   0.0000   0.0000   0.0000   0.0000   0.0000   0.0000   0.0000   0.0000   0.0000   0.0000   0.0000   0.0000   0.0000   0.0000   0.0000   0.0000   0.0000
75%   0.2505  0.0000  0.0000  0.0000  0.0000  0.0000  0.0000  0.0000  0.0000  0.0000   0.0000   0.0000   0.0000   0.0000   0.0000   0.0000   0.0000   0.0000   0.0000   0.0000   0.0000   0.0000   0.0000   0.0000   0.0000   0.0000   0.0000   0.0000   0.0000   0.0000   0.0000   0.0000   0.0000   0.0000   0.0000   0.0000   0.0000   0.0000   0.0000   0.0000   0.0000   0.0000   0.0000   0.0000   0.0000   0.0000   0.0000   0.0000   0.0000   0.0000   0.0000
max   0.5000  1.8098  1.3631  1.7091  1.0012  1.0053  1.0157  1.0456  1.0317  1.0000   1.0463   1.1030   1.0038   1.0000   1.0062   1.0378   2.0000   1.1236   1.0192   1.0236   1.0153   1.0011   1.0620   1.0000   1.3192   1.0095   1.0000   1.0000   1.0257   1.0017   1.0000   1.0124   1.0345   1.0015   1.3029   1.0001   1.0315   1.0000   1.0307   1.1767   1.0000   1.0000   1.0294   1.2151   1.2041   1.0059   1.7285   1.1570   1.0000   1.0319   1.0053

MAF/LD Score Correlation Matrix
            MAF  SIM1L2  SIM2L2  SIM3L2  SIM4L2  SIM5L2  SIM6L2  SIM7L2  SIM8L2  SIM9L2  SIM10L2  SIM11L2  SIM12L2  SIM13L2  SIM14L2  SIM15L2  SIM16L2     SIM17L2  SIM18L2  SIM19L2  SIM20L2  SIM21L2     SIM22L2  SIM23L2  SIM24L2     SIM25L2  SIM26L2  SIM27L2  SIM28L2  SIM29L2  SIM30L2  SIM31L2  SIM32L2  SIM33L2  SIM34L2  SIM35L2  SIM36L2  SIM37L2  SIM38L2  SIM39L2  SIM40L2     SIM41L2  SIM42L2  SIM43L2  SIM44L2     SIM45L2  SIM46L2     SIM47L2  SIM48L2  SIM49L2  SIM50L2
MAF      1.0000  0.0383  0.0703  0.0454  0.0383  0.0488  0.0342  0.0701  0.0473  0.0493   0.0399   0.0318   0.0358   0.0574   0.0866   0.0363   0.0444  2.2473e-02   0.0307   0.0542  -0.0148  -0.0031  1.6362e-02   0.0358   0.0474  3.2218e-02   0.0540   0.0298   0.0542   0.0463   0.0460   0.0299   0.0496   0.0326   0.0386   0.0434   0.0234   0.0291   0.0550   0.0217   0.0455  6.0674e-02   0.0547   0.0587   0.0684  5.2852e-02   0.0286  6.0035e-02   0.0641   0.0338   0.0928
SIM1L2   0.0383  1.0000 -0.0119  0.0140 -0.0076 -0.0090  0.1307 -0.0057 -0.0020  0.0425  -0.0028   0.2767  -0.0056  -0.0095   0.0320   0.0861   0.1076  2.2060e-02  -0.0112   0.0089   0.0812  -0.0102 -3.7893e-03   0.0370   0.2880 -1.0456e-02  -0.0013   0.0925   0.0476   0.0031   0.0237  -0.0104   0.0354   0.2080  -0.0009  -0.0093  -0.0071   0.0187  -0.0065  -0.0102  -0.0040 -5.9819e-03   0.0161  -0.0039  -0.0033  3.6247e-02   0.3900  1.2434e-02  -0.0008   0.0163   0.0147
SIM2L2   0.0703 -0.0119  1.0000  0.0055  0.0002  0.0658 -0.0079 -0.0074 -0.0093 -0.0099  -0.0083   0.0835  -0.0051  -0.0101  -0.0090  -0.0133   0.0018  2.4862e-03  -0.0083  -0.0036   0.0228  -0.0066 -9.6221e-03  -0.0071  -0.0120  5.0309e-03   0.0061  -0.0100  -0.0055  -0.0073  -0.0019   0.0233  -0.0117  -0.0070   0.0065   0.1135   0.0362  -0.0079  -0.0036   0.0025  -0.0100  6.7060e-02  -0.0075  -0.0034  -0.0079 -1.0962e-02  -0.0010  1.0629e-01  -0.0041  -0.0090  -0.0067
SIM3L2   0.0454  0.0140  0.0055  1.0000  0.0166 -0.0068 -0.0109 -0.0115  0.0575 -0.0041   0.0555  -0.0102   0.0179   0.0215  -0.0123  -0.0060   0.0361 -7.2711e-03  -0.0059   0.0378  -0.0035  -0.0087 -5.3724e-03  -0.0100  -0.0134  1.2867e-02   0.0184   0.0146  -0.0020   0.0641   0.0365  -0.0041  -0.0094  -0.0106   0.1923  -0.0106   0.0534   0.0314  -0.0091   0.0558   0.0324 -1.1771e-02   0.0409   0.0083   0.0844  3.6877e-02   0.0029  1.0852e-02   0.0208   0.0333   0.0055
SIM4L2   0.0383 -0.0076  0.0002  0.0166  1.0000 -0.0038 -0.0086  0.0111 -0.0044 -0.0054  -0.0069   0.0290  -0.0081   0.0051   0.0040  -0.0100  -0.0087  1.3735e-02  -0.0017  -0.0085  -0.0018  -0.0094  6.7692e-03   0.0189   0.0249  2.4012e-02  -0.0050  -0.0002  -0.0059  -0.0005  -0.0048  -0.0086   0.0757   0.0043  -0.0015  -0.0002  -0.0064  -0.0073   0.0045   0.0634   0.0021  4.7709e-02  -0.0010   0.0427   0.0662 -1.5577e-03  -0.0070  3.0479e-02   0.0032  -0.0026  -0.0111
SIM5L2   0.0488 -0.0090  0.0658 -0.0068 -0.0038  1.0000 -0.0075  0.0498 -0.0103  0.0033   0.0046   0.0465  -0.0003   0.1011  -0.0052  -0.0083   0.0045 -7.4548e-03  -0.0004  -0.0063   0.0208   0.0052  1.2258e-02   0.0237  -0.0112  1.9894e-02   0.0112  -0.0091  -0.0076   0.0983  -0.0018   0.0467  -0.0104   0.0411  -0.0064  -0.0064  -0.0086  -0.0071   0.0011  -0.0031  -0.0083 -4.1160e-03   0.0064  -0.0053  -0.0102  5.8187e-02  -0.0074 -1.1275e-02   0.0021  -0.0076  -0.0068
SIM6L2   0.0342  0.1307 -0.0079 -0.0109 -0.0086 -0.0075  1.0000  0.0705  0.0214  0.0393   0.0048   0.1736   0.0011  -0.0064  -0.0055   0.0893  -0.0094  1.1144e-02   0.0245   0.0287   0.1653  -0.0110  8.2966e-02  -0.0101   0.2171 -6.2149e-03   0.0236  -0.0119  -0.0124  -0.0030  -0.0096  -0.0071  -0.0098   0.1367  -0.0040   0.0339   0.0376   0.0084  -0.0070   0.0048   0.0359 -4.4365e-03   0.0081  -0.0002   0.0167 -1.0567e-02   0.2624  1.6098e-02   0.0325   0.0288   0.0554
SIM7L2   0.0701 -0.0057 -0.0074 -0.0115  0.0111  0.0498  0.0705  1.0000  0.0324 -0.0041  -0.0073  -0.0078  -0.0090   0.0455   0.0059  -0.0076  -0.0073 -5.7234e-03   0.0547  -0.0112   0.0008  -0.0068 -9.1946e-03   0.0560  -0.0045 -1.6032e-03   0.0213  -0.0085  -0.0111   0.0148  -0.0048  -0.0081   0.0573   0.0324   0.0144  -0.0028   0.0255   0.0095  -0.0048   0.0229  -0.0018  1.4213e-03   0.0290   0.0099   0.0305 -5.7749e-03  -0.0071  1.6244e-02  -0.0103   0.0053  -0.0051
SIM8L2   0.0473 -0.0020 -0.0093  0.0575 -0.0044 -0.0103  0.0214  0.0324  1.0000  0.0031   0.0312  -0.0101  -0.0071  -0.0051  -0.0084  -0.0081   0.0546 -3.8172e-03   0.0028  -0.0057  -0.0090   0.0027 -9.0286e-03   0.0919  -0.0090 -2.2454e-03   0.0455  -0.0085   0.0617   0.0097  -0.0069   0.0024   0.0107  -0.0096   0.0396  -0.0097   0.0226  -0.0074  -0.0072   0.0038   0.0002 -1.0329e-02   0.0068   0.0327   0.0467 -4.9405e-03   0.0440  9.3264e-02  -0.0096  -0.0096  -0.0119
SIM9L2   0.0493  0.0425 -0.0099 -0.0041 -0.0054  0.0033  0.0393 -0.0041  0.0031  1.0000   0.0498   0.0004  -0.0005   0.0403  -0.0039   0.0228  -0.0086 -6.9408e-03   0.0724  -0.0070   0.0387   0.0254  3.0407e-02   0.0086  -0.0092  3.0193e-02   0.0513  -0.0091  -0.0095   0.1698   0.0297   0.1447   0.0255  -0.0097  -0.0038   0.0168  -0.0079   0.0077  -0.0025  -0.0106   0.0502 -6.7088e-03   0.2651   0.0140   0.0247 -1.7389e-03  -0.0064 -7.6560e-03  -0.0003   0.0043   0.0740
SIM10L2  0.0399 -0.0028 -0.0083  0.0555 -0.0069  0.0046  0.0048 -0.0073  0.0312  0.0498   1.0000  -0.0007   0.0177   0.0113  -0.0079   0.0158   0.0182 -2.9620e-03  -0.0022   0.0044  -0.0070   0.0049  3.2881e-03  -0.0053   0.0380 -8.4383e-03   0.0222  -0.0021   0.0311   0.0658   0.0181   0.0450   0.0020   0.0151   0.0397   0.0116  -0.0043   0.0217  -0.0038   0.0071   0.0070 -9.9223e-03   0.0646  -0.0065  -0.0051  1.7729e-03   0.0048 -6.3394e-03   0.0129   0.0014  -0.0081
SIM11L2  0.0318  0.2767  0.0835 -0.0102  0.0290  0.0465  0.1736 -0.0078 -0.0101  0.0004  -0.0007   1.0000   0.0094  -0.0036  -0.0108   0.1239  -0.0084  6.1253e-02  -0.0106  -0.0013  -0.0020  -0.0047  1.6079e-03  -0.0075   0.3759  5.9832e-03   0.0296   0.0101  -0.0055  -0.0064  -0.0059   0.0017   0.0090   0.2786  -0.0027   0.0411  -0.0074  -0.0004  -0.0088   0.0159  -0.0015  1.4602e-01   0.0130   0.0157   0.0678 -9.6733e-03   0.5061  3.1511e-03   0.0029   0.0109   0.0265
SIM12L2  0.0358 -0.0056 -0.0051  0.0179 -0.0081 -0.0003  0.0011 -0.0090 -0.0071 -0.0005   0.0177   0.0094   1.0000   0.0029  -0.0101  -0.0015  -0.0076  5.3655e-03  -0.0083   0.0027   0.0011   0.0072  3.4821e-03  -0.0041  -0.0051  6.7363e-02   0.0102   0.0392   0.0002  -0.0071   0.0281   0.0374  -0.0037   0.1482  -0.0021  -0.0088   0.0010   0.0029  -0.0069  -0.0053  -0.0046  5.1566e-02   0.0140   0.0278   0.0203 -8.6342e-03   0.0085 -9.5403e-03   0.0060   0.0957   0.0034
SIM13L2  0.0574 -0.0095 -0.0101  0.0215  0.0051  0.1011 -0.0064  0.0455 -0.0051  0.0403   0.0113  -0.0036   0.0029   1.0000  -0.0017  -0.0120  -0.0096 -7.8634e-03  -0.0110  -0.0079  -0.0071  -0.0080 -9.6583e-03   0.0281  -0.0119  2.8445e-02  -0.0098  -0.0084  -0.0084   0.0607   0.0187   0.0003   0.0090   0.0073  -0.0067  -0.0070  -0.0026   0.0019  -0.0040  -0.0098  -0.0095  6.7575e-02  -0.0049  -0.0047   0.0221  5.7007e-02  -0.0032  1.1608e-03   0.0026  -0.0058   0.0507
SIM14L2  0.0866  0.0320 -0.0090 -0.0123  0.0040 -0.0052 -0.0055  0.0059 -0.0084 -0.0039  -0.0079  -0.0108  -0.0101  -0.0017   1.0000  -0.0100  -0.0104 -6.5499e-03  -0.0116   0.2008   0.0085   0.0010  5.0989e-02   0.0451   0.0094 -2.9261e-03  -0.0020   0.0043   0.0699   0.0236  -0.0064  -0.0090   0.0770  -0.0033  -0.0093  -0.0050  -0.0057   0.1042   0.0194  -0.0080   0.0475 -1.0761e-02  -0.0105  -0.0047  -0.0097  1.0799e-03  -0.0073  9.3707e-03  -0.0055  -0.0095   0.0149
SIM15L2  0.0363  0.0861 -0.0133 -0.0060 -0.0100 -0.0083  0.0893 -0.0076 -0.0081  0.0228   0.0158   0.1239  -0.0015  -0.0120  -0.0100   1.0000  -0.0081  1.6789e-02   0.0333   0.0660  -0.0018  -0.0083  6.7608e-02   0.0045   0.1637 -9.7968e-03   0.0097  -0.0109   0.0260  -0.0046   0.0211   0.0621   0.0249   0.1788   0.0064  -0.0090  -0.0042  -0.0008   0.0511  -0.0057   0.0135  1.7767e-03  -0.0030  -0.0074  -0.0103  1.1612e-02   0.1977 -1.3346e-02   0.0221   0.0022   0.0083
SIM16L2  0.0444  0.1076  0.0018  0.0361 -0.0087  0.0045 -0.0094 -0.0073  0.0546 -0.0086   0.0182  -0.0084  -0.0076  -0.0096  -0.0104  -0.0081   1.0000  4.8073e-02   0.0015  -0.0060   0.0318  -0.0041  5.6068e-02  -0.0085   0.0122 -8.3873e-03  -0.0054   0.1256   0.1120  -0.0093   0.0044   0.0237  -0.0087  -0.0035   0.0323   0.0543   0.2542  -0.0069   0.0237   0.0005   0.0039  1.9599e-02  -0.0096  -0.0064   0.0512  1.0991e-02  -0.0046  1.0800e-01   0.0013  -0.0079  -0.0102
SIM17L2  0.0225  0.0221  0.0025 -0.0073  0.0137 -0.0075  0.0111 -0.0057 -0.0038 -0.0069  -0.0030   0.0613   0.0054  -0.0079  -0.0065   0.0168   0.0481  1.0000e+00  -0.0062   0.0104  -0.0076  -0.0069  6.4875e-03  -0.0073   0.0195 -6.2341e-03  -0.0086   0.0946   0.0117   0.0320  -0.0042   0.0198  -0.0073   0.0335  -0.0022  -0.0073  -0.0059  -0.0040   0.0310  -0.0055  -0.0056  3.4946e-02  -0.0074   0.0019  -0.0088 -7.8850e-03   0.0314 -5.0928e-05  -0.0048   0.1024   0.0044
SIM18L2  0.0307 -0.0112 -0.0083 -0.0059 -0.0017 -0.0004  0.0245  0.0547  0.0028  0.0724  -0.0022  -0.0106  -0.0083  -0.0110  -0.0116   0.0333   0.0015 -6.1727e-03   1.0000   0.0670  -0.0055   0.0031  2.7336e-02   0.1099  -0.0070  1.6592e-02   0.0123  -0.0122   0.0008   0.0011  -0.0055   0.0048   0.0329  -0.0099   0.0099  -0.0114  -0.0061  -0.0084   0.0015   0.0423   0.0350 -6.4541e-03   0.0400  -0.0101  -0.0110  1.8380e-02  -0.0072 -1.2728e-02   0.0283   0.0031  -0.0122
SIM19L2  0.0542  0.0089 -0.0036  0.0378 -0.0085 -0.0063  0.0287 -0.0112 -0.0057 -0.0070   0.0044  -0.0013   0.0027  -0.0079   0.2008   0.0660  -0.0060  1.0445e-02   0.0670   1.0000  -0.0087   0.0074  3.0647e-02   0.0514   0.0204  1.3797e-02   0.0065  -0.0042   0.0399   0.0401   0.0113   0.0369  -0.0044   0.0334   0.0224  -0.0112   0.0008  -0.0086  -0.0066   0.0191   0.0097 -8.9147e-03   0.0091   0.0061  -0.0056 -7.8274e-03   0.0043 -6.1612e-03   0.0405   0.0057   0.0211
SIM20L2 -0.0148  0.0812  0.0228 -0.0035 -0.0018  0.0208  0.1653  0.0008 -0.0090  0.0387  -0.0070  -0.0020   0.0011  -0.0071   0.0085  -0.0018   0.0318 -7.5782e-03  -0.0055  -0.0087   1.0000  -0.0020  2.4176e-02   0.0044   0.0013  1.3629e-03  -0.0084   0.0046   0.0876   0.0045   0.0454   0.0878   0.0184  -0.0084  -0.0073   0.0312  -0.0045   0.0090  -0.0048   0.0036   0.0510  2.1641e-02   0.1231  -0.0018   0.0162  5.1684e-03   0.0396  6.2550e-03  -0.0096   0.0066  -0.0021
SIM21L2 -0.0031 -0.0102 -0.0066 -0.0087 -0.0094  0.0052 -0.0110 -0.0068  0.0027  0.0254   0.0049  -0.0047   0.0072  -0.0080   0.0010  -0.0083  -0.0041 -6.8545e-03   0.0031   0.0074  -0.0020   1.0000  1.0177e-01  -0.0080   0.0285  1.8007e-02   0.1167   0.0649   0.0769  -0.0091   0.0701  -0.0081  -0.0094  -0.0084   0.0079   0.0250  -0.0085  -0.0072  -0.0070  -0.0017  -0.0075 -5.2634e-03  -0.0042   0.0123   0.0222  3.9930e-02  -0.0069 -1.0122e-02   0.0656  -0.0073   0.0212
SIM22L2  0.0164 -0.0038 -0.0096 -0.0054  0.0068  0.0123  0.0830 -0.0092 -0.0090  0.0304   0.0033   0.0016   0.0035  -0.0097   0.0510   0.0676   0.0561  6.4875e-03   0.0273   0.0306   0.0242   0.1018  1.0000e+00   0.0461   0.0204 -7.0362e-03   0.0087   0.0636   0.1375   0.0532   0.0499   0.0282   0.0263   0.0124  -0.0028   0.0093   0.0569  -0.0066   0.0034   0.0674   0.0177  2.9663e-03   0.0018   0.0101   0.0560  7.9163e-05   0.0055 -4.7715e-03   0.0718   0.0729   0.0099
SIM23L2  0.0358  0.0370 -0.0071 -0.0100  0.0189  0.0237 -0.0101  0.0560  0.0919  0.0086  -0.0053  -0.0075  -0.0041   0.0281   0.0451   0.0045  -0.0085 -7.3322e-03   0.1099   0.0514   0.0044  -0.0080  4.6106e-02   1.0000  -0.0035  1.7988e-02   0.0054  -0.0088  -0.0028   0.0899  -0.0018  -0.0010   0.0585   0.0006  -0.0069  -0.0089  -0.0036  -0.0061  -0.0086  -0.0089  -0.0052  1.9029e-03   0.0134   0.0252   0.0115 -2.5352e-03  -0.0061  3.8620e-02  -0.0058  -0.0047  -0.0036
SIM24L2  0.0474  0.2880 -0.0120 -0.0134  0.0249 -0.0112  0.2171 -0.0045 -0.0090 -0.0092   0.0380   0.3759  -0.0051  -0.0119   0.0094   0.1637   0.0122  1.9457e-02  -0.0070   0.0204   0.0013   0.0285  2.0411e-02  -0.0035   1.0000 -2.0969e-03   0.0259   0.0824  -0.0023  -0.0030   0.0486   0.0065   0.0204   0.2977  -0.0030   0.0387   0.0324   0.0095  -0.0061   0.0041  -0.0026  1.7418e-02  -0.0069  -0.0047  -0.0004  7.6277e-02   0.5475  7.0147e-04  -0.0017   0.0293  -0.0061
SIM25L2  0.0322 -0.0105  0.0050  0.0129  0.0240  0.0199 -0.0062 -0.0016 -0.0022  0.0302  -0.0084   0.0060   0.0674   0.0284  -0.0029  -0.0098  -0.0084 -6.2341e-03   0.0166   0.0138   0.0014   0.0180 -7.0362e-03   0.0180  -0.0021  1.0000e+00  -0.0082  -0.0109   0.0617   0.0018  -0.0039   0.0187  -0.0045   0.0327   0.0008  -0.0062  -0.0019  -0.0073   0.0017  -0.0056  -0.0082 -9.1904e-05   0.0047  -0.0099  -0.0090 -3.0996e-03  -0.0044  6.6103e-02  -0.0054  -0.0074   0.0381
SIM26L2  0.0540 -0.0013  0.0061  0.0184 -0.0050  0.0112  0.0236  0.0213  0.0455  0.0513   0.0222   0.0296   0.0102  -0.0098  -0.0020   0.0097  -0.0054 -8.6144e-03   0.0123   0.0065  -0.0084   0.1167  8.6549e-03   0.0054   0.0259 -8.2466e-03   1.0000   0.0074  -0.0105   0.0986   0.0194   0.0483   0.0147  -0.0010   0.0854   0.0928   0.0132   0.0297  -0.0053   0.0064   0.0103  3.2418e-02   0.0893   0.0286   0.0129  1.2119e-01  -0.0074  2.5210e-02   0.0151  -0.0042   0.0188
SIM27L2  0.0298  0.0925 -0.0100  0.0146 -0.0002 -0.0091 -0.0119 -0.0085 -0.0085 -0.0091  -0.0021   0.0101   0.0392  -0.0084   0.0043  -0.0109   0.1256  9.4604e-02  -0.0122  -0.0042   0.0046   0.0649  6.3584e-02  -0.0088   0.0824 -1.0877e-02   0.0074   1.0000   0.1393   0.0215   0.0113  -0.0098   0.0305  -0.0096  -0.0092   0.1062   0.0210   0.0056  -0.0032  -0.0049   0.0479 -2.9457e-03  -0.0066   0.0648  -0.0003 -7.9322e-03  -0.0085  1.4347e-01   0.1384  -0.0078   0.0071
SIM28L2  0.0542  0.0476 -0.0055 -0.0020 -0.0059 -0.0076 -0.0124 -0.0111  0.0617 -0.0095   0.0311  -0.0055   0.0002  -0.0084   0.0699   0.0260   0.1120  1.1733e-02   0.0008   0.0399   0.0876   0.0769  1.3752e-01  -0.0028  -0.0023  6.1722e-02  -0.0105   0.1393   1.0000  -0.0047   0.0032   0.0094   0.0055   0.0071   0.0002   0.0004  -0.0013  -0.0080   0.0118  -0.0101  -0.0004 -9.2091e-03   0.0975   0.0075  -0.0024  2.9725e-03   0.0460  2.0122e-02   0.1527  -0.0083  -0.0124
SIM29L2  0.0463  0.0031 -0.0073  0.0641 -0.0005  0.0983 -0.0030  0.0148  0.0097  0.1698   0.0658  -0.0064  -0.0071   0.0607   0.0236  -0.0046  -0.0093  3.2023e-02   0.0011   0.0401   0.0045  -0.0091  5.3163e-02   0.0899  -0.0030  1.7757e-03   0.0986   0.0215  -0.0047   1.0000   0.0488   0.1410  -0.0090  -0.0010   0.0525  -0.0082   0.0412  -0.0013  -0.0024   0.0174   0.0201 -2.8769e-03   0.2072   0.0526  -0.0093  7.5259e-02  -0.0032  3.3703e-02  -0.0055   0.0986   0.0094
SIM30L2  0.0460  0.0237 -0.0019  0.0365 -0.0048 -0.0018 -0.0096 -0.0048 -0.0069  0.0297   0.0181  -0.0059   0.0281   0.0187  -0.0064   0.0211   0.0044 -4.2125e-03  -0.0055   0.0113   0.0454   0.0701  4.9913e-02  -0.0018   0.0486 -3.9034e-03   0.0194   0.0113   0.0032   0.0488   1.0000  -0.0041  -0.0061  -0.0029   0.0738   0.0306   0.0487  -0.0052  -0.0024   0.0547   0.0320  2.1788e-02   0.0479  -0.0064  -0.0065  4.6657e-02  -0.0064 -5.6824e-03   0.0058   0.0008   0.0204
SIM31L2  0.0299 -0.0104  0.0233 -0.0041 -0.0086  0.0467 -0.0071 -0.0081  0.0024  0.1447   0.0450   0.0017   0.0374   0.0003  -0.0090   0.0621   0.0237  1.9800e-02   0.0048   0.0369   0.0878  -0.0081  2.8248e-02  -0.0010   0.0065  1.8652e-02   0.0483  -0.0098   0.0094   0.1410  -0.0041   1.0000   0.0299   0.0307  -0.0018  -0.0024  -0.0071  -0.0075   0.0016  -0.0089   0.0211 -6.2733e-03   0.1743   0.0017   0.0051  1.7149e-03  -0.0072 -4.3353e-03  -0.0104   0.0173   0.0614
SIM32L2  0.0496  0.0354 -0.0117 -0.0094  0.0757 -0.0104 -0.0098  0.0573  0.0107  0.0255   0.0020   0.0090  -0.0037   0.0090   0.0770   0.0249  -0.0087 -7.3223e-03   0.0329  -0.0044   0.0184  -0.0094  2.6306e-02   0.0585   0.0204 -4.4597e-03   0.0147   0.0305   0.0055  -0.0090  -0.0061   0.0299   1.0000  -0.0068   0.0237   0.0045  -0.0044   0.1491   0.0058   0.0278  -0.0024 -2.0869e-03   0.0028   0.0287   0.0176  1.3599e-02  -0.0066  1.3068e-02   0.0013  -0.0076  -0.0086
SIM33L2  0.0326  0.2080 -0.0070 -0.0106  0.0043  0.0411  0.1367  0.0324 -0.0096 -0.0097   0.0151   0.2786   0.1482   0.0073  -0.0033   0.1788  -0.0035  3.3549e-02  -0.0099   0.0334  -0.0084  -0.0084  1.2351e-02   0.0006   0.2977  3.2724e-02  -0.0010  -0.0096   0.0071  -0.0010  -0.0029   0.0307  -0.0068   1.0000  -0.0049  -0.0073  -0.0030   0.0002  -0.0094   0.0045  -0.0071  1.6357e-02  -0.0036  -0.0080   0.0015 -2.6056e-03   0.4084 -1.1229e-02  -0.0005   0.0862  -0.0088
SIM34L2  0.0386 -0.0009  0.0065  0.1923 -0.0015 -0.0064 -0.0040  0.0144  0.0396 -0.0038   0.0397  -0.0027  -0.0021  -0.0067  -0.0093   0.0064   0.0323 -2.1652e-03   0.0099   0.0224  -0.0073   0.0079 -2.7571e-03  -0.0069  -0.0030  7.5422e-04   0.0854  -0.0092   0.0002   0.0525   0.0738  -0.0018   0.0237  -0.0049   1.0000   0.0811   0.0488   0.0457   0.1166   0.0680  -0.0030 -8.9546e-03  -0.0031  -0.0011   0.0061 -7.1970e-03  -0.0051 -6.7848e-03  -0.0069   0.0045   0.0111
SIM35L2  0.0434 -0.0093  0.1135 -0.0106 -0.0002 -0.0064  0.0339 -0.0028 -0.0097  0.0168   0.0116   0.0411  -0.0088  -0.0070  -0.0050  -0.0090   0.0543 -7.3034e-03  -0.0114  -0.0112   0.0312   0.0250  9.3452e-03  -0.0089   0.0387 -6.2239e-03   0.0928   0.1062   0.0004  -0.0082   0.0306  -0.0024   0.0045  -0.0073   0.0811   1.0000   0.0742   0.0078   0.0051  -0.0056   0.0424  2.0134e-01   0.0128  -0.0091   0.0071  1.1772e-02  -0.0041  7.9380e-02   0.0224  -0.0019   0.0477
SIM36L2  0.0234 -0.0071  0.0362  0.0534 -0.0064 -0.0086  0.0376  0.0255  0.0226 -0.0079  -0.0043  -0.0074   0.0010  -0.0026  -0.0057  -0.0042   0.2542 -5.9377e-03  -0.0061   0.0008  -0.0045  -0.0085  5.6852e-02  -0.0036   0.0324 -1.9263e-03   0.0132   0.0210  -0.0013   0.0412   0.0487  -0.0071  -0.0044  -0.0030   0.0488   0.0742   1.0000  -0.0049  -0.0084  -0.0076  -0.0023 -8.4923e-03   0.0898  -0.0080   0.0510  4.5288e-02   0.0017  1.9321e-02  -0.0069   0.0042  -0.0093
SIM37L2  0.0291  0.0187 -0.0079  0.0314 -0.0073 -0.0071  0.0084  0.0095 -0.0074  0.0077   0.0217  -0.0004   0.0029   0.0019   0.1042  -0.0008  -0.0069 -4.0387e-03  -0.0084  -0.0086   0.0090  -0.0072 -6.5631e-03  -0.0061   0.0095 -7.3467e-03   0.0297   0.0056  -0.0080  -0.0013  -0.0052  -0.0075   0.1491   0.0002   0.0457   0.0078  -0.0049   1.0000  -0.0073  -0.0028  -0.0062  1.2918e-02   0.0074  -0.0070  -0.0073  1.6280e-02   0.0044 -1.6540e-03   0.0165  -0.0005   0.0340
SIM38L2  0.0550 -0.0065 -0.0036 -0.0091  0.0045  0.0011 -0.0070 -0.0048 -0.0072 -0.0025  -0.0038  -0.0088  -0.0069  -0.0040   0.0194   0.0511   0.0237  3.1013e-02   0.0015  -0.0066  -0.0048  -0.0070  3.3544e-03  -0.0086  -0.0061  1.6834e-03  -0.0053  -0.0032   0.0118  -0.0024  -0.0024   0.0016   0.0058  -0.0094   0.1166   0.0051  -0.0084  -0.0073   1.0000  -0.0008  -0.0038  3.3484e-02  -0.0048  -0.0080  -0.0100 -7.1082e-03  -0.0060 -9.8352e-03   0.0036   0.0152   0.0060
SIM39L2  0.0217 -0.0102  0.0025  0.0558  0.0634 -0.0031  0.0048  0.0229  0.0038 -0.0106   0.0071   0.0159  -0.0053  -0.0098  -0.0080  -0.0057   0.0005 -5.4895e-03   0.0423   0.0191   0.0036  -0.0017  6.7444e-02  -0.0089   0.0041 -5.5543e-03   0.0064  -0.0049  -0.0101   0.0174   0.0547  -0.0089   0.0278   0.0045   0.0680  -0.0056  -0.0076  -0.0028  -0.0008   1.0000   0.0317  3.4414e-03   0.0103  -0.0098  -0.0082 -6.3927e-03  -0.0075 -3.5183e-03  -0.0061  -0.0029   0.0156
SIM40L2  0.0455 -0.0040 -0.0100  0.0324  0.0021 -0.0083  0.0359 -0.0018  0.0002  0.0502   0.0070  -0.0015  -0.0046  -0.0095   0.0475   0.0135   0.0039 -5.5601e-03   0.0350   0.0097   0.0510  -0.0075  1.7680e-02  -0.0052  -0.0026 -8.2392e-03   0.0103   0.0479  -0.0004   0.0201   0.0320   0.0211  -0.0024  -0.0071  -0.0030   0.0424  -0.0023  -0.0062  -0.0038   0.0317   1.0000  3.8502e-02   0.0461  -0.0094   0.0008 -2.1567e-03  -0.0052 -1.1765e-02   0.0711  -0.0049   0.0484
SIM41L2  0.0607 -0.0060  0.0671 -0.0118  0.0477 -0.0041 -0.0044  0.0014 -0.0103 -0.0067  -0.0099   0.1460   0.0516   0.0676  -0.0108   0.0018   0.0196  3.4946e-02  -0.0065  -0.0089   0.0216  -0.0053  2.9663e-03   0.0019   0.0174 -9.1904e-05   0.0324  -0.0029  -0.0092  -0.0029   0.0218  -0.0063  -0.0021   0.0164  -0.0090   0.2013  -0.0085   0.0129   0.0335   0.0034   0.0385  1.0000e+00  -0.0093   0.0271   0.0867  5.3830e-03  -0.0054  1.2427e-01  -0.0003  -0.0091  -0.0034
SIM42L2  0.0547  0.0161 -0.0075  0.0409 -0.0010  0.0064  0.0081  0.0290  0.0068  0.2651   0.0646   0.0130   0.0140  -0.0049  -0.0105  -0.0030  -0.0096 -7.3785e-03   0.0400   0.0091   0.1231  -0.0042  1.8457e-03   0.0134  -0.0069  4.6981e-03   0.0893  -0.0066   0.0975   0.2072   0.0479   0.1743   0.0028  -0.0036  -0.0031   0.0128   0.0898   0.0074  -0.0048   0.0103   0.0461 -9.3023e-03   1.0000  -0.0034   0.0156  3.7124e-02  -0.0048 -1.0432e-02   0.0051   0.0185   0.0256
SIM43L2  0.0587 -0.0039 -0.0034  0.0083  0.0427 -0.0053 -0.0002  0.0099  0.0327  0.0140  -0.0065   0.0157   0.0278  -0.0047  -0.0047  -0.0074  -0.0064  1.8715e-03  -0.0101   0.0061  -0.0018   0.0123  1.0073e-02   0.0252  -0.0047 -9.8861e-03   0.0286   0.0648   0.0075   0.0526  -0.0064   0.0017   0.0287  -0.0080  -0.0011  -0.0091  -0.0080  -0.0070  -0.0080  -0.0098  -0.0094  2.7054e-02  -0.0034   1.0000   0.0770  6.8753e-03  -0.0068  5.7699e-03   0.0062   0.0018   0.0228
SIM44L2  0.0684 -0.0033 -0.0079  0.0844  0.0662 -0.0102  0.0167  0.0305  0.0467  0.0247  -0.0051   0.0678   0.0203   0.0221  -0.0097  -0.0103   0.0512 -8.7769e-03  -0.0110  -0.0056   0.0162   0.0222  5.6029e-02   0.0115  -0.0004 -8.9876e-03   0.0129  -0.0003  -0.0024  -0.0093  -0.0065   0.0051   0.0176   0.0015   0.0061   0.0071   0.0510  -0.0073  -0.0100  -0.0082   0.0008  8.6726e-02   0.0156   0.0770   1.0000 -6.4795e-03  -0.0051 -1.0409e-02  -0.0079  -0.0101   0.0309
SIM45L2  0.0529  0.0362 -0.0110  0.0369 -0.0016  0.0582 -0.0106 -0.0058 -0.0049 -0.0017   0.0018  -0.0097  -0.0086   0.0570   0.0011   0.0116   0.0110 -7.8850e-03   0.0184  -0.0078   0.0052   0.0399  7.9163e-05  -0.0025   0.0763 -3.0996e-03   0.1212  -0.0079   0.0030   0.0753   0.0467   0.0017   0.0136  -0.0026  -0.0072   0.0118   0.0453   0.0163  -0.0071  -0.0064  -0.0022  5.3830e-03   0.0371   0.0069  -0.0065  1.0000e+00  -0.0067  1.4462e-02  -0.0104  -0.0090   0.0397
SIM46L2  0.0286  0.3900 -0.0010  0.0029 -0.0070 -0.0074  0.2624 -0.0071  0.0440 -0.0064   0.0048   0.5061   0.0085  -0.0032  -0.0073   0.1977  -0.0046  3.1363e-02  -0.0072   0.0043   0.0396  -0.0069  5.5192e-03  -0.0061   0.5475 -4.4093e-03  -0.0074  -0.0085   0.0460  -0.0032  -0.0064  -0.0072  -0.0066   0.4084  -0.0051  -0.0041   0.0017   0.0044  -0.0060  -0.0075  -0.0052 -5.3579e-03  -0.0048  -0.0068  -0.0051 -6.7197e-03   1.0000 -7.4031e-03  -0.0066   0.0887  -0.0093
SIM47L2  0.0600  0.0124  0.1063  0.0109  0.0305 -0.0113  0.0161  0.0162  0.0933 -0.0077  -0.0063   0.0032  -0.0095   0.0012   0.0094  -0.0133   0.1080 -5.0928e-05  -0.0127  -0.0062   0.0063  -0.0101 -4.7715e-03   0.0386   0.0007  6.6103e-02   0.0252   0.1435   0.0201   0.0337  -0.0057  -0.0043   0.0131  -0.0112  -0.0068   0.0794   0.0193  -0.0017  -0.0098  -0.0035  -0.0118  1.2427e-01  -0.0104   0.0058  -0.0104  1.4462e-02  -0.0074  1.0000e+00  -0.0111   0.0534   0.0140
SIM48L2  0.0641 -0.0008 -0.0041  0.0208  0.0032  0.0021  0.0325 -0.0103 -0.0096 -0.0003   0.0129   0.0029   0.0060   0.0026  -0.0055   0.0221   0.0013 -4.8247e-03   0.0283   0.0405  -0.0096   0.0656  7.1751e-02  -0.0058  -0.0017 -5.3891e-03   0.0151   0.1384   0.1527  -0.0055   0.0058  -0.0104   0.0013  -0.0005  -0.0069   0.0224  -0.0069   0.0165   0.0036  -0.0061   0.0711 -2.8907e-04   0.0051   0.0062  -0.0079 -1.0389e-02  -0.0066 -1.1099e-02   1.0000  -0.0038   0.0121
SIM49L2  0.0338  0.0163 -0.0090  0.0333 -0.0026 -0.0076  0.0288  0.0053 -0.0096  0.0043   0.0014   0.0109   0.0957  -0.0058  -0.0095   0.0022  -0.0079  1.0240e-01   0.0031   0.0057   0.0066  -0.0073  7.2881e-02  -0.0047   0.0293 -7.3737e-03  -0.0042  -0.0078  -0.0083   0.0986   0.0008   0.0173  -0.0076   0.0862   0.0045  -0.0019   0.0042  -0.0005   0.0152  -0.0029  -0.0049 -9.0514e-03   0.0185   0.0018  -0.0101 -8.9866e-03   0.0887  5.3392e-02  -0.0038   1.0000   0.0437
SIM50L2  0.0928  0.0147 -0.0067  0.0055 -0.0111 -0.0068  0.0554 -0.0051 -0.0119  0.0740  -0.0081   0.0265   0.0034   0.0507   0.0149   0.0083  -0.0102  4.4170e-03  -0.0122   0.0211  -0.0021   0.0212  9.9176e-03  -0.0036  -0.0061  3.8099e-02   0.0188   0.0071  -0.0124   0.0094   0.0204   0.0614  -0.0086  -0.0088   0.0111   0.0477  -0.0093   0.0340   0.0060   0.0156   0.0484 -3.4356e-03   0.0256   0.0228   0.0309  3.9671e-02  -0.0093  1.4008e-02   0.0121   0.0437   1.0000

LD Score Matrix Condition Number
3.2037

Annotation Correlation Matrix
             SIM1        SIM2        SIM3        SIM4        SIM5        SIM6        SIM7        SIM8        SIM9       SIM10       SIM11       SIM12       SIM13       SIM14       SIM15       SIM16       SIM17       SIM18       SIM19       SIM20       SIM21       SIM22       SIM23       SIM24       SIM25       SIM26       SIM27       SIM28       SIM29       SIM30       SIM31       SIM32       SIM33       SIM34       SIM35       SIM36       SIM37       SIM38   SIM39       SIM40       SIM41       SIM42       SIM43       SIM44       SIM45       SIM46       SIM47       SIM48       SIM49       SIM50
SIM1   1.0000e+00 -1.1670e-04 -1.1359e-04 -1.0369e-04 -1.0369e-04 -1.1039e-04 -1.1516e-04 -1.0018e-04 -1.0195e-04 -1.0018e-04 -1.1200e-04 -9.8371e-05  2.8907e-02 -1.2269e-04 -1.2122e-04 -1.0195e-04 -9.6532e-05 -1.1823e-04 -1.2122e-04 -1.1359e-04 -1.0018e-04 -1.0369e-04 -9.6532e-05 -1.2558e-04 -1.1670e-04 -1.0369e-04 -1.1039e-04 -1.1516e-04 -1.0195e-04 -9.6532e-05 -1.1823e-04 -1.1974e-04  2.8907e-02 -9.6532e-05 -1.1039e-04 -9.8371e-05 -8.8796e-05 -1.0541e-04 -0.0001 -1.0709e-04 -1.0369e-04 -9.6532e-05 -1.1974e-04 -1.1670e-04  2.9832e-02 -9.2745e-05 -1.1516e-04 -1.2122e-04 -1.1200e-04 -1.2269e-04
SIM2  -1.1670e-04  1.0000e+00 -1.1670e-04 -1.0653e-04  2.9514e-02 -1.1342e-04 -1.1831e-04 -1.0292e-04 -1.0474e-04 -1.0292e-04 -1.1507e-04 -1.0107e-04 -1.1174e-04 -1.2606e-04 -1.2455e-04 -1.0474e-04 -9.9178e-05 -1.2147e-04 -1.2455e-04 -1.1670e-04 -1.0292e-04 -1.0653e-04 -9.9178e-05 -1.2902e-04 -1.1990e-04 -1.0653e-04 -1.1342e-04 -1.1831e-04 -1.0474e-04 -9.9178e-05 -1.2147e-04 -1.2302e-04 -1.1174e-04 -9.9178e-05 -1.1342e-04 -1.0107e-04 -9.1230e-05 -1.0830e-04 -0.0001 -1.1003e-04 -1.0653e-04 -9.9178e-05 -1.2302e-04 -1.1990e-04 -1.0830e-04 -9.5287e-05 -1.1831e-04 -1.2455e-04 -1.1507e-04 -1.2606e-04
SIM3  -1.1359e-04 -1.1670e-04  1.0000e+00 -1.0369e-04 -1.0369e-04 -1.1039e-04 -1.1516e-04 -1.0018e-04 -1.0195e-04 -1.0018e-04 -1.1200e-04 -9.8371e-05 -1.0875e-04 -1.2269e-04 -1.2122e-04 -1.0195e-04 -9.6532e-05 -1.1823e-04 -1.2122e-04 -1.1359e-04 -1.0018e-04 -1.0369e-04 -9.6532e-05 -1.2558e-04 -1.1670e-04 -1.0369e-04 -1.1039e-04 -1.1516e-04 -1.0195e-04 -9.6532e-05 -1.1823e-04 -1.1974e-04 -1.0875e-04 -9.6532e-05 -1.1039e-04 -9.8371e-05 -8.8796e-05 -1.0541e-04 -0.0001 -1.0709e-04 -1.0369e-04 -9.6532e-05 -1.1974e-04 -1.1670e-04 -1.0541e-04 -9.2745e-05 -1.1516e-04 -1.2122e-04 -1.1200e-04 -1.2269e-04
SIM4  -1.0369e-04 -1.0653e-04 -1.0369e-04  1.0000e+00 -9.4658e-05 -1.0077e-04 -1.0512e-04 -9.1448e-05 -9.3066e-05 -9.1448e-05 -1.0224e-04 -8.9800e-05 -9.9278e-05 -1.1200e-04 -1.1066e-04 -9.3066e-05 -8.8121e-05 -1.0793e-04 -1.1066e-04 -1.0369e-04 -9.1448e-05 -9.4658e-05 -8.8121e-05 -1.1464e-04 -1.0653e-04 -9.4658e-05 -1.0077e-04 -1.0512e-04 -9.3066e-05 -8.8121e-05 -1.0793e-04 -1.0930e-04 -9.9278e-05 -8.8121e-05 -1.0077e-04 -8.9800e-05 -8.1059e-05 -9.6222e-05 -0.0001 -9.7762e-05 -9.4658e-05 -8.8121e-05 -1.0930e-04  2.9514e-02 -9.6222e-05 -8.4663e-05 -1.0512e-04 -1.1066e-04 -1.0224e-04 -1.1200e-04
SIM5  -1.0369e-04  2.9514e-02 -1.0369e-04 -9.4658e-05  1.0000e+00 -1.0077e-04 -1.0512e-04 -9.1448e-05 -9.3066e-05 -9.1448e-05 -1.0224e-04 -8.9800e-05 -9.9278e-05 -1.1200e-04 -1.1066e-04 -9.3066e-05 -8.8121e-05 -1.0793e-04 -1.1066e-04 -1.0369e-04 -9.1448e-05 -9.4658e-05 -8.8121e-05 -1.1464e-04 -1.0653e-04 -9.4658e-05 -1.0077e-04 -1.0512e-04 -9.3066e-05 -8.8121e-05 -1.0793e-04 -1.0930e-04 -9.9278e-05 -8.8121e-05 -1.0077e-04 -8.9800e-05 -8.1059e-05 -9.6222e-05 -0.0001 -9.7762e-05 -9.4658e-05 -8.8121e-05 -1.0930e-04 -1.0653e-04 -9.6222e-05 -8.4663e-05 -1.0512e-04 -1.1066e-04 -1.0224e-04 -1.1200e-04
SIM6  -1.1039e-04 -1.1342e-04 -1.1039e-04 -1.0077e-04 -1.0077e-04  1.0000e+00  2.8085e-02 -9.7354e-05 -9.9077e-05 -9.7354e-05 -1.0885e-04 -9.5600e-05 -1.0569e-04 -1.1924e-04 -1.1781e-04 -9.9077e-05 -9.3812e-05 -1.1490e-04 -1.1781e-04 -1.1039e-04 -9.7354e-05 -1.0077e-04 -9.3812e-05 -1.2204e-04 -1.1342e-04 -1.0077e-04 -1.0728e-04 -1.1191e-04 -9.9077e-05 -9.3812e-05 -1.1490e-04 -1.1636e-04 -1.0569e-04 -9.3812e-05 -1.0728e-04 -9.5600e-05 -8.6294e-05 -1.0244e-04 -0.0001 -1.0408e-04 -1.0077e-04 -9.3812e-05 -1.1636e-04 -1.1342e-04 -1.0244e-04 -9.0132e-05 -1.1191e-04 -1.1781e-04 -1.0885e-04 -1.1924e-04
SIM7  -1.1516e-04 -1.1831e-04 -1.1516e-04 -1.0512e-04 -1.0512e-04  2.8085e-02  1.0000e+00 -1.0156e-04 -1.0336e-04 -1.0156e-04 -1.1355e-04 -9.9729e-05 -1.1026e-04 -1.2439e-04 -1.2290e-04 -1.0336e-04 -9.7864e-05  2.6208e-02 -1.2290e-04 -1.1516e-04 -1.0156e-04 -1.0512e-04 -9.7864e-05 -1.2731e-04 -1.1831e-04 -1.0512e-04 -1.1191e-04 -1.1675e-04 -1.0336e-04 -9.7864e-05 -1.1986e-04 -1.2139e-04 -1.1026e-04 -9.7864e-05 -1.1191e-04 -9.9729e-05 -9.0021e-05 -1.0686e-04 -0.0001  2.8957e-02 -1.0512e-04 -9.7864e-05 -1.2139e-04 -1.1831e-04 -1.0686e-04 -9.4025e-05 -1.1675e-04 -1.2290e-04 -1.1355e-04 -1.2439e-04
SIM8  -1.0018e-04 -1.0292e-04 -1.0018e-04 -9.1448e-05 -9.1448e-05 -9.7354e-05 -1.0156e-04  1.0000e+00 -8.9910e-05 -8.8346e-05 -9.8775e-05 -8.6754e-05 -9.5911e-05 -1.0820e-04 -1.0691e-04 -8.9910e-05 -8.5133e-05 -1.0427e-04 -1.0691e-04 -1.0018e-04 -8.8346e-05 -9.1448e-05 -8.5133e-05 -1.1075e-04 -1.0292e-04 -9.1448e-05 -9.7354e-05 -1.0156e-04 -8.9910e-05 -8.5133e-05 -1.0427e-04 -1.0560e-04 -9.5911e-05 -8.5133e-05 -9.7354e-05 -8.6754e-05 -7.8310e-05 -9.2959e-05 -0.0001 -9.4447e-05 -9.1448e-05 -8.5133e-05 -1.0560e-04 -1.0292e-04 -9.2959e-05 -8.1792e-05  3.0970e-02 -1.0691e-04 -9.8775e-05 -1.0820e-04
SIM9  -1.0195e-04 -1.0474e-04 -1.0195e-04 -9.3066e-05 -9.3066e-05 -9.9077e-05 -1.0336e-04 -8.9910e-05  1.0000e+00 -8.9910e-05 -1.0052e-04 -8.8290e-05 -9.7609e-05 -1.1012e-04 -1.0880e-04 -9.1502e-05 -8.6640e-05 -1.0611e-04 -1.0880e-04 -1.0195e-04 -8.9910e-05  3.3813e-02 -8.6640e-05 -1.1271e-04 -1.0474e-04 -9.3066e-05 -9.9077e-05 -1.0336e-04 -9.1502e-05 -8.6640e-05 -1.0611e-04 -1.0747e-04 -9.7609e-05 -8.6640e-05 -9.9077e-05 -8.8290e-05 -7.9696e-05 -9.4605e-05 -0.0001 -9.6119e-05 -9.3066e-05  3.6334e-02 -1.0747e-04  3.0022e-02 -9.4605e-05 -8.3240e-05 -1.0336e-04 -1.0880e-04 -1.0052e-04 -1.1012e-04
SIM10 -1.0018e-04 -1.0292e-04 -1.0018e-04 -9.1448e-05 -9.1448e-05 -9.7354e-05 -1.0156e-04 -8.8346e-05 -8.9910e-05  1.0000e+00 -9.8775e-05 -8.6754e-05 -9.5911e-05 -1.0820e-04 -1.0691e-04 -8.9910e-05 -8.5133e-05 -1.0427e-04  2.9410e-02 -1.0018e-04 -8.8346e-05 -9.1448e-05 -8.5133e-05 -1.1075e-04 -1.0292e-04 -9.1448e-05 -9.7354e-05 -1.0156e-04 -8.9910e-05 -8.5133e-05 -1.0427e-04 -1.0560e-04 -9.5911e-05 -8.5133e-05 -9.7354e-05 -8.6754e-05 -7.8310e-05 -9.2959e-05  0.0275 -9.4447e-05 -9.1448e-05 -8.5133e-05 -1.0560e-04 -1.0292e-04 -9.2959e-05 -8.1792e-05 -1.0156e-04 -1.0691e-04 -9.8775e-05 -1.0820e-04
SIM11 -1.1200e-04 -1.1507e-04 -1.1200e-04 -1.0224e-04 -1.0224e-04 -1.0885e-04 -1.1355e-04 -9.8775e-05 -1.0052e-04 -9.8775e-05  1.0000e+00 -9.6995e-05 -1.0723e-04 -1.2098e-04 -1.1953e-04 -1.0052e-04 -9.5182e-05 -1.1658e-04 -1.1953e-04 -1.1200e-04 -9.8775e-05 -1.0224e-04 -9.5182e-05 -1.2382e-04 -1.1507e-04 -1.0224e-04 -1.0885e-04 -1.1355e-04 -1.0052e-04 -9.5182e-05 -1.1658e-04 -1.1806e-04 -1.0723e-04 -9.5182e-05 -1.0885e-04 -9.6995e-05 -8.7554e-05 -1.0393e-04 -0.0001 -1.0560e-04 -1.0224e-04 -9.5182e-05 -1.1806e-04 -1.1507e-04 -1.0393e-04 -9.1448e-05 -1.1355e-04 -1.1953e-04 -1.1044e-04 -1.2098e-04
SIM12 -9.8371e-05 -1.0107e-04 -9.8371e-05 -8.9800e-05 -8.9800e-05 -9.5600e-05 -9.9729e-05 -8.6754e-05 -8.8290e-05 -8.6754e-05 -9.6995e-05  1.0000e+00 -9.4183e-05 -1.0625e-04 -1.0498e-04 -8.8290e-05 -8.3598e-05 -1.0239e-04 -1.0498e-04 -9.8371e-05 -8.6754e-05 -8.9800e-05 -8.3598e-05 -1.0876e-04 -1.0107e-04 -8.9800e-05 -9.5600e-05 -9.9729e-05 -8.8290e-05 -8.3598e-05 -1.0239e-04 -1.0369e-04 -9.4183e-05 -8.3598e-05 -9.5600e-05 -8.5191e-05 -7.6899e-05 -9.1284e-05 -0.0001 -9.2745e-05 -8.9800e-05 -8.3598e-05 -1.0369e-04 -1.0107e-04 -9.1284e-05 -8.0318e-05 -9.9729e-05 -1.0498e-04 -9.6995e-05 -1.0625e-04
SIM13  2.8907e-02 -1.1174e-04 -1.0875e-04 -9.9278e-05 -9.9278e-05 -1.0569e-04 -1.1026e-04 -9.5911e-05 -9.7609e-05 -9.5911e-05 -1.0723e-04 -9.4183e-05  1.0000e+00  2.6746e-02 -1.1606e-04 -9.7609e-05 -9.2422e-05 -1.1320e-04 -1.1606e-04 -1.0875e-04 -9.5911e-05 -9.9278e-05 -9.2422e-05 -1.2023e-04 -1.1174e-04 -9.9278e-05 -1.0569e-04 -1.1026e-04 -9.7609e-05 -9.2422e-05  2.7765e-02 -1.1464e-04 -1.0412e-04 -9.2422e-05 -1.0569e-04 -9.4183e-05 -8.5016e-05 -1.0092e-04 -0.0001 -1.0253e-04 -9.9278e-05 -9.2422e-05 -1.1464e-04 -1.1174e-04 -1.0092e-04 -8.8796e-05 -1.1026e-04 -1.1606e-04 -1.0723e-04 -1.1747e-04
SIM14 -1.2269e-04 -1.2606e-04 -1.2269e-04 -1.1200e-04 -1.1200e-04 -1.1924e-04 -1.2439e-04 -1.0820e-04 -1.1012e-04 -1.0820e-04 -1.2098e-04 -1.0625e-04  2.6746e-02  1.0000e+00 -1.3094e-04 -1.1012e-04 -1.0427e-04 -1.2770e-04 -1.3094e-04 -1.2269e-04 -1.0820e-04  2.8063e-02 -1.0427e-04 -1.3564e-04 -1.2606e-04 -1.1200e-04 -1.1924e-04 -1.2439e-04  2.8547e-02 -1.0427e-04 -1.2770e-04 -1.2933e-04 -1.1747e-04 -1.0427e-04 -1.1924e-04 -1.0625e-04 -9.5912e-05 -1.1385e-04 -0.0001 -1.1568e-04 -1.1200e-04 -1.0427e-04 -1.2933e-04 -1.2606e-04 -1.1385e-04 -1.0018e-04 -1.2439e-04 -1.3094e-04 -1.2098e-04 -1.3253e-04
SIM15 -1.2122e-04 -1.2455e-04 -1.2122e-04 -1.1066e-04 -1.1066e-04 -1.1781e-04 -1.2290e-04 -1.0691e-04 -1.0880e-04 -1.0691e-04 -1.1953e-04 -1.0498e-04 -1.1606e-04 -1.3094e-04  1.0000e+00 -1.0880e-04 -1.0302e-04 -1.2617e-04 -1.2937e-04 -1.2122e-04 -1.0691e-04 -1.1066e-04 -1.0302e-04 -1.3402e-04 -1.2455e-04 -1.1066e-04 -1.1781e-04 -1.2290e-04 -1.0880e-04 -1.0302e-04 -1.2617e-04 -1.2778e-04 -1.1606e-04 -1.0302e-04 -1.1781e-04 -1.0498e-04 -9.4763e-05 -1.1249e-04 -0.0001 -1.1429e-04 -1.1066e-04 -1.0302e-04 -1.2778e-04 -1.2455e-04 -1.1249e-04 -9.8977e-05 -1.2290e-04 -1.2937e-04 -1.1953e-04  2.3970e-02
