*********************************************************************
* LD Score Regression (LDSC)
* Version 1.0.1
* (C) 2014-2019 Brendan Bulik-Sullivan and Hilary Finucane
* Broad Institute of MIT and Harvard / MIT Department of Mathematics
* GNU General Public License v3
*********************************************************************
Call: 
./ldsc.py \
--out /data/sbcs/GuoLab/backup/liq17/CRC_TF_TWAS_zhishan2024/NC_revision_OceanCode/v2_NC_revision//84Tracks//ldscores_sim1000//2 \
--bfile /data/sbcs/GuoLab/backup/liq17/ref/Alkesgroup/1000G_EUR_Phase3_plink_hg38/1000G.EUR.QC.2 \
--annot /data/sbcs/GuoLab/backup/liq17/CRC_TF_TWAS_zhishan2024/NC_revision_OceanCode/v2_NC_revision//84Tracks//annots_sim1000//2.annot.txt \
--l2  \
--ld-wind-kb 100.0 

Beginning analysis at Sun Oct 26 21:36:30 2025
Read list of 839257 SNPs from /data/sbcs/GuoLab/backup/liq17/ref/Alkesgroup/1000G_EUR_Phase3_plink_hg38/1000G.EUR.QC.2.bim
Read 50 annotations for 839257 SNPs from /data/sbcs/GuoLab/backup/liq17/CRC_TF_TWAS_zhishan2024/NC_revision_OceanCode/v2_NC_revision//84Tracks//annots_sim1000//2.annot.txt
Read list of 489 individuals from /data/sbcs/GuoLab/backup/liq17/ref/Alkesgroup/1000G_EUR_Phase3_plink_hg38/1000G.EUR.QC.2.fam
Reading genotypes from /data/sbcs/GuoLab/backup/liq17/ref/Alkesgroup/1000G_EUR_Phase3_plink_hg38/1000G.EUR.QC.2.bed
Estimating LD Score.
Writing LD Scores for 839257 SNPs to /data/sbcs/GuoLab/backup/liq17/CRC_TF_TWAS_zhishan2024/NC_revision_OceanCode/v2_NC_revision//84Tracks//ldscores_sim1000//2.l2.ldscore.gz

Summary of LD Scores in /data/sbcs/GuoLab/backup/liq17/CRC_TF_TWAS_zhishan2024/NC_revision_OceanCode/v2_NC_revision//84Tracks//ldscores_sim1000//2.l2.ldscore.gz
         MAF  SIM1L2  SIM2L2  SIM3L2  SIM4L2  SIM5L2  SIM6L2  SIM7L2  SIM8L2  SIM9L2  SIM10L2  SIM11L2  SIM12L2  SIM13L2  SIM14L2  SIM15L2  SIM16L2  SIM17L2  SIM18L2  SIM19L2  SIM20L2  SIM21L2  SIM22L2  SIM23L2  SIM24L2  SIM25L2  SIM26L2  SIM27L2  SIM28L2  SIM29L2  SIM30L2  SIM31L2  SIM32L2  SIM33L2  SIM34L2  SIM35L2  SIM36L2  SIM37L2  SIM38L2  SIM39L2  SIM40L2  SIM41L2  SIM42L2  SIM43L2  SIM44L2  SIM45L2  SIM46L2  SIM47L2  SIM48L2  SIM49L2  SIM50L2
mean  0.1454  0.0048  0.0066  0.0062  0.0054  0.0043  0.0059  0.0059  0.0063  0.0049   0.0049   0.0056   0.0070   0.0064   0.0053   0.0048   0.0061   0.0052   0.0044   0.0063   0.0052   0.0054   0.0067   0.0051   0.0056   0.0051   0.0060   0.0063   0.0060   0.0057   0.0061   0.0055   0.0056   0.0048   0.0059   0.0061   0.0048   0.0068   0.0061   0.0054   0.0056   0.0058   0.0059   0.0053   0.0067   0.0058   0.0075   0.0064   0.0049   0.0048   0.0061
std   0.1480  0.0532  0.0626  0.0628  0.0561  0.0482  0.0594  0.0570  0.0621  0.0532   0.0548   0.0564   0.0641   0.0608   0.0545   0.0529   0.0609   0.0541   0.0505   0.0625   0.0542   0.0558   0.0614   0.0563   0.0552   0.0533   0.0587   0.0605   0.0608   0.0582   0.0602   0.0548   0.0593   0.0517   0.0552   0.0610   0.0529   0.0650   0.0592   0.0558   0.0576   0.0583   0.0588   0.0539   0.0614   0.0582   0.0763   0.0634   0.0548   0.0529   0.0608
min   0.0051 -0.0046 -0.0041 -0.0041 -0.0040 -0.0041 -0.0041 -0.0050 -0.0041 -0.0041  -0.0041  -0.0041  -0.0044  -0.0041  -0.0052  -0.0041  -0.0040  -0.0041  -0.0057  -0.0041  -0.0057  -0.0041  -0.0038  -0.0041  -0.0041  -0.0054  -0.0041  -0.0053  -0.0048  -0.0056  -0.0055  -0.0041  -0.0041  -0.0041  -0.0041  -0.0057  -0.0041  -0.0054  -0.0041  -0.0041  -0.0041  -0.0041  -0.0041  -0.0041  -0.0041  -0.0040  -0.0062  -0.0041  -0.0041  -0.0041  -0.0041
25%   0.0184  0.0000  0.0000  0.0000  0.0000  0.0000  0.0000  0.0000  0.0000  0.0000   0.0000   0.0000   0.0000   0.0000   0.0000   0.0000   0.0000   0.0000   0.0000   0.0000   0.0000   0.0000   0.0000   0.0000   0.0000   0.0000   0.0000   0.0000   0.0000   0.0000   0.0000   0.0000   0.0000   0.0000   0.0000   0.0000   0.0000   0.0000   0.0000   0.0000   0.0000   0.0000   0.0000   0.0000   0.0000   0.0000   0.0000   0.0000   0.0000   0.0000   0.0000
50%   0.0838  0.0000  0.0000  0.0000  0.0000  0.0000  0.0000  0.0000  0.0000  0.0000   0.0000   0.0000   0.0000   0.0000   0.0000   0.0000   0.0000   0.0000   0.0000   0.0000   0.0000   0.0000   0.0000   0.0000   0.0000   0.0000   0.0000   0.0000   0.0000   0.0000   0.0000   0.0000   0.0000   0.0000   0.0000   0.0000   0.0000   0.0000   0.0000   0.0000   0.0000   0.0000   0.0000   0.0000   0.0000   0.0000   0.0000   0.0000   0.0000   0.0000   0.0000
75%   0.2495  0.0000  0.0000  0.0000  0.0000  0.0000  0.0000  0.0000  0.0000  0.0000   0.0000   0.0000   0.0000   0.0000   0.0000   0.0000   0.0000   0.0000   0.0000   0.0000   0.0000   0.0000   0.0000   0.0000   0.0000   0.0000   0.0000   0.0000   0.0000   0.0000   0.0000   0.0000   0.0000   0.0000   0.0000   0.0000   0.0000   0.0000   0.0000   0.0000   0.0000   0.0000   0.0000   0.0000   0.0000   0.0000   0.0000   0.0000   0.0000   0.0000   0.0000
max   0.5000  1.0531  1.0574  1.1290  1.3164  1.1432  1.5418  1.0521  1.0221  1.0651   1.4485   1.0283   1.3315   1.1215   1.0117   1.0000   1.0742   1.1199   1.0743   1.0489   1.0396   1.0172   1.0484   1.1988   1.1239   1.4787   1.2631   2.0000   1.3980   1.0856   1.3838   1.5706   1.8918   1.0219   1.0224   1.0791   1.0044   1.3123   1.0000   1.0851   1.0046   2.0000   1.1001   1.0188   2.0000   1.0543   3.0000   2.0000   1.6960   1.6204   1.3289

MAF/LD Score Correlation Matrix
            MAF      SIM1L2  SIM2L2  SIM3L2  SIM4L2  SIM5L2  SIM6L2  SIM7L2      SIM8L2  SIM9L2  SIM10L2     SIM11L2  SIM12L2     SIM13L2  SIM14L2  SIM15L2  SIM16L2  SIM17L2  SIM18L2  SIM19L2  SIM20L2  SIM21L2  SIM22L2  SIM23L2     SIM24L2  SIM25L2  SIM26L2  SIM27L2  SIM28L2  SIM29L2  SIM30L2  SIM31L2  SIM32L2  SIM33L2  SIM34L2     SIM35L2  SIM36L2  SIM37L2  SIM38L2  SIM39L2     SIM40L2  SIM41L2     SIM42L2  SIM43L2     SIM44L2  SIM45L2  SIM46L2  SIM47L2  SIM48L2     SIM49L2  SIM50L2
MAF      1.0000  4.5536e-02  0.0395  0.0249  0.0456  0.0398  0.0396  0.0499  2.9465e-02  0.0371   0.0323  2.4729e-02   0.0535  6.3792e-02   0.0299   0.0274   0.0312   0.0282   0.0392   0.0331   0.0508   0.0350   0.0635   0.0494  3.9733e-02   0.0338   0.0502   0.0331   0.0576   0.0120   0.0215   0.0322   0.0324   0.0196   0.0707  5.0852e-02   0.0255   0.0644   0.0648   0.0428  4.0660e-02   0.0459  5.1942e-02   0.0436  3.2116e-02   0.0581   0.0286   0.0270   0.0202  4.6370e-02   0.0683
SIM1L2   0.0455  1.0000e+00  0.0336 -0.0034  0.0225  0.0126  0.0186 -0.0069 -8.0774e-04  0.0124  -0.0006  1.1722e-02   0.0030  5.2285e-03   0.0056  -0.0009  -0.0077  -0.0080  -0.0048   0.0002  -0.0067  -0.0074   0.0533  -0.0079 -8.5552e-05  -0.0054   0.0027   0.0563   0.0404   0.0031  -0.0084  -0.0061   0.0131  -0.0047  -0.0013 -8.6331e-03   0.0037   0.0372   0.0838   0.0096  3.6775e-02   0.0198  6.8406e-02   0.0194  8.3801e-03   0.0045   0.0218  -0.0036   0.0072  7.3085e-02  -0.0044
SIM2L2   0.0395  3.3635e-02  1.0000  0.0007 -0.0038 -0.0056  0.0376  0.0062  1.0423e-02  0.0200  -0.0080  8.1566e-02   0.0062  4.8535e-03  -0.0047   0.0016   0.0150  -0.0017   0.0097   0.0290  -0.0099   0.0653  -0.0087   0.0076 -5.4654e-03   0.0067   0.0295   0.0181   0.0207   0.0377   0.0352   0.0212   0.0346  -0.0007  -0.0102  2.7489e-02  -0.0053   0.0021  -0.0027   0.0029  1.7289e-02  -0.0003  1.6993e-02   0.0251  3.4872e-03   0.0091   0.0430   0.0131   0.0025 -3.6422e-04   0.0020
SIM3L2   0.0249 -3.4122e-03  0.0007  1.0000  0.0009  0.0127  0.0116  0.0365  5.5102e-03 -0.0080   0.1191 -3.5208e-03  -0.0096 -9.4950e-03   0.0068  -0.0083   0.0141   0.1118  -0.0065  -0.0039  -0.0094  -0.0069  -0.0065  -0.0074 -6.5942e-03   0.0029   0.1000  -0.0070   0.0070   0.0055   0.0094   0.0004   0.0147  -0.0081   0.0011  1.9857e-02  -0.0028  -0.0074   0.0008   0.0020  7.3466e-03  -0.0059 -4.0001e-03   0.0449  3.2212e-02  -0.0019   0.0366   0.0034  -0.0055 -9.8270e-04  -0.0093
SIM4L2   0.0456  2.2544e-02 -0.0038  0.0009  1.0000 -0.0052 -0.0026 -0.0045  4.6954e-04 -0.0030   0.0312  2.7523e-03   0.0914  1.7492e-02   0.0233   0.0179  -0.0052   0.0191   0.0328   0.0341   0.0044   0.0004   0.0083  -0.0071 -7.4316e-03  -0.0029  -0.0031  -0.0069   0.0032   0.0083  -0.0004   0.0146   0.0365   0.0065  -0.0065  1.0402e-03   0.0150   0.0116  -0.0070  -0.0076 -8.1278e-03  -0.0074  3.9323e-02   0.0279 -7.3317e-03   0.0022  -0.0062   0.0157   0.0227 -1.4200e-03  -0.0072
SIM5L2   0.0398  1.2601e-02 -0.0056  0.0127 -0.0052  1.0000 -0.0081 -0.0014 -5.5571e-03 -0.0071  -0.0069  3.1717e-02   0.0327 -7.7092e-03  -0.0075  -0.0067   0.0335  -0.0085  -0.0050   0.0031  -0.0063  -0.0069  -0.0040   0.0050 -6.0347e-03   0.0194  -0.0021   0.0059   0.0037  -0.0031   0.0013   0.0428   0.0763   0.0031  -0.0071  6.1346e-02  -0.0021  -0.0019   0.0678   0.0243 -3.1669e-03  -0.0075 -8.1215e-03  -0.0030 -5.8296e-03  -0.0002  -0.0078  -0.0082   0.0071  8.3982e-04  -0.0029
SIM6L2   0.0396  1.8557e-02  0.0376  0.0116 -0.0026 -0.0081  1.0000  0.0834  3.4723e-02  0.0080   0.0228  1.8922e-02  -0.0004 -9.0021e-03   0.0406  -0.0047  -0.0035   0.0904   0.0186   0.0091  -0.0062   0.0517   0.0002  -0.0023  1.3194e-02  -0.0061   0.0244   0.0117  -0.0064   0.0178  -0.0074   0.0083  -0.0022   0.0111   0.0532  1.4274e-02  -0.0068   0.0643   0.0307   0.0181  3.6363e-03   0.0332 -9.1060e-03  -0.0025  4.1482e-02   0.0080   0.0508   0.0097   0.0077  7.6001e-02  -0.0006
SIM7L2   0.0499 -6.8676e-03  0.0062  0.0365 -0.0045 -0.0014  0.0834  1.0000  7.4001e-03 -0.0064   0.0146  1.9918e-02   0.0182 -9.1218e-03   0.0210   0.0249  -0.0083   0.0260  -0.0002  -0.0078  -0.0066   0.0532  -0.0050   0.0589  6.2151e-03  -0.0010   0.0670   0.0145   0.0063  -0.0066  -0.0090  -0.0053   0.0141   0.0084   0.0581  1.6323e-02  -0.0003   0.0656   0.0061  -0.0014  6.4195e-03   0.0004  3.8167e-02  -0.0059  5.8315e-02   0.0460  -0.0038   0.0108   0.0055  3.6122e-02  -0.0067
SIM8L2   0.0295 -8.0774e-04  0.0104  0.0055  0.0005 -0.0056  0.0347  0.0074  1.0000e+00  0.0180   0.0076 -7.3153e-03   0.0494 -7.6867e-03  -0.0068  -0.0088   0.0140   0.0187   0.0265   0.0385   0.0012   0.0238   0.0643  -0.0072  6.7512e-03  -0.0063  -0.0088   0.0022   0.0266  -0.0063   0.0713  -0.0025  -0.0075   0.0023   0.0808 -1.9156e-06   0.0164   0.0198   0.0069   0.0050  9.3249e-02   0.0069  2.8143e-03  -0.0062  3.3740e-02   0.0252  -0.0086   0.0062  -0.0079 -4.5256e-03   0.0068
SIM9L2   0.0371  1.2444e-02  0.0200 -0.0080 -0.0030 -0.0071  0.0080 -0.0064  1.8005e-02  1.0000   0.0330 -6.5759e-03   0.0038 -5.3962e-03  -0.0072   0.0119  -0.0011  -0.0022  -0.0053   0.0217   0.0430   0.0107   0.0044   0.0561  1.8058e-02   0.0081   0.0203   0.0292   0.0015   0.0116   0.0039   0.0079   0.0150  -0.0080   0.0238  7.6571e-03  -0.0025   0.0113  -0.0072  -0.0068  3.1249e-02   0.0207  2.9041e-02  -0.0073  3.3660e-03  -0.0026  -0.0037   0.0208   0.0123 -3.4090e-03  -0.0054
SIM10L2  0.0323 -6.1314e-04 -0.0080  0.1191  0.0312 -0.0069  0.0228  0.0146  7.6408e-03  0.0330   1.0000  2.4063e-03  -0.0073 -8.0294e-03  -0.0005  -0.0018  -0.0069   0.1379   0.0169  -0.0046   0.0438  -0.0057   0.0114  -0.0025 -8.0175e-03   0.0060   0.1355   0.0148   0.0125   0.0165   0.0077   0.0757   0.0395   0.0959   0.0370 -1.5274e-03  -0.0073   0.0456  -0.0063   0.0045  7.0192e-03   0.0457 -4.1711e-03   0.0466 -6.3084e-03   0.0034   0.0098   0.0027   0.0315 -3.9063e-03  -0.0053
SIM11L2  0.0247  1.1722e-02  0.0816 -0.0035  0.0028  0.0317  0.0189  0.0199 -7.3153e-03 -0.0066   0.0024  1.0000e+00   0.0098 -1.6401e-03   0.0371   0.0161   0.0144   0.0055   0.0245  -0.0019   0.0042   0.0028   0.0083   0.0148  1.5251e-02   0.0039   0.0037   0.0013  -0.0073   0.0062  -0.0001   0.0010   0.0191   0.0140   0.0047  1.4431e-02  -0.0047  -0.0068   0.0194  -0.0047 -8.3698e-03   0.0084 -2.7045e-05   0.0045  1.2603e-02   0.0201   0.0591   0.0014   0.0356  2.2365e-02   0.0077
SIM12L2  0.0535  2.9562e-03  0.0062 -0.0096  0.0914  0.0327 -0.0004  0.0182  4.9418e-02  0.0038  -0.0073  9.7669e-03   1.0000  4.5288e-03   0.0067   0.0088   0.0032  -0.0032   0.0144   0.0133   0.0285   0.0144   0.0293  -0.0083  6.2818e-03   0.0021  -0.0003  -0.0040   0.0003   0.0411   0.0317   0.0243   0.0046   0.0106   0.0004 -3.9323e-03   0.0092  -0.0034   0.0629   0.0124  1.3404e-02   0.0188  2.5418e-02   0.0042  5.2344e-04   0.0186   0.0137   0.0084   0.0548  2.2781e-03  -0.0073
SIM13L2  0.0638  5.2285e-03  0.0049 -0.0095  0.0175 -0.0077 -0.0090 -0.0091 -7.6867e-03 -0.0054  -0.0080 -1.6401e-03   0.0045  1.0000e+00   0.0002   0.0041   0.0046   0.0063   0.0419   0.0234  -0.0066   0.0098   0.0729  -0.0089 -9.6549e-03   0.0068   0.0018  -0.0091   0.0882   0.0089  -0.0082   0.0388   0.0416  -0.0045   0.0095  1.5448e-02   0.0017   0.0524  -0.0079   0.0047  1.6145e-02  -0.0020  2.7310e-02   0.0041 -7.2367e-03   0.0093  -0.0035   0.0241   0.0177  9.6781e-05   0.0113
SIM14L2  0.0299  5.5691e-03 -0.0047  0.0068  0.0233 -0.0075  0.0406  0.0210 -6.7532e-03 -0.0072  -0.0005  3.7059e-02   0.0067  2.2305e-04   1.0000   0.0020  -0.0054   0.0145   0.0049   0.0002  -0.0084  -0.0011  -0.0056   0.0063  4.1350e-02  -0.0067   0.0096  -0.0099  -0.0074  -0.0059   0.0060  -0.0050  -0.0030  -0.0081   0.0034  2.1001e-03   0.0413  -0.0061   0.0168  -0.0023  2.3121e-02   0.0010 -1.5362e-03  -0.0083  1.2844e-02   0.0099   0.0327   0.0516   0.0026  8.4846e-03   0.0063
SIM15L2  0.0274 -9.0983e-04  0.0016 -0.0083  0.0179 -0.0067 -0.0047  0.0249 -8.8377e-03  0.0119  -0.0018  1.6095e-02   0.0088  4.0774e-03   0.0020   1.0000   0.0429  -0.0050  -0.0018  -0.0088   0.0038   0.0111  -0.0095   0.1338  4.3010e-02  -0.0060  -0.0010  -0.0038  -0.0019  -0.0072   0.0128  -0.0020   0.0017  -0.0078   0.0039 -8.7666e-03  -0.0069  -0.0007  -0.0029  -0.0007 -6.6941e-03  -0.0004  2.8066e-02   0.0382 -5.0848e-03   0.0148   0.0295   0.0086   0.0549  5.7958e-03   0.0214
SIM16L2  0.0312 -7.6922e-03  0.0150  0.0141 -0.0052  0.0335 -0.0035 -0.0083  1.4015e-02 -0.0011  -0.0069  1.4390e-02   0.0032  4.6237e-03  -0.0054   0.0429   1.0000  -0.0024  -0.0015   0.0168  -0.0046   0.0857   0.0112   0.0194 -2.3881e-04  -0.0069   0.0019   0.0053   0.0009   0.0087   0.0162   0.0145  -0.0045  -0.0044   0.0091  1.6195e-02   0.0135   0.0166   0.0320   0.0080  2.6445e-03   0.0033  9.0559e-02  -0.0053 -8.8694e-03   0.0479  -0.0050   0.0641   0.0224  5.3856e-02   0.0027
SIM17L2  0.0282 -8.0189e-03 -0.0017  0.1118  0.0191 -0.0085  0.0904  0.0260  1.8709e-02 -0.0022   0.1379  5.5400e-03  -0.0032  6.2891e-03   0.0145  -0.0050  -0.0024   1.0000   0.0719   0.0089   0.0095  -0.0072   0.0308   0.0005  9.3470e-03  -0.0003   0.1392   0.0030  -0.0029  -0.0037   0.0286  -0.0007  -0.0076  -0.0050   0.0275 -1.8781e-03  -0.0064  -0.0053   0.0069   0.0241 -4.7548e-03   0.0118  1.5605e-02   0.0484 -7.5061e-03  -0.0010   0.0120   0.0257   0.0336  5.2706e-02   0.0061
SIM18L2  0.0392 -4.8153e-03  0.0097 -0.0065  0.0328 -0.0050  0.0186 -0.0002  2.6549e-02 -0.0053   0.0169  2.4496e-02   0.0144  4.1920e-02   0.0049  -0.0018  -0.0015   0.0719   1.0000  -0.0080   0.0125   0.0048   0.0038  -0.0033 -7.9731e-03   0.0308   0.0006   0.0224   0.0193   0.0046   0.0202   0.0351  -0.0020  -0.0074  -0.0073  1.3030e-03   0.0144   0.0188   0.0592  -0.0053 -2.8543e-03   0.0012 -6.9422e-03   0.0016 -6.6521e-03   0.0026   0.0097   0.0270   0.0030  1.7581e-02   0.0032
SIM19L2  0.0331  1.6224e-04  0.0290 -0.0039  0.0341  0.0031  0.0091 -0.0078  3.8469e-02  0.0217  -0.0046 -1.9339e-03   0.0133  2.3408e-02   0.0002  -0.0088   0.0168   0.0089  -0.0080   1.0000  -0.0056   0.0464  -0.0060   0.0058 -4.0158e-03   0.0032  -0.0073   0.0037   0.0549   0.0144   0.0011  -0.0076  -0.0050   0.0024   0.0475 -5.1546e-03   0.0305   0.0030  -0.0082   0.0467 -4.3135e-03   0.0271  7.0531e-03   0.0413  2.4689e-03   0.0154  -0.0083   0.0008   0.0394  1.0094e-02   0.0317
SIM20L2  0.0508 -6.7002e-03 -0.0099 -0.0094  0.0044 -0.0063 -0.0062 -0.0066  1.2303e-03  0.0430   0.0438  4.2290e-03   0.0285 -6.6347e-03  -0.0084   0.0038  -0.0046   0.0095   0.0125  -0.0056   1.0000  -0.0025   0.0005   0.0166  2.5582e-03   0.0248   0.0065   0.0109   0.0131   0.0006  -0.0036   0.0023   0.1033   0.0241   0.0064  7.2973e-03   0.0144   0.0611   0.0252   0.0370 -4.5367e-03   0.0332  2.1853e-02  -0.0035 -4.4725e-03   0.0082   0.0016   0.0404  -0.0020  1.7546e-03  -0.0033
SIM21L2  0.0350 -7.4236e-03  0.0653 -0.0069  0.0004 -0.0069  0.0517  0.0532  2.3766e-02  0.0107  -0.0057  2.8333e-03   0.0144  9.7602e-03  -0.0011   0.0111   0.0857  -0.0072   0.0048   0.0464  -0.0025   1.0000   0.0437   0.0060 -4.3672e-03  -0.0062   0.0041   0.0275   0.0207   0.0117   0.0132   0.0020   0.0331  -0.0089   0.0492 -1.8415e-03   0.0029   0.0602   0.0077  -0.0093  8.7806e-03  -0.0069  6.9410e-02  -0.0071  5.4312e-02   0.0415  -0.0001   0.0332   0.0136 -3.1654e-03   0.0614
SIM22L2  0.0635  5.3310e-02 -0.0087 -0.0065  0.0083 -0.0040  0.0002 -0.0050  6.4327e-02  0.0044   0.0114  8.3079e-03   0.0293  7.2889e-02  -0.0056  -0.0095   0.0112   0.0308   0.0038  -0.0060   0.0005   0.0437   1.0000  -0.0002  2.8706e-02   0.0168   0.0051  -0.0030   0.0869  -0.0055   0.0305  -0.0024  -0.0078   0.0055   0.0089  6.3518e-03   0.0048   0.0915   0.0101  -0.0015  3.4135e-02  -0.0039 -3.7495e-03  -0.0081  1.2533e-02   0.0393  -0.0051   0.0395   0.0077 -2.5895e-03   0.0208
SIM23L2  0.0494 -7.9032e-03  0.0076 -0.0074 -0.0071  0.0050 -0.0023  0.0589 -7.2311e-03  0.0561  -0.0025  1.4769e-02  -0.0083 -8.9201e-03   0.0063   0.1338   0.0194   0.0005  -0.0033   0.0058   0.0166   0.0060  -0.0002   1.0000  5.6251e-02   0.0115   0.0678   0.0170   0.0678   0.0120   0.0154   0.0041  -0.0038  -0.0017   0.0072  2.2085e-02   0.0229   0.0132  -0.0092   0.0178  7.1971e-02  -0.0013 -8.0386e-03   0.0131  4.8905e-03   0.0387   0.0319   0.0176   0.0034  3.6437e-02   0.0116
SIM24L2  0.0397 -8.5552e-05 -0.0055 -0.0066 -0.0074 -0.0060  0.0132  0.0062  6.7512e-03  0.0181  -0.0080  1.5251e-02   0.0063 -9.6549e-03   0.0413   0.0430  -0.0002   0.0093  -0.0080  -0.0040   0.0026  -0.0044   0.0287   0.0563  1.0000e+00   0.0179  -0.0078   0.0079  -0.0054  -0.0086   0.0005   0.0225  -0.0002  -0.0074   0.0259  3.6078e-02  -0.0022  -0.0066   0.0102  -0.0090  3.4987e-02  -0.0065 -7.1955e-05   0.0073 -2.0533e-03   0.0154   0.0328  -0.0054  -0.0049 -3.6283e-03  -0.0028
SIM25L2  0.0338 -5.4187e-03  0.0067  0.0029 -0.0029  0.0194 -0.0061 -0.0010 -6.3275e-03  0.0081   0.0060  3.8658e-03   0.0021  6.7872e-03  -0.0067  -0.0060  -0.0069  -0.0003   0.0308   0.0032   0.0248  -0.0062   0.0168   0.0115  1.7881e-02   1.0000  -0.0066   0.0489   0.0407  -0.0070   0.0193   0.1067   0.0051  -0.0035  -0.0027 -6.5466e-03   0.0018   0.0336   0.0022  -0.0039  7.0848e-02   0.0129  4.4644e-02   0.0343  1.5378e-04  -0.0028   0.0016  -0.0075  -0.0078  1.8588e-02   0.0173
SIM26L2  0.0502  2.6511e-03  0.0295  0.1000 -0.0031 -0.0021  0.0244  0.0670 -8.7769e-03  0.0203   0.1355  3.6510e-03  -0.0003  1.8146e-03   0.0096  -0.0010   0.0019   0.1392   0.0006  -0.0073   0.0065   0.0041   0.0051   0.0678 -7.8160e-03  -0.0066   1.0000   0.0039   0.0060   0.0045   0.0015   0.0078  -0.0002   0.0119   0.0390  5.9870e-02   0.0115  -0.0046  -0.0070   0.0102  4.7484e-03   0.0243  6.7178e-03   0.0413  2.5017e-02   0.0370   0.0056   0.0098  -0.0038  3.8164e-03  -0.0044
SIM27L2  0.0331  5.6335e-02  0.0181 -0.0070 -0.0069  0.0059  0.0117  0.0145  2.2372e-03  0.0292   0.0148  1.3417e-03  -0.0040 -9.1057e-03  -0.0099  -0.0038   0.0053   0.0030   0.0224   0.0037   0.0109   0.0275  -0.0030   0.0170  7.8760e-03   0.0489   0.0039   1.0000   0.0028   0.0396   0.0176  -0.0020  -0.0060  -0.0059  -0.0061 -7.2671e-03   0.0069   0.0431   0.0102   0.0016  2.8657e-02   0.0086 -3.7245e-03   0.0190  1.8008e-02   0.0055  -0.0013   0.0322  -0.0064  2.9109e-03   0.0173
SIM28L2  0.0576  4.0445e-02  0.0207  0.0070  0.0032  0.0037 -0.0064  0.0063  2.6569e-02  0.0015   0.0125 -7.3128e-03   0.0003  8.8246e-02  -0.0074  -0.0019   0.0009  -0.0029   0.0193   0.0549   0.0131   0.0207   0.0869   0.0678 -5.3842e-03   0.0407   0.0060   0.0028   1.0000  -0.0022   0.0033  -0.0034   0.0089   0.0077  -0.0085  2.5862e-02  -0.0028  -0.0093   0.0914  -0.0074  8.3644e-02   0.0235 -8.9963e-03   0.0063  3.9281e-03   0.0352  -0.0066   0.0106   0.0138  1.8924e-03   0.0143
SIM29L2  0.0120  3.1314e-03  0.0377  0.0055  0.0083 -0.0031  0.0178 -0.0066 -6.2699e-03  0.0116   0.0165  6.2103e-03   0.0411  8.9192e-03  -0.0059  -0.0072   0.0087  -0.0037   0.0046   0.0144   0.0006   0.0117  -0.0055   0.0120 -8.6193e-03  -0.0070   0.0045   0.0396  -0.0022   1.0000   0.0352   0.0125   0.0148   0.0033  -0.0025 -2.5507e-03  -0.0037   0.0010   0.0539  -0.0086  9.0557e-03   0.0408 -4.1596e-03   0.0805 -6.8418e-03   0.0010   0.0361   0.0090   0.0392  3.3600e-03   0.0285
SIM30L2  0.0215 -8.3741e-03  0.0352  0.0094 -0.0004  0.0013 -0.0074 -0.0090  7.1286e-02  0.0039   0.0077 -1.1347e-04   0.0317 -8.1514e-03   0.0060   0.0128   0.0162   0.0286   0.0202   0.0011  -0.0036   0.0132   0.0305   0.0154  4.9012e-04   0.0193   0.0015   0.0176   0.0033   0.0352   1.0000   0.0003  -0.0080   0.0150   0.0376  6.1905e-02   0.0224   0.0183  -0.0057   0.0050  4.3460e-02  -0.0093 -5.5152e-03   0.0891  1.4557e-02  -0.0066   0.1864   0.0006  -0.0035  1.6128e-03  -0.0010
SIM31L2  0.0322 -6.1298e-03  0.0212  0.0004  0.0146  0.0428  0.0083 -0.0053 -2.5213e-03  0.0079   0.0757  1.0066e-03   0.0243  3.8810e-02  -0.0050  -0.0020   0.0145  -0.0007   0.0351  -0.0076   0.0023   0.0020  -0.0024   0.0041  2.2472e-02   0.1067   0.0078  -0.0020  -0.0034   0.0125   0.0003   1.0000   0.0131  -0.0031  -0.0068 -6.8052e-03  -0.0079   0.0054  -0.0090   0.0313  6.4442e-03  -0.0074  5.4232e-02  -0.0006  1.4752e-02   0.0179   0.0278  -0.0035  -0.0064  8.4114e-03   0.0024
SIM32L2  0.0324  1.3105e-02  0.0346  0.0147  0.0365  0.0763 -0.0022  0.0141 -7.4892e-03  0.0150   0.0395  1.9093e-02   0.0046  4.1645e-02  -0.0030   0.0017  -0.0045  -0.0076  -0.0020  -0.0050   0.1033   0.0331  -0.0078  -0.0038 -2.3135e-04   0.0051  -0.0002  -0.0060   0.0089   0.0148  -0.0080   0.0131   1.0000  -0.0005  -0.0008  1.7236e-02  -0.0062   0.0240  -0.0058  -0.0080 -1.9908e-03   0.0281  3.4440e-02  -0.0023 -4.3055e-03   0.0175  -0.0070   0.0360   0.0053  8.1913e-03  -0.0042
SIM33L2  0.0196 -4.6768e-03 -0.0007 -0.0081  0.0065  0.0031  0.0111  0.0084  2.2634e-03 -0.0080   0.0959  1.3953e-02   0.0106 -4.4929e-03  -0.0081  -0.0078  -0.0044  -0.0050  -0.0074   0.0024   0.0241  -0.0089   0.0055  -0.0017 -7.4472e-03  -0.0035   0.0119  -0.0059   0.0077   0.0033   0.0150  -0.0031  -0.0005   1.0000   0.0087  9.3296e-03  -0.0078  -0.0057   0.0094   0.0096 -7.4141e-03  -0.0084  4.5545e-03   0.0108 -6.7473e-03  -0.0057  -0.0024  -0.0061  -0.0052  1.5376e-02   0.0113
SIM34L2  0.0707 -1.2762e-03 -0.0102  0.0011 -0.0065 -0.0071  0.0532  0.0581  8.0801e-02  0.0238   0.0370  4.6993e-03   0.0004  9.4901e-03   0.0034   0.0039   0.0091   0.0275  -0.0073   0.0475   0.0064   0.0492   0.0089   0.0072  2.5930e-02  -0.0027   0.0390  -0.0061  -0.0085  -0.0025   0.0376  -0.0068  -0.0008   0.0087   1.0000 -4.8798e-03   0.0053   0.1209   0.0071   0.0007  5.0244e-02   0.0161  8.4426e-03  -0.0079  6.2196e-02  -0.0077  -0.0089   0.0197   0.0021 -5.6332e-03   0.0128
SIM35L2  0.0509 -8.6331e-03  0.0275  0.0199  0.0010  0.0613  0.0143  0.0163 -1.9156e-06  0.0077  -0.0015  1.4431e-02  -0.0039  1.5448e-02   0.0021  -0.0088   0.0162  -0.0019   0.0013  -0.0052   0.0073  -0.0018   0.0064   0.0221  3.6078e-02  -0.0065   0.0599  -0.0073   0.0259  -0.0026   0.0619  -0.0068   0.0172   0.0093  -0.0049  1.0000e+00   0.0162   0.0159  -0.0076   0.0018  1.5004e-02   0.0251  2.9883e-02   0.0029 -3.6193e-03   0.0081   0.0346   0.0610   0.0430  9.1978e-03  -0.0052
SIM36L2  0.0255  3.6551e-03 -0.0053 -0.0028  0.0150 -0.0021 -0.0068 -0.0003  1.6383e-02 -0.0025  -0.0073 -4.7222e-03   0.0092  1.7092e-03   0.0413  -0.0069   0.0135  -0.0064   0.0144   0.0305   0.0144   0.0029   0.0048   0.0229 -2.2447e-03   0.0018   0.0115   0.0069  -0.0028  -0.0037   0.0224  -0.0079  -0.0062  -0.0078   0.0053  1.6219e-02   1.0000  -0.0051   0.0139  -0.0056  3.1329e-02   0.0037 -4.5906e-03  -0.0078  4.4497e-02   0.0445  -0.0072  -0.0029   0.0218  1.3700e-02   0.0786
SIM37L2  0.0644  3.7245e-02  0.0021 -0.0074  0.0116 -0.0019  0.0643  0.0656  1.9801e-02  0.0113   0.0456 -6.8416e-03  -0.0034  5.2414e-02  -0.0061  -0.0007   0.0166  -0.0053   0.0188   0.0030   0.0611   0.0602   0.0915   0.0132 -6.6119e-03   0.0336  -0.0046   0.0431  -0.0093   0.0010   0.0183   0.0054   0.0240  -0.0057   0.1209  1.5898e-02  -0.0051   1.0000   0.0287  -0.0021  3.4957e-03   0.0718  2.9782e-03  -0.0046  8.5473e-02  -0.0051  -0.0046   0.0788  -0.0083  1.4445e-02   0.0188
SIM38L2  0.0648  8.3762e-02 -0.0027  0.0008 -0.0070  0.0678  0.0307  0.0061  6.9071e-03 -0.0072  -0.0063  1.9432e-02   0.0629 -7.9216e-03   0.0168  -0.0029   0.0320   0.0069   0.0592  -0.0082   0.0252   0.0077   0.0101  -0.0092  1.0248e-02   0.0022  -0.0070   0.0102   0.0914   0.0539  -0.0057  -0.0090  -0.0058   0.0094   0.0071 -7.5618e-03   0.0139   0.0287   1.0000  -0.0044 -4.3096e-03   0.0139 -6.8633e-03  -0.0085  1.6829e-03   0.0101   0.0227  -0.0001   0.0082  4.4476e-02   0.0062
SIM39L2  0.0428  9.5605e-03  0.0029  0.0020 -0.0076  0.0243  0.0181 -0.0014  5.0142e-03 -0.0068   0.0045 -4.7445e-03   0.0124  4.7341e-03  -0.0023  -0.0007   0.0080   0.0241  -0.0053   0.0467   0.0370  -0.0093  -0.0015   0.0178 -9.0353e-03  -0.0039   0.0102   0.0016  -0.0074  -0.0086   0.0050   0.0313  -0.0080   0.0096   0.0007  1.8379e-03  -0.0056  -0.0021  -0.0044   1.0000 -2.4304e-03   0.0002  6.5423e-03   0.0326 -4.8390e-03   0.0494   0.0672  -0.0041  -0.0036  9.9041e-02   0.0233
SIM40L2  0.0407  3.6775e-02  0.0173  0.0073 -0.0081 -0.0032  0.0036  0.0064  9.3249e-02  0.0312   0.0070 -8.3698e-03   0.0134  1.6145e-02   0.0231  -0.0067   0.0026  -0.0048  -0.0029  -0.0043  -0.0045   0.0088   0.0341   0.0720  3.4987e-02   0.0708   0.0047   0.0287   0.0836   0.0091   0.0435   0.0064  -0.0020  -0.0074   0.0502  1.5004e-02   0.0313   0.0035  -0.0043  -0.0024  1.0000e+00   0.0393  2.5522e-03   0.0026  4.9797e-05   0.0671   0.0003   0.0194  -0.0018 -5.0370e-03  -0.0072
SIM41L2  0.0459  1.9761e-02 -0.0003 -0.0059 -0.0074 -0.0075  0.0332  0.0004  6.8809e-03  0.0207   0.0457  8.3603e-03   0.0188 -2.0405e-03   0.0010  -0.0004   0.0033   0.0118   0.0012   0.0271   0.0332  -0.0069  -0.0039  -0.0013 -6.4742e-03   0.0129   0.0243   0.0086   0.0235   0.0408  -0.0093  -0.0074   0.0281  -0.0084   0.0161  2.5104e-02   0.0037   0.0718   0.0139   0.0002  3.9347e-02   1.0000 -4.5063e-03  -0.0062 -1.9087e-03   0.0135  -0.0074   0.0577   0.0050  2.3861e-02   0.0253
SIM42L2  0.0519  6.8406e-02  0.0170 -0.0040  0.0393 -0.0081 -0.0091  0.0382  2.8143e-03  0.0290  -0.0042 -2.7045e-05   0.0254  2.7310e-02  -0.0015   0.0281   0.0906   0.0156  -0.0069   0.0071   0.0219   0.0694  -0.0037  -0.0080 -7.1955e-05   0.0446   0.0067  -0.0037  -0.0090  -0.0042  -0.0055   0.0542   0.0344   0.0046   0.0084  2.9883e-02  -0.0046   0.0030  -0.0069   0.0065  2.5522e-03  -0.0045  1.0000e+00   0.0006 -9.9596e-03  -0.0050  -0.0061   0.0083   0.0167  4.5540e-02  -0.0081
SIM43L2  0.0436  1.9367e-02  0.0251  0.0449  0.0279 -0.0030 -0.0025 -0.0059 -6.2168e-03 -0.0073   0.0466  4.5085e-03   0.0042  4.0787e-03  -0.0083   0.0382  -0.0053   0.0484   0.0016   0.0413  -0.0035  -0.0071  -0.0081   0.0131  7.3472e-03   0.0343   0.0413   0.0190   0.0063   0.0805   0.0891  -0.0006  -0.0023   0.0108  -0.0079  2.9484e-03  -0.0078  -0.0046  -0.0085   0.0326  2.5524e-03  -0.0062  5.9552e-04   1.0000 -7.3240e-03  -0.0062   0.0768  -0.0014   0.0016 -8.8539e-04   0.0296
SIM44L2  0.0321  8.3801e-03  0.0035  0.0322 -0.0073 -0.0058  0.0415  0.0583  3.3740e-02  0.0034  -0.0063  1.2603e-02   0.0005 -7.2367e-03   0.0128  -0.0051  -0.0089  -0.0075  -0.0067   0.0025  -0.0045   0.0543   0.0125   0.0049 -2.0533e-03   0.0002   0.0250   0.0180   0.0039  -0.0068   0.0146   0.0148  -0.0043  -0.0067   0.0622 -3.6193e-03   0.0445   0.0855   0.0017  -0.0048  4.9797e-05  -0.0019 -9.9596e-03  -0.0073  1.0000e+00   0.0294  -0.0018   0.0177   0.0010  3.5052e-03   0.1041
SIM45L2  0.0581  4.4665e-03  0.0091 -0.0019  0.0022 -0.0002  0.0080  0.0460  2.5236e-02 -0.0026   0.0034  2.0108e-02   0.0186  9.2882e-03   0.0099   0.0148   0.0479  -0.0010   0.0026   0.0154   0.0082   0.0415   0.0393   0.0387  1.5357e-02  -0.0028   0.0370   0.0055   0.0352   0.0010  -0.0066   0.0179   0.0175  -0.0057  -0.0077  8.0901e-03   0.0445  -0.0051   0.0101   0.0494  6.7113e-02   0.0135 -5.0164e-03  -0.0062  2.9444e-02   1.0000   0.0278   0.0470  -0.0055  1.3399e-01   0.0662
SIM46L2  0.0286  2.1791e-02  0.0430  0.0366 -0.0062 -0.0078  0.0508 -0.0038 -8.5729e-03 -0.0037   0.0098  5.9075e-02   0.0137 -3.4707e-03   0.0327   0.0295  -0.0050   0.0120   0.0097  -0.0083   0.0016  -0.0001  -0.0051   0.0319  3.2822e-02   0.0016   0.0056  -0.0013  -0.0066   0.0361   0.1864   0.0278  -0.0070  -0.0024  -0.0089  3.4564e-02  -0.0072  -0.0046   0.0227   0.0672  2.9220e-04  -0.0074 -6.0808e-03   0.0768 -1.8095e-03   0.0278   1.0000   0.0143  -0.0082  5.6320e-03   0.0274
SIM47L2  0.0270 -3.6036e-03  0.0131  0.0034  0.0157 -0.0082  0.0097  0.0108  6.2178e-03  0.0208   0.0027  1.4419e-03   0.0084  2.4120e-02   0.0516   0.0086   0.0641   0.0257   0.0270   0.0008   0.0404   0.0332   0.0395   0.0176 -5.4313e-03  -0.0075   0.0098   0.0322   0.0106   0.0090   0.0006  -0.0035   0.0360  -0.0061   0.0197  6.0954e-02  -0.0029   0.0788  -0.0001  -0.0041  1.9398e-02   0.0577  8.2597e-03  -0.0014  1.7668e-02   0.0470   0.0143   1.0000   0.0142  6.1668e-02  -0.0100
SIM48L2  0.0202  7.1680e-03  0.0025 -0.0055  0.0227  0.0071  0.0077  0.0055 -7.8806e-03  0.0123   0.0315  3.5577e-02   0.0548  1.7682e-02   0.0026   0.0549   0.0224   0.0336   0.0030   0.0394  -0.0020   0.0136   0.0077   0.0034 -4.9103e-03  -0.0078  -0.0038  -0.0064   0.0138   0.0392  -0.0035  -0.0064   0.0053  -0.0052   0.0021  4.3033e-02   0.0218  -0.0083   0.0082  -0.0036 -1.8200e-03   0.0050  1.6711e-02   0.0016  1.0054e-03  -0.0055  -0.0082   0.0142   1.0000 -4.3737e-03  -0.0008
SIM49L2  0.0464  7.3085e-02 -0.0004 -0.0010 -0.0014  0.0008  0.0760  0.0361 -4.5256e-03 -0.0034  -0.0039  2.2365e-02   0.0023  9.6781e-05   0.0085   0.0058   0.0539   0.0527   0.0176   0.0101   0.0018  -0.0032  -0.0026   0.0364 -3.6283e-03   0.0186   0.0038   0.0029   0.0019   0.0034   0.0016   0.0084   0.0082   0.0154  -0.0056  9.1978e-03   0.0137   0.0144   0.0445   0.0990 -5.0370e-03   0.0239  4.5540e-02  -0.0009  3.5052e-03   0.1340   0.0056   0.0617  -0.0044  1.0000e+00   0.0365
SIM50L2  0.0683 -4.4193e-03  0.0020 -0.0093 -0.0072 -0.0029 -0.0006 -0.0067  6.7791e-03 -0.0054  -0.0053  7.7108e-03  -0.0073  1.1273e-02   0.0063   0.0214   0.0027   0.0061   0.0032   0.0317  -0.0033   0.0614   0.0208   0.0116 -2.7774e-03   0.0173  -0.0044   0.0173   0.0143   0.0285  -0.0010   0.0024  -0.0042   0.0113   0.0128 -5.1620e-03   0.0786   0.0188   0.0062   0.0233 -7.2091e-03   0.0253 -8.0696e-03   0.0296  1.0406e-01   0.0662   0.0274  -0.0100  -0.0008  3.6451e-02   1.0000

LD Score Matrix Condition Number
1.8918

Annotation Correlation Matrix
             SIM1        SIM2        SIM3        SIM4        SIM5        SIM6        SIM7        SIM8        SIM9       SIM10       SIM11       SIM12       SIM13       SIM14       SIM15       SIM16       SIM17       SIM18       SIM19       SIM20       SIM21       SIM22       SIM23       SIM24       SIM25       SIM26       SIM27       SIM28       SIM29       SIM30       SIM31       SIM32       SIM33       SIM34       SIM35       SIM36       SIM37       SIM38       SIM39       SIM40       SIM41       SIM42       SIM43       SIM44       SIM45       SIM46       SIM47       SIM48       SIM49       SIM50
SIM1   1.0000e+00  1.2767e-02 -9.1563e-05 -9.0439e-05 -8.2145e-05 -9.1563e-05  1.2542e-02 -9.6986e-05 -8.2765e-05 -7.9616e-05 -8.8727e-05 -9.1003e-05 -9.2119e-05  1.3087e-02 -8.8149e-05 -9.5391e-05 -8.6981e-05 -8.4597e-05 -8.9872e-05 -8.9872e-05 -8.8727e-05 -9.6986e-05 -7.7005e-05  1.2542e-02 -8.8149e-05 -9.0439e-05 -9.4854e-05 -9.2119e-05 -9.0439e-05 -9.3769e-05 -8.3991e-05 -8.8149e-05 -8.8149e-05  1.2616e-02 -8.9301e-05 -7.9616e-05 -9.6986e-05  1.3902e-02 -8.6981e-05 -9.3769e-05 -9.6457e-05 -8.8149e-05  1.3708e-02 -9.5926e-05 -9.1563e-05  2.5475e-02 -9.3769e-05 -8.5798e-05 -8.9301e-05 -9.3223e-05
SIM2   1.2767e-02  1.0000e+00 -9.8900e-05 -9.7686e-05 -8.8727e-05  2.4002e-02 -1.0187e-04 -1.0476e-04 -8.9397e-05 -8.5996e-05 -9.5837e-05 -9.8295e-05 -9.9501e-05 -9.7686e-05 -9.5212e-05  1.1464e-02 -9.3951e-05 -9.1376e-05 -9.7073e-05 -9.7073e-05 -9.5837e-05 -1.0476e-04 -8.3175e-05 -1.0187e-04 -9.5212e-05 -9.7686e-05  1.1530e-02 -9.9501e-05 -9.7686e-05 -1.0128e-04 -9.0721e-05 -9.5212e-05 -9.5212e-05 -1.0128e-04  1.2259e-02 -8.5996e-05  1.1272e-02 -9.2027e-05 -9.3951e-05 -1.0128e-04 -1.0419e-04  1.2422e-02 -9.3314e-05 -1.0361e-04  1.1951e-02 -1.0069e-04 -1.0128e-04 -9.2673e-05 -9.6457e-05 -1.0069e-04
SIM3  -9.1563e-05 -9.8900e-05  1.0000e+00 -9.6516e-05 -8.7664e-05  1.2099e-02  1.1740e-02 -1.0350e-04 -8.8326e-05 -8.4966e-05 -9.4689e-05 -9.7117e-05 -9.8309e-05 -9.6516e-05 -9.4072e-05 -1.0180e-04 -9.2826e-05 -9.0282e-05 -9.5911e-05 -9.5911e-05 -9.4689e-05 -1.0350e-04 -8.2179e-05 -1.0065e-04 -9.4072e-05  1.2251e-02 -1.0123e-04 -9.8309e-05 -9.6516e-05 -1.0007e-04  1.3206e-02 -9.4072e-05 -9.4072e-05 -1.0007e-04 -9.5302e-05 -8.4966e-05 -1.0350e-04  1.3016e-02 -9.2826e-05 -1.0007e-04 -1.0294e-04 -9.4072e-05 -9.2196e-05 -1.0237e-04 -9.7715e-05 -9.9487e-05 -1.0007e-04 -9.1563e-05 -9.5302e-05 -9.9487e-05
SIM4  -9.0439e-05 -9.7686e-05 -9.6516e-05  1.0000e+00 -8.6588e-05 -9.6516e-05 -9.9415e-05 -1.0223e-04 -8.7242e-05 -8.3923e-05 -9.3527e-05  1.2328e-02 -9.7103e-05 -9.5331e-05  1.2733e-02 -1.0055e-04 -9.1687e-05 -8.9174e-05  1.2485e-02 -9.4734e-05  1.2649e-02 -1.0223e-04 -8.1171e-05 -9.9415e-05 -9.2917e-05  1.2406e-02 -9.9985e-05 -9.7103e-05 -9.5331e-05 -9.8842e-05 -8.8535e-05 -9.2917e-05 -9.2917e-05 -9.8842e-05 -9.4132e-05 -8.3923e-05 -1.0223e-04 -8.9809e-05 -9.1687e-05 -9.8842e-05 -1.0168e-04 -9.2917e-05 -9.1065e-05 -1.0111e-04  1.2251e-02 -9.8266e-05 -9.8842e-05 -9.0439e-05 -9.4132e-05 -9.8266e-05
SIM5  -8.2145e-05 -8.8727e-05 -8.7664e-05 -8.6588e-05  1.0000e+00 -8.7664e-05  1.3108e-02 -9.2856e-05 -7.9241e-05 -7.6226e-05 -8.4949e-05  1.3591e-02 -8.8197e-05 -8.6588e-05 -8.4396e-05  1.2958e-02 -8.3278e-05 -8.0996e-05  1.3764e-02 -8.6045e-05 -8.4949e-05 -9.2856e-05  1.6090e-02 -9.0298e-05 -8.4396e-05  1.3677e-02 -9.0815e-05 -8.8197e-05 -8.6588e-05 -8.9777e-05 -8.0415e-05 -8.4396e-05 -8.4396e-05 -8.9777e-05 -8.5499e-05 -7.6226e-05  1.2742e-02 -8.1572e-05 -8.3278e-05 -8.9777e-05 -9.2350e-05 -8.4396e-05 -8.2713e-05 -9.1841e-05 -8.7664e-05 -8.9254e-05 -8.9777e-05  1.4426e-02  1.3853e-02 -8.9254e-05
SIM6  -9.1563e-05  2.4002e-02  1.2099e-02 -9.6516e-05 -8.7664e-05  1.0000e+00 -1.0065e-04 -1.0350e-04 -8.8326e-05 -8.4966e-05 -9.4689e-05 -9.7117e-05 -9.8309e-05 -9.6516e-05 -9.4072e-05 -1.0180e-04 -9.2826e-05  1.3110e-02 -9.5911e-05 -9.5911e-05 -9.4689e-05 -1.0350e-04 -8.2179e-05 -1.0065e-04 -9.4072e-05 -9.6516e-05 -1.0123e-04 -9.8309e-05 -9.6516e-05 -1.0007e-04 -8.9635e-05 -9.4072e-05 -9.4072e-05 -1.0007e-04 -9.5302e-05 -8.4966e-05 -1.0350e-04 -9.0924e-05 -9.2826e-05 -1.0007e-04 -1.0294e-04 -9.4072e-05 -9.2196e-05 -1.0237e-04 -9.7715e-05  1.1880e-02 -1.0007e-04 -9.1563e-05 -9.5302e-05 -9.9487e-05
SIM7   1.2542e-02 -1.0187e-04  1.1740e-02 -9.9415e-05  1.3108e-02 -1.0065e-04  1.0000e+00 -1.0661e-04 -9.0979e-05 -8.7518e-05 -9.7533e-05 -1.0003e-04 -1.0126e-04  1.1888e-02 -9.6898e-05 -1.0486e-04  1.2369e-02 -9.2994e-05 -9.8792e-05 -9.8792e-05 -9.7533e-05 -1.0661e-04 -8.4648e-05 -1.0367e-04 -9.6898e-05 -9.9415e-05 -1.0427e-04  1.1668e-02 -9.9415e-05 -1.0308e-04 -9.2327e-05  1.2202e-02 -9.6898e-05 -1.0308e-04 -9.8165e-05 -8.7518e-05 -1.0661e-04 -9.3656e-05  1.2369e-02 -1.0308e-04  1.1134e-02 -9.6898e-05 -9.4966e-05 -1.0545e-04 -1.0065e-04 -1.0248e-04 -1.0308e-04 -9.4313e-05 -9.8165e-05 -1.0248e-04
SIM8  -9.6986e-05 -1.0476e-04 -1.0350e-04 -1.0223e-04 -9.2856e-05 -1.0350e-04 -1.0661e-04  1.0000e+00 -9.3557e-05 -8.9998e-05 -1.0030e-04 -1.0287e-04 -1.0413e-04 -1.0223e-04 -9.9644e-05 -1.0783e-04 -9.8324e-05 -9.5629e-05  1.1629e-02 -1.0159e-04 -1.0030e-04  1.0761e-02 -8.7047e-05  1.1072e-02 -9.9644e-05 -1.0223e-04 -1.0722e-04 -1.0413e-04 -1.0223e-04  1.1138e-02 -9.4943e-05 -9.9644e-05 -9.9644e-05 -1.0600e-04 -1.0095e-04  1.3152e-02 -1.0963e-04 -9.6310e-05 -9.8324e-05 -1.0600e-04 -1.0904e-04 -9.9644e-05 -9.7657e-05 -1.0843e-04  1.1411e-02 -1.0538e-04 -1.0600e-04 -9.6986e-05 -1.0095e-04 -1.0538e-04
SIM9  -8.2765e-05 -8.9397e-05 -8.8326e-05 -8.7242e-05 -7.9241e-05 -8.8326e-05 -9.0979e-05 -9.3557e-05  1.0000e+00  1.5440e-02 -8.5590e-05 -8.7786e-05 -8.8863e-05 -8.7242e-05 -8.5033e-05 -9.2019e-05 -8.3906e-05 -8.1607e-05  1.3660e-02 -8.6695e-05  1.3838e-02 -9.3557e-05 -7.4283e-05 -9.0979e-05 -8.5033e-05 -8.7242e-05 -9.1501e-05 -8.8863e-05 -8.7242e-05 -9.0455e-05 -8.1022e-05 -8.5033e-05 -8.5033e-05  1.3085e-02 -8.6144e-05 -7.6802e-05  1.2645e-02 -8.2188e-05 -8.3906e-05 -9.0455e-05 -9.3047e-05 -8.5033e-05 -8.3337e-05 -9.2535e-05 -8.8326e-05 -8.9927e-05 -9.0455e-05 -8.2765e-05 -8.6144e-05 -8.9927e-05
SIM10 -7.9616e-05 -8.5996e-05 -8.4966e-05 -8.3923e-05 -7.6226e-05 -8.4966e-05 -8.7518e-05 -8.9998e-05  1.5440e-02  1.0000e+00 -8.2335e-05 -8.4446e-05 -8.5483e-05 -8.3923e-05 -8.1798e-05 -8.8519e-05 -8.0715e-05 -7.8503e-05 -8.3397e-05 -8.3397e-05 -8.2335e-05 -8.9998e-05 -7.1457e-05 -8.7518e-05 -8.1798e-05  1.4116e-02 -8.8020e-05 -8.5483e-05 -8.3923e-05 -8.7014e-05 -7.7940e-05 -8.1798e-05 -8.1798e-05 -8.7014e-05 -8.2868e-05 -7.3880e-05 -8.9998e-05 -7.9061e-05 -8.0715e-05  1.3609e-02 -8.9508e-05 -8.1798e-05 -8.0167e-05 -8.9015e-05 -8.4966e-05 -8.6506e-05 -8.7014e-05 -7.9616e-05 -8.2868e-05 -8.6506e-05
SIM11 -8.8727e-05 -9.5837e-05 -9.4689e-05 -9.3527e-05 -8.4949e-05 -9.4689e-05 -9.7533e-05 -1.0030e-04 -8.5590e-05 -8.2335e-05  1.0000e+00 -9.4110e-05 -9.5264e-05 -9.3527e-05 -9.1158e-05 -9.8648e-05 -8.9951e-05  1.3535e-02 -9.2940e-05 -9.2940e-05 -9.1756e-05 -1.0030e-04 -7.9634e-05 -9.7533e-05 -9.1158e-05 -9.3527e-05  1.2051e-02 -9.5264e-05 -9.3527e-05 -9.6971e-05 -8.6859e-05  1.2982e-02 -9.1158e-05 -9.6971e-05 -9.2350e-05 -8.2335e-05 -1.0030e-04  1.3438e-02 -8.9951e-05 -9.6971e-05 -9.9750e-05 -9.1158e-05 -8.9341e-05  1.1914e-02 -9.4689e-05 -9.6405e-05 -9.6971e-05 -8.8727e-05 -9.2350e-05 -9.6405e-05
SIM12 -9.1003e-05 -9.8295e-05 -9.7117e-05  1.2328e-02  1.3591e-02 -9.7117e-05 -1.0003e-04 -1.0287e-04 -8.7786e-05 -8.4446e-05 -9.4110e-05  1.0000e+00 -9.7708e-05 -9.5926e-05 -9.3496e-05 -1.0118e-04 -9.2258e-05 -8.9730e-05 -9.5324e-05 -9.5324e-05 -9.4110e-05 -1.0287e-04 -8.1677e-05 -1.0003e-04 -9.3496e-05 -9.5926e-05 -1.0061e-04 -9.7708e-05 -9.5926e-05 -9.9458e-05 -8.9086e-05 -9.3496e-05  1.2653e-02 -9.9458e-05 -9.4719e-05 -8.4446e-05 -1.0287e-04 -9.0368e-05 -9.2258e-05 -9.9458e-05 -1.0231e-04 -9.3496e-05 -9.1632e-05 -1.0174e-04 -9.7117e-05 -9.8878e-05 -9.9458e-05  1.3005e-02 -9.4719e-05 -9.8878e-05
SIM13 -9.2119e-05 -9.9501e-05 -9.8309e-05 -9.7103e-05 -8.8197e-05 -9.8309e-05 -1.0126e-04 -1.0413e-04 -8.8863e-05 -8.5483e-05 -9.5264e-05 -9.7708e-05  1.0000e+00 -9.7103e-05 -9.4644e-05 -1.0242e-04 -9.3390e-05 -9.0831e-05 -9.6494e-05 -9.6494e-05 -9.5264e-05 -1.0413e-04 -8.2679e-05 -1.0126e-04 -9.4644e-05 -9.7103e-05 -1.0184e-04 -9.8907e-05 -9.7103e-05 -1.0068e-04 -9.0180e-05 -9.4644e-05 -9.4644e-05  1.1737e-02 -9.5881e-05 -8.5483e-05  1.1341e-02 -9.1477e-05 -9.3390e-05 -1.0068e-04 -1.0356e-04  1.2497e-02 -9.2757e-05 -1.0299e-04 -9.8309e-05 -1.0009e-04  1.1737e-02 -9.2119e-05 -9.5881e-05 -1.0009e-04
SIM14  1.3087e-02 -9.7686e-05 -9.6516e-05 -9.5331e-05 -8.6588e-05 -9.6516e-05  1.1888e-02 -1.0223e-04 -8.7242e-05 -8.3923e-05 -9.3527e-05 -9.5926e-05 -9.7103e-05  1.0000e+00 -9.2917e-05 -1.0055e-04 -9.1687e-05 -8.9174e-05 -9.4734e-05 -9.4734e-05 -9.3527e-05 -1.0223e-04 -8.1171e-05 -9.9415e-05 -9.2917e-05 -9.5331e-05 -9.9985e-05 -9.7103e-05 -9.5331e-05 -9.8842e-05 -8.8535e-05 -9.2917e-05 -9.2917e-05  1.1958e-02  1.2566e-02 -8.3923e-05 -1.0223e-04 -8.9809e-05 -9.1687e-05 -9.8842e-05 -1.0168e-04 -9.2917e-05 -9.1065e-05 -1.0111e-04 -9.6516e-05  1.2030e-02 -9.8842e-05 -9.0439e-05 -9.4132e-05 -9.8266e-05
