*********************************************************************
* LD Score Regression (LDSC)
* Version 1.0.1
* (C) 2014-2019 Brendan Bulik-Sullivan and Hilary Finucane
* Broad Institute of MIT and Harvard / MIT Department of Mathematics
* GNU General Public License v3
*********************************************************************
Call: 
./ldsc.py \
--out /data/sbcs/GuoLab/backup/liq17/CRC_TF_TWAS_zhishan2024/NC_revision_OceanCode/v2_NC_revision//84Tracks//ldscores_sim1000//21 \
--bfile /data/sbcs/GuoLab/backup/liq17/ref/Alkesgroup/1000G_EUR_Phase3_plink_hg38/1000G.EUR.QC.21 \
--annot /data/sbcs/GuoLab/backup/liq17/CRC_TF_TWAS_zhishan2024/NC_revision_OceanCode/v2_NC_revision//84Tracks//annots_sim1000//21.annot.txt \
--l2  \
--ld-wind-kb 100.0 

Beginning analysis at Mon Oct 27 00:34:21 2025
Read list of 138654 SNPs from /data/sbcs/GuoLab/backup/liq17/ref/Alkesgroup/1000G_EUR_Phase3_plink_hg38/1000G.EUR.QC.21.bim
Read 50 annotations for 138654 SNPs from /data/sbcs/GuoLab/backup/liq17/CRC_TF_TWAS_zhishan2024/NC_revision_OceanCode/v2_NC_revision//84Tracks//annots_sim1000//21.annot.txt
Read list of 489 individuals from /data/sbcs/GuoLab/backup/liq17/ref/Alkesgroup/1000G_EUR_Phase3_plink_hg38/1000G.EUR.QC.21.fam
Reading genotypes from /data/sbcs/GuoLab/backup/liq17/ref/Alkesgroup/1000G_EUR_Phase3_plink_hg38/1000G.EUR.QC.21.bed
Estimating LD Score.
Writing LD Scores for 138654 SNPs to /data/sbcs/GuoLab/backup/liq17/CRC_TF_TWAS_zhishan2024/NC_revision_OceanCode/v2_NC_revision//84Tracks//ldscores_sim1000//21.l2.ldscore.gz

Summary of LD Scores in /data/sbcs/GuoLab/backup/liq17/CRC_TF_TWAS_zhishan2024/NC_revision_OceanCode/v2_NC_revision//84Tracks//ldscores_sim1000//21.l2.ldscore.gz
         MAF  SIM1L2  SIM2L2  SIM3L2  SIM4L2  SIM5L2  SIM6L2  SIM7L2  SIM8L2  SIM9L2  SIM10L2  SIM11L2  SIM12L2  SIM13L2  SIM14L2  SIM15L2  SIM16L2  SIM17L2  SIM18L2  SIM19L2  SIM20L2  SIM21L2  SIM22L2  SIM23L2  SIM24L2  SIM25L2  SIM26L2  SIM27L2  SIM28L2  SIM29L2  SIM30L2  SIM31L2  SIM32L2  SIM33L2  SIM34L2  SIM35L2  SIM36L2  SIM37L2  SIM38L2  SIM39L2  SIM40L2  SIM41L2  SIM42L2  SIM43L2  SIM44L2  SIM45L2  SIM46L2  SIM47L2  SIM48L2  SIM49L2  SIM50L2
mean  0.1537  0.0061  0.0029  0.0063  0.0025  0.0070  0.0028  0.0030  0.0048  0.0044   0.0052   0.0036   0.0028   0.0021   0.0051   0.0041   0.0047   0.0058   0.0056   0.0020   0.0030   0.0041   0.0034   0.0021   0.0089   0.0027   0.0046   0.0061   0.0066   0.0021   0.0024   0.0023   0.0064   0.0075   0.0060   0.0081   0.0057   0.0035   0.0053   0.0049   0.0017   0.0051   0.0025   0.0060   0.0044   0.0046   0.0047   0.0051   0.0043   0.0040   0.0035
std   0.1511  0.0585  0.0372  0.0520  0.0396  0.0615  0.0404  0.0356  0.0518  0.0455   0.0554   0.0468   0.0312   0.0302   0.0545   0.0478   0.0492   0.0634   0.0552   0.0300   0.0364   0.0463   0.0441   0.0303   0.0718   0.0401   0.0414   0.0570   0.0670   0.0332   0.0381   0.0365   0.0605   0.0665   0.0630   0.0698   0.0578   0.0402   0.0543   0.0528   0.0291   0.0513   0.0388   0.0584   0.0540   0.0520   0.0476   0.0501   0.0470   0.0461   0.0395
min   0.0051 -0.0036 -0.0041 -0.0039 -0.0021 -0.0041 -0.0057 -0.0023 -0.0041 -0.0021  -0.0040  -0.0021  -0.0041  -0.0021  -0.0041  -0.0041  -0.0041  -0.0039  -0.0039  -0.0061  -0.0041  -0.0039  -0.0040  -0.0041  -0.0041  -0.0021  -0.0041  -0.0041  -0.0041  -0.0041  -0.0040  -0.0021  -0.0057  -0.0041  -0.0021  -0.0056  -0.0040  -0.0021  -0.0040  -0.0041  -0.0039  -0.0041  -0.0039  -0.0041  -0.0021  -0.0041  -0.0041  -0.0041  -0.0041  -0.0060  -0.0040
25%   0.0204  0.0000  0.0000  0.0000  0.0000  0.0000  0.0000  0.0000  0.0000  0.0000   0.0000   0.0000   0.0000   0.0000   0.0000   0.0000   0.0000   0.0000   0.0000   0.0000   0.0000   0.0000   0.0000   0.0000   0.0000   0.0000   0.0000   0.0000   0.0000   0.0000   0.0000   0.0000   0.0000   0.0000   0.0000   0.0000   0.0000   0.0000   0.0000   0.0000   0.0000   0.0000   0.0000   0.0000   0.0000   0.0000   0.0000   0.0000   0.0000   0.0000   0.0000
50%   0.0941  0.0000  0.0000  0.0000  0.0000  0.0000  0.0000  0.0000  0.0000  0.0000   0.0000   0.0000   0.0000   0.0000   0.0000   0.0000   0.0000   0.0000   0.0000   0.0000   0.0000   0.0000   0.0000   0.0000   0.0000   0.0000   0.0000   0.0000   0.0000   0.0000   0.0000   0.0000   0.0000   0.0000   0.0000   0.0000   0.0000   0.0000   0.0000   0.0000   0.0000   0.0000   0.0000   0.0000   0.0000   0.0000   0.0000   0.0000   0.0000   0.0000   0.0000
75%   0.2679  0.0000  0.0000  0.0000  0.0000  0.0000  0.0000  0.0000  0.0000  0.0000   0.0000   0.0000   0.0000   0.0000   0.0000   0.0000   0.0000   0.0000   0.0000   0.0000   0.0000   0.0000   0.0000   0.0000   0.0000   0.0000   0.0000   0.0000   0.0000   0.0000   0.0000   0.0000   0.0000   0.0000   0.0000   0.0000   0.0000   0.0000   0.0000   0.0000   0.0000   0.0000   0.0000   0.0000   0.0000   0.0000   0.0000   0.0000   0.0000   0.0000   0.0000
max   0.5000  1.0000  1.0000  1.0000  1.0000  1.0072  1.0000  1.0000  1.0126  1.0000   1.0000   1.0000   1.0025   1.0000   1.0339   1.0047   1.0000   1.0000   1.0000   1.0454   1.0000   1.0000   1.0000   1.0212   1.0212   1.0000   1.0008   1.0320   1.0000   1.0000   1.0034   1.0000   1.6449   1.2011   1.0000   1.0039   1.0000   1.0000   1.0000   1.0000   1.0801   1.0000   1.0000   1.0099   1.0000   1.0202   1.0000   1.0000   1.0070   1.0829   1.0000

MAF/LD Score Correlation Matrix
            MAF      SIM1L2  SIM2L2  SIM3L2  SIM4L2  SIM5L2  SIM6L2  SIM7L2  SIM8L2      SIM9L2  SIM10L2  SIM11L2  SIM12L2  SIM13L2  SIM14L2  SIM15L2     SIM16L2  SIM17L2  SIM18L2  SIM19L2  SIM20L2     SIM21L2  SIM22L2  SIM23L2  SIM24L2  SIM25L2  SIM26L2  SIM27L2  SIM28L2     SIM29L2  SIM30L2  SIM31L2  SIM32L2  SIM33L2  SIM34L2  SIM35L2  SIM36L2  SIM37L2     SIM38L2  SIM39L2  SIM40L2  SIM41L2     SIM42L2     SIM43L2     SIM44L2  SIM45L2  SIM46L2  SIM47L2  SIM48L2  SIM49L2  SIM50L2
MAF      1.0000  3.4817e-02  0.0582  0.0868  0.0801  0.0515  0.0164  0.0702  0.0713  8.8387e-02   0.0418   0.0642   0.0245   0.0400   0.0159   0.0489  4.0654e-02   0.0101   0.0359  -0.0051   0.0360  5.3900e-02   0.0357   0.0440   0.0754   0.0115   0.0790   0.0547   0.0650  3.2469e-04   0.0102  -0.0006   0.0250   0.0295   0.0554   0.0010   0.0407   0.0620  1.1020e-01   0.0636   0.0109   0.0135  2.2791e-02  1.7904e-02 -4.4446e-03   0.0238   0.0571   0.0605   0.0218   0.0301   0.0452
SIM1L2   0.0348  1.0000e+00 -0.0039  0.0223 -0.0067  0.0196 -0.0072 -0.0088  0.0760  1.4635e-02   0.0133  -0.0080   0.0012  -0.0035  -0.0098  -0.0040 -6.2512e-03   0.0393   0.0050  -0.0069  -0.0081 -9.1503e-03  -0.0070  -0.0047   0.0513  -0.0072   0.0401   0.0336   0.0230 -4.8315e-03   0.0096  -0.0037   0.0066  -0.0018  -0.0004   0.1902   0.0253  -0.0091  1.0598e-02   0.0313   0.0016   0.0024  2.0213e-03  5.4936e-05  4.7438e-03   0.0079  -0.0093   0.0115   0.0184   0.0215  -0.0082
SIM2L2   0.0582 -3.9296e-03  1.0000 -0.0053 -0.0053 -0.0062  0.0222 -0.0062  0.0047 -6.0846e-03   0.0121  -0.0055   0.0147  -0.0051  -0.0076   0.0260 -1.2219e-03  -0.0067   0.0176   0.0034   0.0498 -4.5718e-03  -0.0060  -0.0053   0.0993  -0.0049  -0.0075  -0.0042  -0.0069 -4.8841e-03  -0.0047  -0.0043   0.0020  -0.0012   0.0021   0.0018   0.0288  -0.0069 -4.5467e-03   0.0029   0.0051   0.0002 -4.6699e-03 -7.8996e-03 -6.3893e-03  -0.0070   0.0009   0.0011   0.0563   0.0063  -0.0048
SIM3L2   0.0868  2.2313e-02 -0.0053  1.0000 -0.0071 -0.0134 -0.0008  0.0469  0.0936  2.6706e-01   0.2171   0.0133  -0.0043  -0.0085   0.0189   0.0193  2.1802e-02  -0.0054  -0.0019   0.0073  -0.0083 -1.0138e-02   0.0146  -0.0049   0.1754   0.0062   0.0468   0.0176   0.0007 -7.1623e-03  -0.0072  -0.0016  -0.0063   0.0691  -0.0110   0.0012   0.0807  -0.0105 -2.1781e-03   0.3359  -0.0031   0.0322 -6.6582e-03 -6.5231e-04  5.0770e-03   0.0162  -0.0119   0.0149  -0.0109   0.0801   0.1090
SIM4L2   0.0801 -6.7035e-03 -0.0053 -0.0071  1.0000 -0.0072 -0.0045  0.0029 -0.0059 -6.2206e-03  -0.0060  -0.0049  -0.0057  -0.0045  -0.0058   0.3467 -6.2024e-03   0.2229  -0.0065   0.0081  -0.0053 -5.6503e-03  -0.0049  -0.0040   0.1510  -0.0043  -0.0071  -0.0069   0.3122 -4.0624e-03  -0.0041  -0.0040  -0.0068  -0.0071  -0.0061  -0.0074  -0.0025  -0.0056  3.5068e-01   0.0080  -0.0037  -0.0064 -4.2041e-03 -6.5565e-03  3.1832e-02  -0.0057   0.0210  -0.0065  -0.0059  -0.0055  -0.0056
SIM5L2   0.0515  1.9554e-02 -0.0062 -0.0134 -0.0072  1.0000 -0.0081 -0.0048 -0.0104 -8.8400e-03   0.0040   0.0059   0.0004   0.0064  -0.0092  -0.0083 -1.0663e-02   0.0714   0.0152  -0.0063  -0.0092  2.4908e-03   0.0466  -0.0064  -0.0139  -0.0076   0.0953  -0.0122  -0.0088  9.2554e-03  -0.0059  -0.0011  -0.0114  -0.0109   0.0033   0.2505  -0.0106   0.0146 -9.2996e-03  -0.0105  -0.0039   0.0161  1.7956e-01  3.1725e-02 -6.5776e-03  -0.0085   0.0584  -0.0081  -0.0094  -0.0093   0.0026
SIM6L2   0.0164 -7.2212e-03  0.0222 -0.0008 -0.0045 -0.0081  1.0000 -0.0044 -0.0037 -6.3425e-03  -0.0056  -0.0003   0.0010   0.0084  -0.0024  -0.0056  1.6880e-01   0.0130   0.0297  -0.0043  -0.0064  4.2852e-03  -0.0038  -0.0048   0.0349  -0.0032  -0.0069  -0.0058  -0.0069 -4.4959e-03  -0.0041   0.0021  -0.0074   0.0105  -0.0060   0.0032   0.0130  -0.0047 -6.6051e-03   0.1048   0.0047  -0.0060 -3.8003e-03 -5.0201e-03 -5.6100e-03  -0.0062  -0.0028  -0.0067   0.0520  -0.0060  -0.0061
SIM7L2   0.0702 -8.8149e-03 -0.0062  0.0469  0.0029 -0.0048 -0.0044  1.0000 -0.0078 -8.4162e-03   0.0185   0.0020  -0.0074  -0.0059   0.0653  -0.0072  1.6439e-02  -0.0080  -0.0064  -0.0029  -0.0049 -7.3329e-03  -0.0064  -0.0024  -0.0097   0.2960  -0.0068  -0.0090  -0.0081 -4.0316e-03  -0.0049   0.0042   0.0215   0.0173  -0.0078  -0.0069  -0.0078  -0.0070  9.4137e-03  -0.0055  -0.0049  -0.0083 -5.5976e-03 -7.1580e-03  5.0179e-03  -0.0074  -0.0006   0.1047  -0.0076  -0.0073  -0.0045
SIM8L2   0.0713  7.6046e-02  0.0047  0.0936 -0.0059 -0.0104 -0.0037 -0.0078  1.0000 -4.4948e-04   0.0085  -0.0070   0.0307   0.0635   0.0054   0.0019 -1.4421e-03  -0.0083   0.0015  -0.0058  -0.0044 -8.0650e-03   0.0593  -0.0063   0.0091   0.0286  -0.0100   0.1058  -0.0091 -5.7354e-03   0.1608   0.0301   0.0392  -0.0070   0.0061   0.0007   0.2383  -0.0080 -4.4814e-03  -0.0081  -0.0052   0.0302 -6.0086e-03 -7.4336e-03 -4.7134e-03  -0.0082   0.0143   0.0032   0.0045   0.3757  -0.0066
SIM9L2   0.0884  1.4635e-02 -0.0061  0.2671 -0.0062 -0.0088 -0.0063 -0.0084 -0.0004  1.0000e+00   0.2511  -0.0074  -0.0044  -0.0023  -0.0086   0.0017 -9.3632e-03  -0.0069  -0.0083  -0.0064   0.0058 -8.5336e-03  -0.0025  -0.0059   0.2100  -0.0056   0.0354   0.0205   0.1055  1.4286e-04  -0.0028  -0.0034   0.0031  -0.0104  -0.0070  -0.0076  -0.0080  -0.0085 -5.3984e-03   0.2712  -0.0049   0.0841 -5.3743e-05 -8.0260e-03 -7.2398e-03  -0.0077  -0.0077   0.0011  -0.0083  -0.0026   0.1647
SIM10L2  0.0418  1.3293e-02  0.0121  0.2171 -0.0060  0.0040 -0.0056  0.0185  0.0085  2.5112e-01   1.0000  -0.0071  -0.0052  -0.0066  -0.0084  -0.0020  6.0063e-03  -0.0059   0.0106   0.0036  -0.0077 -7.9135e-03  -0.0050  -0.0048   0.1675   0.0175  -0.0105  -0.0091  -0.0036 -5.8849e-03  -0.0036  -0.0041   0.0027   0.0216  -0.0072  -0.0107  -0.0051  -0.0081 -6.3804e-03   0.2259   0.0002  -0.0077 -5.9422e-03 -9.7004e-03 -7.5436e-03  -0.0086  -0.0025   0.0226  -0.0072   0.0151   0.0062
SIM11L2  0.0642 -7.9654e-03 -0.0055  0.0133 -0.0049  0.0059 -0.0003  0.0020 -0.0070 -7.4320e-03  -0.0071   1.0000  -0.0005   0.1731  -0.0070  -0.0066  7.7456e-02  -0.0070  -0.0061  -0.0052  -0.0063  6.0029e-02  -0.0059   0.1180  -0.0093   0.0023  -0.0072  -0.0082   0.0101 -4.7347e-03  -0.0049  -0.0045  -0.0046   0.0597  -0.0069   0.0362  -0.0033   0.0881 -7.1522e-03   0.0167  -0.0043  -0.0075 -5.0172e-03  7.1341e-02  4.7271e-02  -0.0068  -0.0035  -0.0068   0.0038  -0.0041   0.0553
SIM12L2  0.0245  1.2047e-03  0.0147 -0.0043 -0.0057  0.0004  0.0010 -0.0074  0.0307 -4.3971e-03  -0.0052  -0.0005   1.0000   0.0046  -0.0024   0.0056  2.1031e-02  -0.0081   0.0152  -0.0058  -0.0073 -1.9379e-04  -0.0067  -0.0020   0.0653  -0.0061  -0.0054  -0.0088  -0.0040  8.3900e-03   0.0111  -0.0058   0.0607  -0.0028  -0.0082  -0.0074   0.0040  -0.0056 -7.6399e-03  -0.0056   0.0058   0.0043 -5.7812e-03 -7.1106e-03 -3.7087e-03  -0.0078  -0.0029   0.0387  -0.0072  -0.0021   0.0031
SIM13L2  0.0400 -3.4602e-03 -0.0051 -0.0085 -0.0045  0.0064  0.0084 -0.0059  0.0635 -2.3124e-03  -0.0066   0.1731   0.0046   1.0000  -0.0063  -0.0061 -6.8133e-03  -0.0061  -0.0071  -0.0047  -0.0005  3.9986e-02  -0.0051  -0.0048  -0.0060  -0.0047   0.0038  -0.0076   0.0433 -4.4295e-03  -0.0045   0.0281  -0.0075   0.0533  -0.0067  -0.0078  -0.0004   0.0946 -6.8932e-03  -0.0060  -0.0041   0.0057 -4.6721e-03  2.6162e-02  6.9157e-03  -0.0062   0.0070  -0.0072  -0.0064  -0.0061  -0.0055
SIM14L2  0.0159 -9.8009e-03 -0.0076  0.0189 -0.0058 -0.0092 -0.0024  0.0653  0.0054 -8.5870e-03  -0.0084  -0.0070  -0.0024  -0.0063   1.0000  -0.0060 -6.1486e-04   0.0024  -0.0073   0.0501  -0.0065  7.9597e-02  -0.0074   0.0051  -0.0117   0.0883  -0.0091  -0.0101  -0.0065 -5.6026e-03   0.0381  -0.0053   0.1067  -0.0034  -0.0080   0.0148  -0.0085  -0.0081 -5.6093e-03  -0.0046  -0.0052  -0.0036 -5.5033e-03 -4.5317e-03 -6.8157e-03  -0.0084   0.0196  -0.0069  -0.0081  -0.0076   0.0214
SIM15L2  0.0489 -4.0244e-03  0.0260  0.0193  0.3467 -0.0083 -0.0056 -0.0072  0.0019  1.7096e-03  -0.0020  -0.0066   0.0056  -0.0061  -0.0060   1.0000 -8.3218e-03   0.2076  -0.0077   0.0014  -0.0071 -7.4709e-03  -0.0001  -0.0059   0.1571  -0.0055   0.0203  -0.0093   0.3132 -5.4050e-03  -0.0038  -0.0053  -0.0087  -0.0098  -0.0073  -0.0087   0.0233  -0.0075  3.4363e-01   0.0064  -0.0026   0.0960 -4.6791e-03 -3.0517e-03  1.3732e-04  -0.0076  -0.0080   0.0915  -0.0043  -0.0071   0.0191
SIM16L2  0.0407 -6.2512e-03 -0.0012  0.0218 -0.0062 -0.0107  0.1688  0.0164 -0.0014 -9.3632e-03   0.0060   0.0775   0.0210  -0.0068  -0.0006  -0.0083  1.0000e+00   0.2045   0.0595  -0.0059  -0.0080 -6.8911e-05   0.1322  -0.0047   0.1765   0.0150  -0.0090  -0.0102  -0.0095 -6.0882e-03  -0.0062   0.3130   0.0193  -0.0022  -0.0042  -0.0111  -0.0092  -0.0084  1.2720e-02   0.0078  -0.0055  -0.0096 -6.8000e-03 -9.8964e-03 -7.8133e-03  -0.0074  -0.0090  -0.0083  -0.0047   0.0240  -0.0087
SIM17L2  0.0101  3.9324e-02 -0.0067 -0.0054  0.2229  0.0714  0.0130 -0.0080 -0.0083 -6.9096e-03  -0.0059  -0.0070  -0.0081  -0.0061   0.0024   0.2076  2.0447e-01   1.0000  -0.0092   0.0069  -0.0056 -7.1679e-03  -0.0070  -0.0035   0.2864   0.0122  -0.0087  -0.0092   0.1930 -5.7832e-03  -0.0058   0.2582  -0.0095  -0.0086  -0.0056   0.0421  -0.0052   0.0312  2.1429e-01   0.0195  -0.0054  -0.0091 -6.3955e-03  3.8677e-03 -7.4133e-03  -0.0063  -0.0036  -0.0091  -0.0057  -0.0056  -0.0032
SIM18L2  0.0359  5.0098e-03  0.0176 -0.0019 -0.0065  0.0152  0.0297 -0.0064  0.0015 -8.3195e-03   0.0106  -0.0061   0.0152  -0.0071  -0.0073  -0.0077  5.9496e-02  -0.0092   1.0000  -0.0065  -0.0081 -7.9895e-03  -0.0079  -0.0070   0.0072  -0.0069   0.0448   0.0173  -0.0079 -5.8058e-03  -0.0060   0.0054   0.0197  -0.0033   0.0215  -0.0036   0.0007   0.0051  1.5917e-02  -0.0041   0.0860  -0.0100  3.8798e-02 -2.5141e-03 -7.7343e-03  -0.0084   0.0249  -0.0103   0.0280  -0.0006  -0.0045
SIM19L2 -0.0051 -6.8749e-03  0.0034  0.0073  0.0081 -0.0063 -0.0043 -0.0029 -0.0058 -6.4139e-03   0.0036  -0.0052  -0.0058  -0.0047   0.0501   0.0014 -5.8815e-03   0.0069  -0.0065   1.0000  -0.0002  2.3021e-02  -0.0007  -0.0013  -0.0048   0.0193  -0.0073  -0.0071   0.0767 -4.2447e-03  -0.0047  -0.0035   0.0272  -0.0027  -0.0062  -0.0046  -0.0038  -0.0057 -3.7509e-03   0.0657  -0.0036  -0.0066 -4.3532e-03 -9.9982e-04 -5.3405e-03  -0.0059   0.0017  -0.0067  -0.0057  -0.0026  -0.0033
SIM20L2  0.0360 -8.1444e-03  0.0498 -0.0083 -0.0053 -0.0092 -0.0064 -0.0049 -0.0044  5.8435e-03  -0.0077  -0.0063  -0.0073  -0.0005  -0.0065  -0.0071 -8.0423e-03  -0.0056  -0.0081  -0.0002   1.0000 -6.5536e-03   0.1426  -0.0056   0.0808  -0.0054  -0.0073  -0.0062  -0.0081 -5.0545e-03  -0.0056  -0.0026  -0.0066  -0.0095  -0.0079   0.0290   0.0283  -0.0072 -7.8661e-03   0.0025  -0.0043  -0.0082 -5.0894e-03 -8.3509e-03 -6.6810e-03   0.0126   0.0058  -0.0082  -0.0075  -0.0072  -0.0073
SIM21L2  0.0539 -9.1503e-03 -0.0046 -0.0101 -0.0057  0.0025  0.0043 -0.0073 -0.0081 -8.5336e-03  -0.0079   0.0600  -0.0002   0.0400   0.0796  -0.0075 -6.8911e-05  -0.0072  -0.0080   0.0230  -0.0066  1.0000e+00  -0.0073  -0.0060  -0.0108  -0.0042  -0.0045  -0.0094  -0.0085 -5.5832e-03  -0.0056  -0.0028  -0.0093  -0.0008  -0.0082  -0.0101  -0.0079   0.0074 -8.5716e-03  -0.0081  -0.0043   0.0122 -5.7253e-03  4.6857e-03 -5.7459e-05  -0.0078   0.0140  -0.0027  -0.0079  -0.0070  -0.0062
SIM22L2  0.0357 -7.0046e-03 -0.0060  0.0146 -0.0049  0.0466 -0.0038 -0.0064  0.0593 -2.5202e-03  -0.0050  -0.0059  -0.0067  -0.0051  -0.0074  -0.0001  1.3222e-01  -0.0070  -0.0079  -0.0007   0.1426 -7.3004e-03   1.0000  -0.0052   0.0083  -0.0012   0.0221   0.0262  -0.0076 -4.7190e-03  -0.0025  -0.0054  -0.0082  -0.0057  -0.0056  -0.0056   0.0268  -0.0067 -7.4836e-03  -0.0030  -0.0024  -0.0073 -1.2816e-03  5.5978e-02 -6.2327e-03  -0.0019   0.2401  -0.0073  -0.0055   0.0447  -0.0062
SIM23L2  0.0440 -4.6535e-03 -0.0053 -0.0049 -0.0040 -0.0064 -0.0048 -0.0024 -0.0063 -5.9068e-03  -0.0048   0.1180  -0.0020  -0.0048   0.0051  -0.0059 -4.6660e-03  -0.0035  -0.0070  -0.0013  -0.0056 -5.9872e-03  -0.0052   1.0000  -0.0056  -0.0027  -0.0070  -0.0072   0.2029 -4.2136e-03   0.0026  -0.0020  -0.0053  -0.0077  -0.0059   0.1098  -0.0069  -0.0060 -6.7513e-03  -0.0065  -0.0040  -0.0044  5.5288e-03 -6.9568e-03 -5.5254e-03  -0.0054   0.0208  -0.0069   0.1289   0.0227   0.1160
SIM24L2  0.0754  5.1332e-02  0.0993  0.1754  0.1510 -0.0139  0.0349 -0.0097  0.0091  2.1001e-01   0.1675  -0.0093   0.0653  -0.0060  -0.0117   0.1571  1.7650e-01   0.2864   0.0072  -0.0048   0.0808 -1.0790e-02   0.0083  -0.0056   1.0000  -0.0085  -0.0119  -0.0124   0.1383 -2.9974e-03   0.0117   0.2253   0.1589  -0.0130   0.0079   0.0003   0.0074  -0.0108  1.5501e-01   0.2073  -0.0005  -0.0119 -5.0398e-03 -1.2329e-02 -7.9454e-03  -0.0070  -0.0012   0.1056   0.0407  -0.0047  -0.0109
SIM25L2  0.0115 -7.1699e-03 -0.0049  0.0062 -0.0043 -0.0076 -0.0032  0.2960  0.0286 -5.5934e-03   0.0175   0.0023  -0.0061  -0.0047   0.0883  -0.0055  1.5013e-02   0.0122  -0.0069   0.0193  -0.0054 -4.1834e-03  -0.0012  -0.0027  -0.0085   1.0000  -0.0067   0.0061  -0.0037 -4.2242e-03  -0.0043  -0.0041  -0.0079   0.0209  -0.0060  -0.0062   0.0198  -0.0059 -6.5661e-03   0.0016  -0.0033  -0.0068 -4.2802e-03 -6.7981e-03 -5.4467e-03   0.0012  -0.0066   0.0939  -0.0051   0.0205  -0.0056
SIM26L2  0.0790  4.0075e-02 -0.0075  0.0468 -0.0071  0.0953 -0.0069 -0.0068 -0.0100  3.5357e-02  -0.0105  -0.0072  -0.0054   0.0038  -0.0091   0.0203 -9.0168e-03  -0.0087   0.0448  -0.0073  -0.0073 -4.5041e-03   0.0221  -0.0070  -0.0119  -0.0067   1.0000  -0.0100  -0.0086  7.4960e-02  -0.0033   0.0040   0.0145   0.0636   0.0725  -0.0075  -0.0109   0.0228 -6.4788e-03  -0.0103   0.0028   0.0222  1.5903e-01  9.9658e-03  2.5447e-02   0.0235   0.0251   0.0120  -0.0063   0.0748  -0.0069
SIM27L2  0.0547  3.3627e-02 -0.0042  0.0176 -0.0069 -0.0122 -0.0058 -0.0090  0.1058  2.0474e-02  -0.0091  -0.0082  -0.0088  -0.0076  -0.0101  -0.0093 -1.0204e-02  -0.0092   0.0173  -0.0071  -0.0062 -9.4281e-03   0.0262  -0.0072  -0.0124   0.0061  -0.0100   1.0000   0.0202 -6.7952e-03   0.3177  -0.0067  -0.0091  -0.0056  -0.0102   0.0187   0.0481  -0.0058  4.8547e-02  -0.0100   0.0170  -0.0026 -7.0245e-03 -3.7697e-04 -6.0107e-03   0.0037  -0.0103   0.0268   0.0145   0.1108  -0.0048
SIM28L2  0.0650  2.2998e-02 -0.0069  0.0007  0.3122 -0.0088 -0.0069 -0.0081 -0.0091  1.0549e-01  -0.0036   0.0101  -0.0040   0.0433  -0.0065   0.3132 -9.5049e-03   0.1930  -0.0079   0.0767  -0.0081 -8.5224e-03  -0.0076   0.2029   0.1383  -0.0037  -0.0086   0.0202   1.0000 -4.3006e-03  -0.0055  -0.0060  -0.0103  -0.0112  -0.0094   0.0296  -0.0070  -0.0077  3.1175e-01  -0.0043  -0.0036   0.0643 -2.4575e-03 -7.4544e-03 -6.4166e-03  -0.0089  -0.0023  -0.0094   0.0424  -0.0057   0.1599
SIM29L2  0.0003 -4.8315e-03 -0.0049 -0.0072 -0.0041  0.0093 -0.0045 -0.0040 -0.0057  1.4286e-04  -0.0059  -0.0047   0.0084  -0.0044  -0.0056  -0.0054 -6.0882e-03  -0.0058  -0.0058  -0.0042  -0.0051 -5.5832e-03  -0.0047  -0.0042  -0.0030  -0.0042   0.0750  -0.0068  -0.0043  1.0000e+00  -0.0009  -0.0028  -0.0010  -0.0061  -0.0060  -0.0064  -0.0062  -0.0055 -8.0144e-06  -0.0059   0.0009   0.0030  2.3209e-03 -5.7935e-03 -5.0034e-03   0.0049  -0.0059  -0.0002  -0.0058  -0.0054  -0.0011
SIM30L2  0.0102  9.6389e-03 -0.0047 -0.0072 -0.0041 -0.0059 -0.0041 -0.0049  0.1608 -2.8048e-03  -0.0036  -0.0049   0.0111  -0.0045   0.0381  -0.0038 -6.1866e-03  -0.0058  -0.0060  -0.0047  -0.0056 -5.5826e-03  -0.0025   0.0026   0.0117  -0.0043  -0.0033   0.3177  -0.0055 -9.0103e-04   1.0000   0.0020  -0.0058   0.0003  -0.0060  -0.0066  -0.0063  -0.0057  6.5905e-02  -0.0060  -0.0037   0.0028  4.4734e-03 -3.6863e-03 -5.3546e-03  -0.0007  -0.0062   0.0934  -0.0027  -0.0056  -0.0022
SIM31L2 -0.0006 -3.7188e-03 -0.0043 -0.0016 -0.0040 -0.0011  0.0021  0.0042  0.0301 -3.3994e-03  -0.0041  -0.0045  -0.0058   0.0281  -0.0053  -0.0053  3.1297e-01   0.2582   0.0054  -0.0035  -0.0026 -2.8260e-03  -0.0054  -0.0020   0.2253  -0.0041   0.0040  -0.0067  -0.0060 -2.8399e-03   0.0020   1.0000   0.0024   0.0539  -0.0050  -0.0065  -0.0061  -0.0054  3.0111e-02  -0.0055  -0.0036  -0.0062 -2.1518e-03 -5.2133e-03 -5.0150e-03  -0.0055  -0.0061  -0.0069  -0.0007   0.0032  -0.0034
SIM32L2  0.0250  6.6186e-03  0.0020 -0.0063 -0.0068 -0.0114 -0.0074  0.0215  0.0392  3.0773e-03   0.0027  -0.0046   0.0607  -0.0075   0.1067  -0.0087  1.9334e-02  -0.0095   0.0197   0.0272  -0.0066 -9.3283e-03  -0.0082  -0.0053   0.1589  -0.0079   0.0145  -0.0091  -0.0103 -9.8448e-04  -0.0058   0.0024   1.0000  -0.0115  -0.0056   0.0476  -0.0103  -0.0090  9.0394e-03   0.0244  -0.0055   0.0025 -2.4488e-03  1.3004e-02  3.0330e-01  -0.0095  -0.0090   0.0071  -0.0040   0.0262  -0.0080
SIM33L2  0.0295 -1.7745e-03 -0.0012  0.0691 -0.0071 -0.0109  0.0105  0.0173 -0.0070 -1.0408e-02   0.0216   0.0597  -0.0028   0.0533  -0.0034  -0.0098 -2.1592e-03  -0.0086  -0.0033  -0.0027  -0.0095 -8.2602e-04  -0.0057  -0.0077  -0.0130   0.0209   0.0636  -0.0056  -0.0112 -6.1461e-03   0.0003   0.0539  -0.0115   1.0000   0.2982  -0.0127  -0.0041   0.1061  7.4053e-03   0.0456  -0.0051   0.0661 -5.9737e-03  6.5972e-02  8.1324e-03   0.0707  -0.0083   0.0155  -0.0098  -0.0092  -0.0088
SIM34L2  0.0554 -3.9077e-04  0.0021 -0.0110 -0.0061  0.0033 -0.0060 -0.0078  0.0061 -6.9902e-03  -0.0072  -0.0069  -0.0082  -0.0067  -0.0080  -0.0073 -4.2211e-03  -0.0056   0.0215  -0.0062  -0.0079 -8.1671e-03  -0.0056  -0.0059   0.0079  -0.0060   0.0725  -0.0102  -0.0094 -6.0151e-03  -0.0060  -0.0050  -0.0056   0.2982   1.0000  -0.0030   0.0124   0.0648 -7.1663e-03  -0.0088  -0.0039  -0.0078  1.6158e-02  2.4495e-02 -4.6106e-03  -0.0078  -0.0032  -0.0052  -0.0002  -0.0016  -0.0080
SIM35L2  0.0010  1.9019e-01  0.0018  0.0012 -0.0074  0.2505  0.0032 -0.0069  0.0007 -7.6145e-03  -0.0107   0.0362  -0.0074  -0.0078   0.0148  -0.0087 -1.1090e-02   0.0421  -0.0036  -0.0046   0.0290 -1.0140e-02  -0.0056   0.1098   0.0003  -0.0062  -0.0075   0.0187   0.0296 -6.4160e-03  -0.0066  -0.0065   0.0476  -0.0127  -0.0030   1.0000   0.0154   0.0131  3.4201e-03  -0.0064   0.0060  -0.0106 -6.6230e-03  2.1853e-01  3.8536e-03   0.0785  -0.0071  -0.0109   0.0045  -0.0047   0.0394
SIM36L2  0.0407  2.5310e-02  0.0288  0.0807 -0.0025 -0.0106  0.0130 -0.0078  0.2383 -8.0165e-03  -0.0051  -0.0033   0.0040  -0.0004  -0.0085   0.0233 -9.1687e-03  -0.0052   0.0007  -0.0038   0.0283 -7.9343e-03   0.0268  -0.0069   0.0074   0.0198  -0.0109   0.0481  -0.0070 -6.1995e-03  -0.0063  -0.0061  -0.0103  -0.0041   0.0124   0.0154   1.0000   0.0003 -7.0182e-03   0.0036   0.0025  -0.0097 -6.4293e-03 -3.1008e-03 -7.8881e-03  -0.0087  -0.0074  -0.0092   0.1531   0.1521   0.0138
SIM37L2  0.0620 -9.1196e-03 -0.0069 -0.0105 -0.0056  0.0146 -0.0047 -0.0070 -0.0080 -8.5088e-03  -0.0081   0.0881  -0.0056   0.0946  -0.0081  -0.0075 -8.4378e-03   0.0312   0.0051  -0.0057  -0.0072  7.3656e-03  -0.0067  -0.0060  -0.0108  -0.0059   0.0228  -0.0058  -0.0077 -5.5265e-03  -0.0057  -0.0054  -0.0090   0.1061   0.0648   0.0131   0.0003   1.0000 -8.5368e-03  -0.0072  -0.0052  -0.0069  3.0082e-02  4.4022e-03 -3.6630e-04  -0.0078   0.0488  -0.0089  -0.0080  -0.0076   0.2047
SIM38L2  0.1102  1.0598e-02 -0.0045 -0.0022  0.3507 -0.0093 -0.0066  0.0094 -0.0045 -5.3984e-03  -0.0064  -0.0072  -0.0076  -0.0069  -0.0056   0.3436  1.2720e-02   0.2143   0.0159  -0.0038  -0.0079 -8.5716e-03  -0.0075  -0.0068   0.1550  -0.0066  -0.0065   0.0485   0.3118 -8.0144e-06   0.0659   0.0301   0.0090   0.0074  -0.0072   0.0034  -0.0070  -0.0085  1.0000e+00  -0.0033   0.0003  -0.0030 -6.2812e-03 -4.2610e-04 -1.2889e-03  -0.0078  -0.0091   0.2683   0.0460  -0.0053   0.0042
SIM39L2  0.0636  3.1328e-02  0.0029  0.3359  0.0080 -0.0105  0.1048 -0.0055 -0.0081  2.7120e-01   0.2259   0.0167  -0.0056  -0.0060  -0.0046   0.0064  7.8431e-03   0.0195  -0.0041   0.0657   0.0025 -8.1385e-03  -0.0030  -0.0065   0.2073   0.0016  -0.0103  -0.0100  -0.0043 -5.8736e-03  -0.0060  -0.0055   0.0244   0.0456  -0.0088  -0.0064   0.0036  -0.0072 -3.2730e-03   1.0000  -0.0054  -0.0093 -6.0785e-03 -9.4786e-03 -7.5291e-03  -0.0083  -0.0040  -0.0021  -0.0085  -0.0025  -0.0076
SIM40L2  0.0109  1.6271e-03  0.0051 -0.0031 -0.0037 -0.0039  0.0047 -0.0049 -0.0052 -4.8771e-03   0.0002  -0.0043   0.0058  -0.0041  -0.0052  -0.0026 -5.5330e-03  -0.0054   0.0860  -0.0036  -0.0043 -4.3400e-03  -0.0024  -0.0040  -0.0005  -0.0033   0.0028   0.0170  -0.0036  9.3987e-04  -0.0037  -0.0036  -0.0055  -0.0051  -0.0039   0.0060   0.0025  -0.0052  2.8037e-04  -0.0054   1.0000   0.0064 -3.4534e-03  8.5077e-03 -1.1201e-03  -0.0023  -0.0051  -0.0038   0.0417  -0.0018  -0.0046
SIM41L2  0.0135  2.3955e-03  0.0002  0.0322 -0.0064  0.0161 -0.0060 -0.0083  0.0302  8.4056e-02  -0.0077  -0.0075   0.0043   0.0057  -0.0036   0.0960 -9.5895e-03  -0.0091  -0.0100  -0.0066  -0.0082  1.2241e-02  -0.0073  -0.0044  -0.0119  -0.0068   0.0222  -0.0026   0.0643  2.9769e-03   0.0028  -0.0062   0.0025   0.0661  -0.0078  -0.0106  -0.0097  -0.0069 -3.0049e-03  -0.0093   0.0064   1.0000 -6.4623e-03 -5.2487e-03  3.1740e-02   0.0900   0.0006   0.1092  -0.0081  -0.0055   0.1305
SIM42L2  0.0228  2.0213e-03 -0.0047 -0.0067 -0.0042  0.1796 -0.0038 -0.0056 -0.0060 -5.3743e-05  -0.0059  -0.0050  -0.0058  -0.0047  -0.0055  -0.0047 -6.8000e-03  -0.0064   0.0388  -0.0044  -0.0051 -5.7253e-03  -0.0013   0.0055  -0.0050  -0.0043   0.1590  -0.0070  -0.0025  2.3209e-03   0.0045  -0.0022  -0.0024  -0.0060   0.0162  -0.0066  -0.0064   0.0301 -6.2812e-03  -0.0061  -0.0035  -0.0065  1.0000e+00 -3.6253e-03 -4.5681e-03  -0.0058  -0.0044  -0.0064   0.0009  -0.0021  -0.0017
SIM43L2  0.0179  5.4936e-05 -0.0079 -0.0007 -0.0066  0.0317 -0.0050 -0.0072 -0.0074 -8.0260e-03  -0.0097   0.0713  -0.0071   0.0262  -0.0045  -0.0031 -9.8964e-03   0.0039  -0.0025  -0.0010  -0.0084  4.6857e-03   0.0560  -0.0070  -0.0123  -0.0068   0.0100  -0.0004  -0.0075 -5.7935e-03  -0.0037  -0.0052   0.0130   0.0660   0.0245   0.2185  -0.0031   0.0044 -4.2610e-04  -0.0095   0.0085  -0.0052 -3.6253e-03  1.0000e+00  2.2051e-02  -0.0027   0.0187  -0.0101   0.0020   0.0119  -0.0069
SIM44L2 -0.0044  4.7438e-03 -0.0064  0.0051  0.0318 -0.0066 -0.0056  0.0050 -0.0047 -7.2398e-03  -0.0075   0.0473  -0.0037   0.0069  -0.0068   0.0001 -7.8133e-03  -0.0074  -0.0077  -0.0053  -0.0067 -5.7459e-05  -0.0062  -0.0055  -0.0079  -0.0054   0.0254  -0.0060  -0.0064 -5.0034e-03  -0.0054  -0.0050   0.3033   0.0081  -0.0046   0.0039  -0.0079  -0.0004 -1.2889e-03  -0.0075  -0.0011   0.0317 -4.5681e-03  2.2051e-02  1.0000e+00   0.0101   0.0327   0.0097   0.0115  -0.0070  -0.0046
SIM45L2  0.0238  7.8530e-03 -0.0070  0.0162 -0.0057 -0.0085 -0.0062 -0.0074 -0.0082 -7.6917e-03  -0.0086  -0.0068  -0.0078  -0.0062  -0.0084  -0.0076 -7.4193e-03  -0.0063  -0.0084  -0.0059   0.0126 -7.8009e-03  -0.0019  -0.0054  -0.0070   0.0012   0.0235   0.0037  -0.0089  4.8812e-03  -0.0007  -0.0055  -0.0095   0.0707  -0.0078   0.0785  -0.0087  -0.0078 -7.7754e-03  -0.0083  -0.0023   0.0900 -5.8088e-03 -2.7165e-03  1.0058e-02   1.0000  -0.0087  -0.0080  -0.0081  -0.0077  -0.0078
SIM46L2  0.0571 -9.3178e-03  0.0009 -0.0119  0.0210  0.0584 -0.0028 -0.0006  0.0143 -7.7100e-03  -0.0025  -0.0035  -0.0029   0.0070   0.0196  -0.0080 -8.9722e-03  -0.0036   0.0249   0.0017   0.0058  1.4006e-02   0.2401   0.0208  -0.0012  -0.0066   0.0251  -0.0103  -0.0023 -5.9324e-03  -0.0062  -0.0061  -0.0090  -0.0083  -0.0032  -0.0071  -0.0074   0.0488 -9.0538e-03  -0.0040  -0.0051   0.0006 -4.3845e-03  1.8704e-02  3.2708e-02  -0.0087   1.0000  -0.0048   0.0265   0.0325   0.0364
SIM47L2  0.0605  1.1533e-02  0.0011  0.0149 -0.0065 -0.0081 -0.0067  0.1047  0.0032  1.0662e-03   0.0226  -0.0068   0.0387  -0.0072  -0.0069   0.0915 -8.2687e-03  -0.0091  -0.0103  -0.0067  -0.0082 -2.7186e-03  -0.0073  -0.0069   0.1056   0.0939   0.0120   0.0268  -0.0094 -2.4475e-04   0.0934  -0.0069   0.0071   0.0155  -0.0052  -0.0109  -0.0092  -0.0089  2.6829e-01  -0.0021  -0.0038   0.1092 -6.4246e-03 -1.0102e-02  9.7332e-03  -0.0080  -0.0048   1.0000   0.0072   0.0163   0.0119
SIM48L2  0.0218  1.8385e-02  0.0563 -0.0109 -0.0059 -0.0094  0.0520 -0.0076  0.0045 -8.2867e-03  -0.0072   0.0038  -0.0072  -0.0064  -0.0081  -0.0043 -4.6951e-03  -0.0057   0.0280  -0.0057  -0.0075 -7.9248e-03  -0.0055   0.1289   0.0407  -0.0051  -0.0063   0.0145   0.0424 -5.7563e-03  -0.0027  -0.0007  -0.0040  -0.0098  -0.0002   0.0045   0.1531  -0.0080  4.6033e-02  -0.0085   0.0417  -0.0081  9.3294e-04  1.9514e-03  1.1463e-02  -0.0081   0.0265   0.0072   1.0000   0.0326  -0.0037
SIM49L2  0.0301  2.1478e-02  0.0063  0.0801 -0.0055 -0.0093 -0.0060 -0.0073  0.3757 -2.5856e-03   0.0151  -0.0041  -0.0021  -0.0061  -0.0076  -0.0071  2.3973e-02  -0.0056  -0.0006  -0.0026  -0.0072 -7.0045e-03   0.0447   0.0227  -0.0047   0.0205   0.0748   0.1108  -0.0057 -5.4457e-03  -0.0056   0.0032   0.0262  -0.0092  -0.0016  -0.0047   0.1521  -0.0076 -5.3052e-03  -0.0025  -0.0018  -0.0055 -2.1170e-03  1.1943e-02 -7.0338e-03  -0.0077   0.0325   0.0163   0.0326   1.0000  -0.0068
SIM50L2  0.0452 -8.2082e-03 -0.0048  0.1090 -0.0056  0.0026 -0.0061 -0.0045 -0.0066  1.6468e-01   0.0062   0.0553   0.0031  -0.0055   0.0214   0.0191 -8.7137e-03  -0.0032  -0.0045  -0.0033  -0.0073 -6.2340e-03  -0.0062   0.1160  -0.0109  -0.0056  -0.0069  -0.0048   0.1599 -1.1433e-03  -0.0022  -0.0034  -0.0080  -0.0088  -0.0080   0.0394   0.0138   0.2047  4.2492e-03  -0.0076  -0.0046   0.1305 -1.7472e-03 -6.8859e-03 -4.6284e-03  -0.0078   0.0364   0.0119  -0.0037  -0.0068   1.0000

LD Score Matrix Condition Number
3.3773

Annotation Correlation Matrix
             SIM1        SIM2        SIM3        SIM4        SIM5        SIM6        SIM7        SIM8        SIM9       SIM10       SIM11       SIM12       SIM13       SIM14       SIM15       SIM16       SIM17       SIM18       SIM19       SIM20       SIM21       SIM22       SIM23       SIM24       SIM25       SIM26       SIM27       SIM28       SIM29       SIM30       SIM31       SIM32       SIM33       SIM34       SIM35       SIM36       SIM37       SIM38       SIM39       SIM40       SIM41       SIM42       SIM43       SIM44       SIM45       SIM46       SIM47       SIM48       SIM49       SIM50
SIM1   1.0000e+00 -8.5343e-05 -1.0453e-04 -6.6106e-05 -1.0453e-04 -9.3490e-05 -7.6333e-05 -8.9509e-05 -8.9509e-05 -8.9509e-05 -6.6106e-05 -9.3490e-05 -6.6106e-05 -1.0795e-04 -1.0453e-04 -8.0963e-05 -8.5343e-05 -9.3490e-05 -8.0963e-05 -7.6333e-05 -8.0963e-05 -9.3490e-05 -7.1403e-05 -1.0795e-04 -8.0963e-05 -1.0453e-04 -1.0795e-04 -1.0453e-04 -8.0963e-05 -7.1403e-05 -7.6333e-05 -1.1128e-04 -1.1450e-04 -9.7307e-05 -1.1450e-04 -1.0453e-04 -6.0346e-05 -8.5343e-05 -8.5343e-05 -8.0963e-05 -8.5343e-05 -8.9509e-05 -9.7307e-05 -8.0963e-05 -9.3490e-05 -1.0795e-04 -9.7307e-05 -8.9509e-05 -1.0453e-04 -9.7307e-05
SIM2  -8.5343e-05  1.0000e+00 -8.8339e-05 -5.5869e-05 -8.8339e-05 -7.9012e-05 -6.4512e-05 -7.5648e-05 -7.5648e-05 -7.5648e-05 -5.5869e-05 -7.9012e-05 -5.5869e-05 -9.1236e-05  8.1569e-02 -6.8426e-05 -7.2127e-05 -7.9012e-05 -6.8426e-05 -6.4512e-05 -6.8426e-05 -7.9012e-05 -6.0345e-05 -9.1236e-05 -6.8426e-05 -8.8339e-05 -9.1236e-05 -8.8339e-05 -6.8426e-05 -6.0345e-05 -6.4512e-05 -9.4045e-05 -9.6772e-05 -8.2239e-05 -9.6772e-05 -8.8339e-05 -5.1001e-05 -7.2127e-05 -7.2127e-05 -6.8426e-05 -7.2127e-05 -7.5648e-05 -8.2239e-05 -6.8426e-05 -7.9012e-05 -9.1236e-05 -8.2239e-05 -7.5648e-05 -8.8339e-05 -8.2239e-05
SIM3  -1.0453e-04 -8.8339e-05  1.0000e+00 -6.8426e-05 -1.0819e-04 -9.6771e-05 -7.9012e-05 -9.2651e-05 -9.2651e-05 -9.2651e-05 -6.8426e-05 -9.6771e-05 -6.8426e-05 -1.1174e-04 -1.0819e-04 -8.3805e-05 -8.8339e-05 -9.6771e-05 -8.3805e-05 -7.9012e-05 -8.3805e-05 -9.6771e-05 -7.3909e-05 -1.1174e-04 -8.3805e-05 -1.0819e-04 -1.1174e-04 -1.0819e-04 -8.3805e-05 -7.3909e-05 -7.9012e-05 -1.1518e-04 -1.1852e-04 -1.0072e-04 -1.1852e-04 -1.0819e-04 -6.2464e-05 -8.8339e-05 -8.8339e-05 -8.3805e-05 -8.8339e-05 -9.2651e-05 -1.0072e-04 -8.3805e-05 -9.6771e-05 -1.1174e-04 -1.0072e-04 -9.2651e-05 -1.0819e-04 -1.0072e-04
SIM4  -6.6106e-05 -5.5869e-05 -6.8426e-05  1.0000e+00 -6.8426e-05 -6.1201e-05 -4.9970e-05 -5.8596e-05 -5.8596e-05 -5.8596e-05 -4.3275e-05 -6.1201e-05 -4.3275e-05 -7.0670e-05 -6.8426e-05 -5.3001e-05 -5.5869e-05 -6.1201e-05 -5.3001e-05 -4.9970e-05 -5.3001e-05 -6.1201e-05 -4.6743e-05 -7.0670e-05 -5.3001e-05 -6.8426e-05 -7.0670e-05 -6.8426e-05 -5.3001e-05 -4.6743e-05 -4.9970e-05 -7.2846e-05 -7.4958e-05 -6.3701e-05 -7.4958e-05 -6.8426e-05 -3.9504e-05 -5.5869e-05 -5.5869e-05 -5.3001e-05 -5.5869e-05 -5.8596e-05 -6.3701e-05 -5.3001e-05 -6.1201e-05 -7.0670e-05 -6.3701e-05 -5.8596e-05 -6.8426e-05 -6.3701e-05
SIM5  -1.0453e-04 -8.8339e-05 -1.0819e-04 -6.8426e-05  1.0000e+00 -9.6771e-05 -7.9012e-05 -9.2651e-05 -9.2651e-05 -9.2651e-05 -6.8426e-05 -9.6771e-05 -6.8426e-05 -1.1174e-04 -1.0819e-04 -8.3805e-05 -8.8339e-05 -9.6771e-05 -8.3805e-05 -7.9012e-05 -8.3805e-05 -9.6771e-05 -7.3909e-05 -1.1174e-04 -8.3805e-05 -1.0819e-04 -1.1174e-04 -1.0819e-04 -8.3805e-05 -7.3909e-05 -7.9012e-05 -1.1518e-04 -1.1852e-04 -1.0072e-04 -1.1852e-04 -1.0819e-04 -6.2464e-05 -8.8339e-05 -8.8339e-05 -8.3805e-05 -8.8339e-05  7.7765e-02 -1.0072e-04 -8.3805e-05 -9.6771e-05 -1.1174e-04 -1.0072e-04 -9.2651e-05 -1.0819e-04 -1.0072e-04
SIM6  -9.3490e-05 -7.9012e-05 -9.6771e-05 -6.1201e-05 -9.6771e-05  1.0000e+00 -7.0670e-05 -8.2869e-05 -8.2869e-05 -8.2869e-05 -6.1201e-05 -8.6554e-05 -6.1201e-05 -9.9945e-05 -9.6771e-05 -7.4957e-05 -7.9012e-05 -8.6554e-05 -7.4957e-05 -7.0670e-05 -7.4957e-05 -8.6554e-05 -6.6105e-05 -9.9945e-05 -7.4957e-05 -9.6771e-05 -9.9945e-05 -9.6771e-05 -7.4957e-05 -6.6105e-05 -7.0670e-05 -1.0302e-04 -1.0601e-04 -9.0088e-05 -1.0601e-04 -9.6771e-05 -5.5869e-05 -7.9012e-05 -7.9012e-05 -7.4957e-05 -7.9012e-05 -8.2869e-05 -9.0088e-05 -7.4957e-05 -8.6554e-05 -9.9945e-05 -9.0088e-05 -8.2869e-05 -9.6771e-05 -9.0088e-05
SIM7  -7.6333e-05 -6.4512e-05 -7.9012e-05 -4.9970e-05 -7.9012e-05 -7.0670e-05  1.0000e+00 -6.7661e-05 -6.7661e-05 -6.7661e-05 -4.9970e-05 -7.0670e-05 -4.9970e-05 -8.1604e-05 -7.9012e-05 -6.1201e-05 -6.4512e-05 -7.0670e-05 -6.1201e-05 -5.7701e-05 -6.1201e-05 -7.0670e-05 -5.3974e-05 -8.1604e-05  1.1780e-01 -7.9012e-05 -8.1604e-05 -7.9012e-05 -6.1201e-05 -5.3974e-05 -5.7701e-05 -8.4116e-05 -8.6554e-05 -7.3556e-05 -8.6554e-05 -7.9012e-05 -4.5616e-05 -6.4512e-05 -6.4512e-05 -6.1201e-05 -6.4512e-05 -6.7661e-05 -7.3556e-05 -6.1201e-05 -7.0670e-05 -8.1604e-05 -7.3556e-05 -6.7661e-05 -7.9012e-05 -7.3556e-05
SIM8  -8.9509e-05 -7.5648e-05 -9.2651e-05 -5.8596e-05 -9.2651e-05 -8.2869e-05 -6.7661e-05  1.0000e+00 -7.9340e-05 -7.9340e-05 -5.8596e-05 -8.2869e-05 -5.8596e-05 -9.5690e-05 -9.2651e-05 -7.1766e-05 -7.5648e-05 -8.2869e-05 -7.1766e-05 -6.7661e-05 -7.1766e-05 -8.2869e-05 -6.3291e-05 -9.5690e-05 -7.1766e-05 -9.2651e-05 -9.5690e-05 -9.2651e-05 -7.1766e-05 -6.3291e-05 -6.7661e-05 -9.8635e-05 -1.0150e-04 -8.6253e-05 -1.0150e-04 -9.2651e-05 -5.3490e-05 -7.5648e-05 -7.5648e-05 -7.1766e-05 -7.5648e-05 -7.9340e-05 -8.6253e-05 -7.1766e-05 -8.2869e-05 -9.5690e-05 -8.6253e-05 -7.9340e-05 -9.2651e-05 -8.6253e-05
SIM9  -8.9509e-05 -7.5648e-05 -9.2651e-05 -5.8596e-05 -9.2651e-05 -8.2869e-05 -6.7661e-05 -7.9340e-05  1.0000e+00 -7.9340e-05 -5.8596e-05 -8.2869e-05 -5.8596e-05 -9.5690e-05 -9.2651e-05 -7.1766e-05 -7.5648e-05 -8.2869e-05 -7.1766e-05 -6.7661e-05 -7.1766e-05 -8.2869e-05 -6.3291e-05 -9.5690e-05 -7.1766e-05 -9.2651e-05 -9.5690e-05 -9.2651e-05 -7.1766e-05 -6.3291e-05 -6.7661e-05 -9.8635e-05 -1.0150e-04 -8.6253e-05 -1.0150e-04 -9.2651e-05 -5.3490e-05 -7.5648e-05 -7.5648e-05 -7.1766e-05 -7.5648e-05 -7.9340e-05 -8.6253e-05 -7.1766e-05 -8.2869e-05 -9.5690e-05 -8.6253e-05 -7.9340e-05 -9.2651e-05 -8.6253e-05
SIM10 -8.9509e-05 -7.5648e-05 -9.2651e-05 -5.8596e-05 -9.2651e-05 -8.2869e-05 -6.7661e-05 -7.9340e-05 -7.9340e-05  1.0000e+00 -5.8596e-05 -8.2869e-05 -5.8596e-05 -9.5690e-05 -9.2651e-05 -7.1766e-05 -7.5648e-05 -8.2869e-05 -7.1766e-05 -6.7661e-05 -7.1766e-05 -8.2869e-05 -6.3291e-05 -9.5690e-05 -7.1766e-05 -9.2651e-05 -9.5690e-05 -9.2651e-05 -7.1766e-05 -6.3291e-05 -6.7661e-05 -9.8635e-05  7.0973e-02 -8.6253e-05 -1.0150e-04 -9.2651e-05 -5.3490e-05 -7.5648e-05 -7.5648e-05 -7.1766e-05 -7.5648e-05 -7.9340e-05 -8.6253e-05 -7.1766e-05 -8.2869e-05 -9.5690e-05 -8.6253e-05 -7.9340e-05 -9.2651e-05 -8.6253e-05
SIM11 -6.6106e-05 -5.5869e-05 -6.8426e-05 -4.3275e-05 -6.8426e-05 -6.1201e-05 -4.9970e-05 -5.8596e-05 -5.8596e-05 -5.8596e-05  1.0000e+00 -6.1201e-05 -4.3275e-05 -7.0670e-05 -6.8426e-05 -5.3001e-05 -5.5869e-05 -6.1201e-05 -5.3001e-05 -4.9970e-05 -5.3001e-05 -6.1201e-05 -4.6743e-05 -7.0670e-05 -5.3001e-05 -6.8426e-05 -7.0670e-05 -6.8426e-05 -5.3001e-05 -4.6743e-05 -4.9970e-05 -7.2846e-05 -7.4958e-05 -6.3701e-05 -7.4958e-05 -6.8426e-05 -3.9504e-05 -5.5869e-05 -5.5869e-05 -5.3001e-05 -5.5869e-05 -5.8596e-05 -6.3701e-05 -5.3001e-05 -6.1201e-05 -7.0670e-05 -6.3701e-05 -5.8596e-05 -6.8426e-05 -6.3701e-05
SIM12 -9.3490e-05 -7.9012e-05 -9.6771e-05 -6.1201e-05 -9.6771e-05 -8.6554e-05 -7.0670e-05 -8.2869e-05 -8.2869e-05 -8.2869e-05 -6.1201e-05  1.0000e+00 -6.1201e-05 -9.9945e-05 -9.6771e-05  9.6157e-02 -7.9012e-05 -8.6554e-05 -7.4957e-05 -7.0670e-05 -7.4957e-05 -8.6554e-05 -6.6105e-05 -9.9945e-05 -7.4957e-05 -9.6771e-05 -9.9945e-05 -9.6771e-05 -7.4957e-05 -6.6105e-05 -7.0670e-05 -1.0302e-04 -1.0601e-04 -9.0088e-05 -1.0601e-04 -9.6771e-05 -5.5869e-05 -7.9012e-05 -7.9012e-05 -7.4957e-05 -7.9012e-05 -8.2869e-05 -9.0088e-05 -7.4957e-05 -8.6554e-05 -9.9945e-05 -9.0088e-05 -8.2869e-05 -9.6771e-05 -9.0088e-05
SIM13 -6.6106e-05 -5.5869e-05 -6.8426e-05 -4.3275e-05 -6.8426e-05 -6.1201e-05 -4.9970e-05 -5.8596e-05 -5.8596e-05 -5.8596e-05 -4.3275e-05 -6.1201e-05  1.0000e+00 -7.0670e-05 -6.8426e-05 -5.3001e-05 -5.5869e-05 -6.1201e-05 -5.3001e-05 -4.9970e-05 -5.3001e-05 -6.1201e-05 -4.6743e-05 -7.0670e-05 -5.3001e-05 -6.8426e-05 -7.0670e-05 -6.8426e-05 -5.3001e-05 -4.6743e-05 -4.9970e-05 -7.2846e-05 -7.4958e-05 -6.3701e-05 -7.4958e-05 -6.8426e-05 -3.9504e-05 -5.5869e-05 -5.5869e-05 -5.3001e-05 -5.5869e-05 -5.8596e-05 -6.3701e-05 -5.3001e-05 -6.1201e-05 -7.0670e-05 -6.3701e-05 -5.8596e-05 -6.8426e-05 -6.3701e-05
SIM14 -1.0795e-04 -9.1236e-05 -1.1174e-04 -7.0670e-05 -1.1174e-04 -9.9945e-05 -8.1604e-05 -9.5690e-05 -9.5690e-05 -9.5690e-05 -7.0670e-05 -9.9945e-05 -7.0670e-05  1.0000e+00 -1.1174e-04 -8.6554e-05 -9.1236e-05 -9.9945e-05 -8.6554e-05 -8.1604e-05 -8.6554e-05 -9.9945e-05 -7.6333e-05 -1.1541e-04 -8.6554e-05 -1.1174e-04 -1.1541e-04 -1.1174e-04 -8.6554e-05  9.4423e-02 -8.1604e-05 -1.1896e-04 -1.2241e-04 -1.0403e-04 -1.2241e-04 -1.1174e-04 -6.4513e-05 -9.1236e-05 -9.1236e-05 -8.6554e-05 -9.1236e-05 -9.5690e-05 -1.0403e-04 -8.6554e-05 -9.9945e-05 -1.1541e-04 -1.0403e-04 -9.5690e-05 -1.1174e-04 -1.0403e-04
