*********************************************************************
* LD Score Regression (LDSC)
* Version 1.0.1
* (C) 2014-2019 Brendan Bulik-Sullivan and Hilary Finucane
* Broad Institute of MIT and Harvard / MIT Department of Mathematics
* GNU General Public License v3
*********************************************************************
Call: 
./ldsc.py \
--out /data/sbcs/GuoLab/backup/liq17/CRC_TF_TWAS_zhishan2024/NC_revision_OceanCode/v2_NC_revision//84Tracks//ldscores_sim1000//3 \
--bfile /data/sbcs/GuoLab/backup/liq17/ref/Alkesgroup/1000G_EUR_Phase3_plink_hg38/1000G.EUR.QC.3 \
--annot /data/sbcs/GuoLab/backup/liq17/CRC_TF_TWAS_zhishan2024/NC_revision_OceanCode/v2_NC_revision//84Tracks//annots_sim1000//3.annot.txt \
--l2  \
--ld-wind-kb 100.0 

Beginning analysis at Sun Oct 26 21:53:30 2025
Read list of 706163 SNPs from /data/sbcs/GuoLab/backup/liq17/ref/Alkesgroup/1000G_EUR_Phase3_plink_hg38/1000G.EUR.QC.3.bim
Read 50 annotations for 706163 SNPs from /data/sbcs/GuoLab/backup/liq17/CRC_TF_TWAS_zhishan2024/NC_revision_OceanCode/v2_NC_revision//84Tracks//annots_sim1000//3.annot.txt
Read list of 489 individuals from /data/sbcs/GuoLab/backup/liq17/ref/Alkesgroup/1000G_EUR_Phase3_plink_hg38/1000G.EUR.QC.3.fam
Reading genotypes from /data/sbcs/GuoLab/backup/liq17/ref/Alkesgroup/1000G_EUR_Phase3_plink_hg38/1000G.EUR.QC.3.bed
Estimating LD Score.
Writing LD Scores for 706163 SNPs to /data/sbcs/GuoLab/backup/liq17/CRC_TF_TWAS_zhishan2024/NC_revision_OceanCode/v2_NC_revision//84Tracks//ldscores_sim1000//3.l2.ldscore.gz

Summary of LD Scores in /data/sbcs/GuoLab/backup/liq17/CRC_TF_TWAS_zhishan2024/NC_revision_OceanCode/v2_NC_revision//84Tracks//ldscores_sim1000//3.l2.ldscore.gz
         MAF  SIM1L2  SIM2L2  SIM3L2  SIM4L2  SIM5L2  SIM6L2  SIM7L2  SIM8L2  SIM9L2  SIM10L2  SIM11L2  SIM12L2  SIM13L2  SIM14L2  SIM15L2  SIM16L2  SIM17L2  SIM18L2  SIM19L2  SIM20L2  SIM21L2  SIM22L2  SIM23L2  SIM24L2  SIM25L2  SIM26L2  SIM27L2  SIM28L2  SIM29L2  SIM30L2  SIM31L2  SIM32L2  SIM33L2  SIM34L2  SIM35L2  SIM36L2  SIM37L2  SIM38L2  SIM39L2  SIM40L2  SIM41L2  SIM42L2  SIM43L2  SIM44L2  SIM45L2  SIM46L2  SIM47L2  SIM48L2  SIM49L2  SIM50L2
mean  0.1493  0.0044  0.0065  0.0063  0.0046  0.0068  0.0071  0.0071  0.0052  0.0048   0.0067   0.0065   0.0052   0.0064   0.0061   0.0053   0.0069   0.0072   0.0067   0.0063   0.0061   0.0061   0.0039   0.0057   0.0066   0.0056   0.0066   0.0052   0.0078   0.0060   0.0060   0.0077   0.0057   0.0045   0.0054   0.0063   0.0072   0.0068   0.0048   0.0068   0.0050   0.0067   0.0059   0.0061   0.0058   0.0052   0.0062   0.0060   0.0069   0.0072   0.0057
std   0.1496  0.0513  0.0617  0.0616  0.0519  0.0645  0.0655  0.0684  0.0545  0.0524   0.0635   0.0623   0.0549   0.0609   0.0637   0.0569   0.0601   0.0644   0.0693   0.0602   0.0626   0.0598   0.0464   0.0587   0.0671   0.0617   0.0639   0.0537   0.0697   0.0594   0.0590   0.0693   0.0608   0.0504   0.0557   0.0616   0.0659   0.0653   0.0520   0.0623   0.0543   0.0637   0.0585   0.0672   0.0597   0.0568   0.0635   0.0595   0.0655   0.0631   0.0595
min   0.0051 -0.0058 -0.0055 -0.0058 -0.0041 -0.0041 -0.0041 -0.0041 -0.0054 -0.0041  -0.0041  -0.0040  -0.0037  -0.0041  -0.0041  -0.0040  -0.0041  -0.0041  -0.0070  -0.0040  -0.0041  -0.0041  -0.0041  -0.0041  -0.0040  -0.0040  -0.0040  -0.0055  -0.0060  -0.0041  -0.0041  -0.0041  -0.0040  -0.0040  -0.0041  -0.0041  -0.0041  -0.0058  -0.0050  -0.0051  -0.0040  -0.0041  -0.0041  -0.0041  -0.0039  -0.0041  -0.0060  -0.0040  -0.0041  -0.0041  -0.0040
25%   0.0184  0.0000  0.0000  0.0000  0.0000  0.0000  0.0000  0.0000  0.0000  0.0000   0.0000   0.0000   0.0000   0.0000   0.0000   0.0000   0.0000   0.0000   0.0000   0.0000   0.0000   0.0000   0.0000   0.0000   0.0000   0.0000   0.0000   0.0000   0.0000   0.0000   0.0000   0.0000   0.0000   0.0000   0.0000   0.0000   0.0000   0.0000   0.0000   0.0000   0.0000   0.0000   0.0000   0.0000   0.0000   0.0000   0.0000   0.0000   0.0000   0.0000   0.0000
50%   0.0900  0.0000  0.0000  0.0000  0.0000  0.0000  0.0000  0.0000  0.0000  0.0000   0.0000   0.0000   0.0000   0.0000   0.0000   0.0000   0.0000   0.0000   0.0000   0.0000   0.0000   0.0000   0.0000   0.0000   0.0000   0.0000   0.0000   0.0000   0.0000   0.0000   0.0000   0.0000   0.0000   0.0000   0.0000   0.0000   0.0000   0.0000   0.0000   0.0000   0.0000   0.0000   0.0000   0.0000   0.0000   0.0000   0.0000   0.0000   0.0000   0.0000   0.0000
75%   0.2566  0.0000  0.0000  0.0000  0.0000  0.0000  0.0000  0.0000  0.0000  0.0000   0.0000   0.0000   0.0000   0.0000   0.0000   0.0000   0.0000   0.0000   0.0000   0.0000   0.0000   0.0000   0.0000   0.0000   0.0000   0.0000   0.0000   0.0000   0.0000   0.0000   0.0000   0.0000   0.0000   0.0000   0.0000   0.0000   0.0000   0.0000   0.0000   0.0000   0.0000   0.0000   0.0000   0.0000   0.0000   0.0000   0.0000   0.0000   0.0000   0.0000   0.0000
max   0.5000  1.0536  1.3533  1.0095  1.1639  1.0093  1.0645  1.6593  1.0809  1.0694   1.0004   1.0000   1.0002   1.0134   1.3673   1.0158   1.0706   1.4171   2.5392   1.0000   1.0000   1.2114   1.8711   1.0655   1.8942   1.0000   1.5696   1.0801   1.0272   1.0831   1.3061   1.9658   1.2756   1.0000   1.4938   1.0272   1.0023   1.0025   1.1063   1.2480   1.0000   1.0063   1.0097   1.9157   1.0067   1.0000   1.3646   1.0170   1.3861   1.1279   1.0386

MAF/LD Score Correlation Matrix
            MAF  SIM1L2      SIM2L2  SIM3L2  SIM4L2  SIM5L2  SIM6L2  SIM7L2  SIM8L2  SIM9L2  SIM10L2  SIM11L2  SIM12L2  SIM13L2     SIM14L2     SIM15L2  SIM16L2  SIM17L2  SIM18L2  SIM19L2  SIM20L2  SIM21L2  SIM22L2     SIM23L2  SIM24L2     SIM25L2     SIM26L2  SIM27L2  SIM28L2  SIM29L2  SIM30L2  SIM31L2  SIM32L2  SIM33L2     SIM34L2  SIM35L2  SIM36L2  SIM37L2     SIM38L2  SIM39L2  SIM40L2  SIM41L2  SIM42L2     SIM43L2     SIM44L2  SIM45L2  SIM46L2     SIM47L2  SIM48L2  SIM49L2  SIM50L2
MAF      1.0000  0.0260  7.3476e-02  0.0393  0.0231  0.0334  0.0482  0.0336  0.0458  0.0481   0.0575   0.0485   0.0519   0.0465  3.2278e-02  4.4146e-02   0.0546   0.0562   0.0366   0.0585   0.0708   0.0391   0.0187  4.2629e-02   0.0409 -4.1242e-03  4.8458e-02   0.0260   0.0700   0.0495   0.0561   0.0607   0.0424   0.0446  6.4102e-02   0.0558   0.0419   0.0396  4.1152e-02   0.0498   0.0697   0.0394   0.0261  3.0048e-02  6.1748e-02   0.0185   0.0467  3.7227e-02   0.0567   0.0651   0.0460
SIM1L2   0.0260  1.0000 -5.3011e-03  0.0103 -0.0010  0.0095  0.0011  0.0025  0.0972  0.0108   0.0344   0.0209  -0.0076  -0.0078 -1.4340e-03 -7.8549e-03  -0.0079  -0.0050   0.0688   0.0743  -0.0033  -0.0033   0.0084 -6.9446e-03   0.0229 -2.0476e-03 -2.4379e-03  -0.0081   0.0041   0.0380  -0.0035   0.1209   0.0137  -0.0070  2.2413e-02   0.0601  -0.0028   0.0367 -9.6067e-04  -0.0088  -0.0036  -0.0089   0.0625  1.5271e-03 -7.5052e-03   0.0494   0.0286  3.4964e-04   0.0976   0.0207  -0.0022
SIM2L2   0.0735 -0.0053  1.0000e+00  0.0336 -0.0025  0.0711  0.0076  0.0164 -0.0058 -0.0092   0.0273   0.0368  -0.0054   0.0197 -8.1062e-03  6.2819e-02   0.0542   0.0527   0.0035   0.0092   0.0406   0.0173   0.0069  3.9174e-02  -0.0059  8.6361e-02  1.0855e-02   0.0198  -0.0083  -0.0075  -0.0067  -0.0028   0.0042  -0.0047  8.8582e-05   0.0320   0.0255   0.0031 -9.5856e-03   0.0014   0.0335   0.0037  -0.0038  8.6199e-03 -6.0067e-03  -0.0088   0.0091 -4.3833e-03   0.0724  -0.0069   0.0578
SIM3L2   0.0393  0.0103  3.3624e-02  1.0000 -0.0071 -0.0046 -0.0099  0.0888  0.0004  0.0643  -0.0101  -0.0078   0.0199  -0.0071  7.4472e-03 -7.3721e-03   0.0075   0.0077   0.0547   0.0504  -0.0093  -0.0084  -0.0081  2.0025e-02  -0.0001 -8.0300e-03  1.7008e-02  -0.0078   0.0487   0.0530   0.0762   0.0184   0.0672  -0.0013  1.3364e-02  -0.0008   0.0104   0.0659  1.1868e-03   0.0153   0.0203   0.1033  -0.0001 -5.7952e-03  4.0282e-02   0.0273   0.0007  4.4373e-02  -0.0062   0.0545  -0.0079
SIM4L2   0.0231 -0.0010 -2.4794e-03 -0.0071  1.0000 -0.0084  0.0329  0.0345 -0.0045  0.0258   0.0319   0.0137   0.0139   0.0398 -5.0658e-03  3.1658e-03   0.0111  -0.0079   0.0130   0.0390   0.0405   0.0061   0.0180 -4.5424e-03  -0.0079  1.2747e-01  1.7643e-02  -0.0054  -0.0053  -0.0014  -0.0057  -0.0091  -0.0038  -0.0057  3.1211e-02   0.0272  -0.0039   0.0360  3.6516e-02  -0.0084  -0.0037  -0.0067   0.0394 -4.8401e-04 -7.7521e-03  -0.0004   0.0147 -8.1142e-03  -0.0066   0.0022   0.0979
SIM5L2   0.0334  0.0095  7.1076e-02 -0.0046 -0.0084  1.0000  0.0151 -0.0094 -0.0045 -0.0059   0.0199   0.0284  -0.0024  -0.0059  6.9697e-02  4.8933e-02   0.0167   0.0757  -0.0043   0.0149  -0.0067   0.0276   0.0015  5.7586e-02  -0.0074 -3.1819e-03 -3.1921e-03   0.0066   0.0247   0.0226  -0.0049   0.0123   0.0325  -0.0028  3.0935e-02  -0.0032   0.0224   0.0391 -8.2201e-03  -0.0030  -0.0071   0.0093  -0.0032  5.7515e-03  6.2719e-03  -0.0092  -0.0094  1.3228e-04   0.0147   0.0128  -0.0079
SIM6L2   0.0482  0.0011  7.6199e-03 -0.0099  0.0329  0.0151  1.0000  0.1664  0.0068 -0.0052   0.0122   0.0032   0.0360   0.0003 -1.5746e-03  1.2680e-02   0.0109   0.0190   0.0204   0.0360   0.0985   0.0155   0.0054 -8.0312e-03  -0.0033  2.6316e-02  2.4667e-02  -0.0095   0.0191  -0.0081  -0.0096   0.0201   0.0054   0.0494 -9.0977e-03   0.1420   0.1068  -0.0012 -4.8984e-03   0.0761   0.0077   0.0107  -0.0049  7.5956e-03  5.9763e-02   0.0054   0.1334  2.4335e-02   0.0183   0.0300   0.0298
SIM7L2   0.0336  0.0025  1.6405e-02  0.0888  0.0345 -0.0094  0.1664  1.0000  0.0031  0.0549   0.0016   0.0228  -0.0070  -0.0080 -1.6644e-03 -1.3916e-03  -0.0081   0.0089   0.0005   0.0165   0.0503   0.0026  -0.0035 -7.7783e-03  -0.0013  2.2527e-02  4.5680e-03  -0.0013   0.0125   0.0256  -0.0019  -0.0033   0.0008   0.0019  1.9900e-02   0.0895   0.0907  -0.0064  4.3925e-02   0.0475   0.0034   0.0682   0.0391  3.3654e-02  7.8071e-02  -0.0005   0.0924  2.9953e-02   0.0941   0.0053  -0.0065
SIM8L2   0.0458  0.0972 -5.8401e-03  0.0004 -0.0045 -0.0045  0.0068  0.0031  1.0000 -0.0056   0.0062   0.0158  -0.0082  -0.0074  9.6195e-03  8.3350e-03   0.0052   0.0021   0.0568   0.0708   0.0178  -0.0009   0.0014  2.9969e-03   0.0218  2.0419e-02 -3.8715e-04  -0.0013  -0.0045   0.0218   0.0107   0.0616   0.0021   0.0270 -7.3192e-03   0.0565  -0.0086   0.0056  1.8699e-02  -0.0074  -0.0064   0.0297   0.0223 -5.2895e-03 -5.1195e-03  -0.0046   0.0246  8.0085e-03   0.0304   0.0199  -0.0049
SIM9L2   0.0481  0.0108 -9.1832e-03  0.0643  0.0258 -0.0059 -0.0052  0.0549 -0.0056  1.0000  -0.0063  -0.0092  -0.0075  -0.0062 -9.1831e-04 -4.1135e-03  -0.0002  -0.0103  -0.0006   0.0562  -0.0059  -0.0062   0.0300  6.8577e-02  -0.0053 -4.0276e-03 -7.5081e-03   0.0102  -0.0057   0.0102  -0.0025   0.0354   0.1004   0.0428  2.7543e-03  -0.0027   0.0329   0.0313  2.5261e-03   0.0009  -0.0066   0.0102   0.0431  8.2357e-02 -7.2041e-03   0.0597  -0.0022 -8.3251e-03   0.0299  -0.0016   0.0108
SIM10L2  0.0575  0.0344  2.7298e-02 -0.0101  0.0319  0.0199  0.0122  0.0016  0.0062 -0.0063   1.0000   0.0607   0.0191   0.0103 -9.3741e-03 -3.3991e-03   0.0436   0.0007  -0.0054  -0.0022   0.0773   0.0100  -0.0069 -7.9662e-03   0.0590 -4.1224e-03  2.1223e-02   0.0113  -0.0113  -0.0073   0.0048   0.0122   0.0094  -0.0080 -8.7162e-03   0.0612  -0.0006   0.0310  1.5124e-02  -0.0103  -0.0021  -0.0045   0.0345 -7.6892e-03 -7.8447e-03  -0.0081   0.0714  1.0535e-01   0.0083   0.0013   0.0273
SIM11L2  0.0485  0.0209  3.6791e-02 -0.0078  0.0137  0.0284  0.0032  0.0228  0.0158 -0.0092   0.0607   1.0000  -0.0048  -0.0105  9.4574e-02 -5.1874e-03  -0.0092   0.0065  -0.0018  -0.0105   0.1111  -0.0074  -0.0052 -4.9068e-03   0.0169  9.0130e-02  2.7825e-02   0.0035   0.0964   0.0548   0.0104   0.0483  -0.0014  -0.0062  3.4911e-02   0.0231  -0.0100   0.0256 -3.5532e-03  -0.0102  -0.0057  -0.0091   0.0549 -9.2426e-03 -1.8939e-03  -0.0078  -0.0076  2.3479e-02   0.0505   0.0404   0.1055
SIM12L2  0.0519 -0.0076 -5.3753e-03  0.0199  0.0139 -0.0024  0.0360 -0.0070 -0.0082 -0.0075   0.0191  -0.0048   1.0000   0.0527 -5.3319e-04 -7.9319e-03   0.0027   0.0042   0.0039   0.0056   0.0210  -0.0080   0.0464  3.6367e-02  -0.0073  7.2141e-03  2.1353e-02  -0.0033   0.0154  -0.0035   0.0317   0.0435   0.0251   0.0306 -5.9915e-03   0.0495  -0.0020   0.0047  5.1302e-02   0.0437   0.0065  -0.0075  -0.0002  9.7790e-03  8.3186e-03   0.0268   0.0055  6.9216e-03  -0.0071   0.0131   0.0122
SIM13L2  0.0465 -0.0078  1.9704e-02 -0.0071  0.0398 -0.0059  0.0003 -0.0080 -0.0074 -0.0062   0.0103  -0.0105   0.0527   1.0000 -9.0689e-03  4.9513e-02   0.0366  -0.0045   0.0028   0.0095   0.0205   0.0058  -0.0075  5.6565e-02  -0.0032  5.3980e-03  1.1316e-02   0.0371  -0.0073   0.0242   0.0458   0.0557   0.0132   0.0056  1.0441e-01   0.0190   0.0343   0.0271  4.7640e-02  -0.0095   0.0307  -0.0075   0.0162 -8.5560e-03  2.6513e-02   0.0321  -0.0037  3.6898e-03  -0.0069   0.0194   0.0283
SIM14L2  0.0323 -0.0014 -8.1062e-03  0.0074 -0.0051  0.0697 -0.0016 -0.0017  0.0096 -0.0009  -0.0094   0.0946  -0.0005  -0.0091  1.0000e+00 -3.1211e-03   0.0436   0.1289  -0.0084  -0.0077  -0.0059  -0.0063  -0.0075  5.2135e-03   0.0003  1.0771e-01 -6.5576e-03   0.0091   0.0113  -0.0015  -0.0026   0.0052   0.0601   0.0033  2.5942e-02  -0.0053  -0.0088  -0.0053  1.8235e-02  -0.0100  -0.0083  -0.0047   0.0055 -2.9176e-05 -7.5974e-03  -0.0075   0.0095  4.7223e-02  -0.0036   0.0201   0.0094
SIM15L2  0.0441 -0.0079  6.2819e-02 -0.0074  0.0032  0.0489  0.0127 -0.0014  0.0083 -0.0041  -0.0034  -0.0052  -0.0079   0.0495 -3.1211e-03  1.0000e+00  -0.0099   0.0137   0.0994   0.0047  -0.0041   0.0152   0.0147 -9.0916e-05  -0.0042  1.2428e-02 -6.1523e-03   0.0653  -0.0072   0.0192   0.0066   0.0089   0.0504   0.0146  5.2586e-03  -0.0049  -0.0082   0.0185  3.7572e-02  -0.0016   0.0043  -0.0066   0.0540  6.8330e-03  9.3958e-02  -0.0055   0.0385  2.1097e-03  -0.0085   0.0528  -0.0024
SIM16L2  0.0546 -0.0079  5.4200e-02  0.0075  0.0111  0.0167  0.0109 -0.0081  0.0052 -0.0002   0.0436  -0.0092   0.0027   0.0366  4.3563e-02 -9.9344e-03   1.0000   0.0429   0.0154   0.0077   0.0078   0.0303   0.0209  4.4195e-02   0.0045  1.5118e-02  2.6039e-02   0.0211   0.0074  -0.0079  -0.0075   0.0011   0.0423   0.0198  2.7833e-02   0.0442   0.0060   0.0170  3.6061e-02   0.0036  -0.0025   0.0341  -0.0067 -9.1241e-03  1.6551e-02   0.0220   0.0784  4.3934e-02   0.0008   0.0097   0.0201
SIM17L2  0.0562 -0.0050  5.2680e-02  0.0077 -0.0079  0.0757  0.0190  0.0089  0.0021 -0.0103   0.0007   0.0065   0.0042  -0.0045  1.2891e-01  1.3720e-02   0.0429   1.0000   0.0126  -0.0074   0.0628  -0.0098   0.0031  3.4920e-03  -0.0096  1.3702e-02  4.7424e-02   0.0005   0.0228  -0.0015  -0.0030  -0.0102   0.0236  -0.0034  1.2949e-02  -0.0076   0.0033   0.0449  3.7504e-03   0.0073  -0.0009   0.0078   0.0054 -9.1710e-03  5.1903e-03   0.0334  -0.0088  4.3275e-02   0.0255   0.0041   0.0001
SIM18L2  0.0366  0.0688  3.5235e-03  0.0547  0.0130 -0.0043  0.0204  0.0005  0.0568 -0.0006  -0.0054  -0.0018   0.0039   0.0028 -8.4446e-03  9.9429e-02   0.0154   0.0126   1.0000   0.0849  -0.0015   0.0154  -0.0014  1.4709e-02  -0.0017  7.9652e-03  1.1178e-02   0.0637  -0.0039   0.0125   0.0886   0.0796  -0.0017   0.0164 -7.9211e-03   0.0627  -0.0074   0.0045  1.3591e-02  -0.0018   0.0501   0.0565   0.0964  1.0347e-01  1.3909e-01  -0.0034   0.0192 -7.4828e-03   0.0608  -0.0032   0.0528
SIM19L2  0.0585  0.0743  9.2089e-03  0.0504  0.0390  0.0149  0.0360  0.0165  0.0708  0.0562  -0.0022  -0.0105   0.0056   0.0095 -7.6614e-03  4.6570e-03   0.0077  -0.0074   0.0849   1.0000   0.0101   0.0169   0.0018  1.0574e-02   0.0276 -2.7423e-03  9.0869e-03  -0.0076  -0.0041   0.0061   0.0953   0.0867   0.0344  -0.0046 -7.4903e-03   0.0760   0.0364   0.0089 -1.1006e-03   0.0241   0.0151   0.0023  -0.0051  8.3720e-03  1.2934e-02  -0.0067   0.0142  1.0462e-02   0.0109   0.0031  -0.0093
SIM20L2  0.0708 -0.0033  4.0567e-02 -0.0093  0.0405 -0.0067  0.0985  0.0503  0.0178 -0.0059   0.0773   0.1111   0.0210   0.0205 -5.9231e-03 -4.1203e-03   0.0078   0.0628  -0.0015   0.0101   1.0000   0.0529  -0.0026  3.3617e-02   0.1224 -8.5095e-03 -4.8825e-03   0.0085   0.0437   0.0526   0.0037   0.0057  -0.0066   0.0158  1.0949e-01  -0.0061  -0.0095   0.0094  2.0148e-03   0.0509   0.0498   0.0163   0.0238 -4.9354e-03  1.0542e-02  -0.0072   0.1381 -2.1332e-03  -0.0101   0.0126  -0.0029
SIM21L2  0.0391 -0.0033  1.7265e-02 -0.0084  0.0061  0.0276  0.0155  0.0026 -0.0009 -0.0062   0.0100  -0.0074  -0.0080   0.0058 -6.2529e-03  1.5221e-02   0.0303  -0.0098   0.0154   0.0169   0.0529   1.0000   0.0277  7.2509e-02   0.0676  6.4089e-03 -7.3597e-03   0.0197   0.0318   0.0357   0.0109   0.0417  -0.0045  -0.0053 -2.7693e-03   0.0304   0.0031   0.0020 -2.5461e-03   0.0522  -0.0068   0.0020   0.0040  1.1144e-02  3.8863e-02   0.0614   0.1431 -5.2247e-03   0.0008   0.0165   0.0123
SIM22L2  0.0187  0.0084  6.9089e-03 -0.0081  0.0180  0.0015  0.0054 -0.0035  0.0014  0.0300  -0.0069  -0.0052   0.0464  -0.0075 -7.4633e-03  1.4710e-02   0.0209   0.0031  -0.0014   0.0018  -0.0026   0.0277   1.0000  1.0181e-02  -0.0013 -3.6151e-03  1.5262e-02   0.0175   0.0079  -0.0016  -0.0080   0.0070  -0.0022  -0.0055 -3.0945e-04  -0.0046  -0.0014   0.0413 -6.5857e-03  -0.0088  -0.0023   0.0099  -0.0067  1.0748e-02  1.3143e-02  -0.0070  -0.0019  6.1392e-03   0.0091   0.0214  -0.0078
SIM23L2  0.0426 -0.0069  3.9174e-02  0.0200 -0.0045  0.0576 -0.0080 -0.0078  0.0030  0.0686  -0.0080  -0.0049   0.0364   0.0566  5.2135e-03 -9.0916e-05   0.0442   0.0035   0.0147   0.0106   0.0336   0.0725   0.0102  1.0000e+00   0.0343  5.3397e-03 -6.4115e-03  -0.0043   0.0933   0.0303   0.0739  -0.0081   0.0156  -0.0056  3.9368e-02  -0.0088   0.0311   0.0109 -6.3493e-03   0.0355  -0.0061   0.0127  -0.0087 -6.2701e-03 -7.8691e-03  -0.0012   0.0784  4.5265e-02   0.0098  -0.0100   0.0647
SIM24L2  0.0409  0.0229 -5.8553e-03 -0.0001 -0.0079 -0.0074 -0.0033 -0.0013  0.0218 -0.0053   0.0590   0.0169  -0.0073  -0.0032  2.6063e-04 -4.2308e-03   0.0045  -0.0096  -0.0017   0.0276   0.1224   0.0676  -0.0013  3.4336e-02   1.0000 -2.2882e-03 -9.9845e-03   0.0290   0.0289   0.0023   0.0466  -0.0019  -0.0012   0.0153 -8.9504e-03  -0.0050  -0.0100  -0.0074  1.2681e-02   0.0208   0.0415   0.0539   0.0185 -6.1436e-03  2.4202e-02  -0.0071   0.0586 -2.3177e-03  -0.0084   0.0019   0.0179
SIM25L2 -0.0041 -0.0020  8.6361e-02 -0.0080  0.1275 -0.0032  0.0263  0.0225  0.0204 -0.0040  -0.0041   0.0901   0.0072   0.0054  1.0771e-01  1.2428e-02   0.0151   0.0137   0.0080  -0.0027  -0.0085   0.0064  -0.0036  5.3397e-03  -0.0023  1.0000e+00 -8.3535e-05   0.0075  -0.0015   0.0033   0.0224   0.0160  -0.0073   0.0094  6.9734e-04   0.0513   0.0070  -0.0063  5.1814e-02   0.0528   0.0112  -0.0043  -0.0093 -7.1659e-03  5.8787e-03   0.0030   0.0443  1.8004e-02   0.0352   0.0121   0.1327
SIM26L2  0.0485 -0.0024  1.0855e-02  0.0170  0.0176 -0.0032  0.0247  0.0046 -0.0004 -0.0075   0.0212   0.0278   0.0214   0.0113 -6.5576e-03 -6.1523e-03   0.0260   0.0474   0.0112   0.0091  -0.0049  -0.0074   0.0153 -6.4115e-03  -0.0100 -8.3535e-05  1.0000e+00  -0.0062   0.0033   0.0019  -0.0104   0.0264   0.0083   0.0042 -5.1689e-03   0.0404  -0.0018   0.0076 -5.7164e-03  -0.0089   0.0360   0.0436   0.0278  5.4882e-03 -1.0023e-03   0.0114  -0.0068 -7.6661e-03   0.0138   0.0059  -0.0019
SIM27L2  0.0260 -0.0081  1.9814e-02 -0.0078 -0.0054  0.0066 -0.0095 -0.0013 -0.0013  0.0102   0.0113   0.0035  -0.0033   0.0371  9.1106e-03  6.5338e-02   0.0211   0.0005   0.0637  -0.0076   0.0085   0.0197   0.0175 -4.3468e-03   0.0290  7.5358e-03 -6.2208e-03   1.0000   0.0209   0.0125  -0.0099  -0.0080   0.0045   0.0007  3.1650e-03   0.0002   0.0466   0.0085  5.9587e-03  -0.0013  -0.0039  -0.0082   0.0177  2.5573e-02  6.1536e-02  -0.0018  -0.0091  3.4318e-03  -0.0047   0.0587   0.0358
SIM28L2  0.0700  0.0041 -8.3008e-03  0.0487 -0.0053  0.0247  0.0191  0.0125 -0.0045 -0.0057  -0.0113   0.0964   0.0154  -0.0073  1.1346e-02 -7.2032e-03   0.0074   0.0228  -0.0039  -0.0041   0.0437   0.0318   0.0079  9.3268e-02   0.0289 -1.5408e-03  3.3221e-03   0.0209   1.0000   0.0371  -0.0080   0.0113   0.0137  -0.0091  1.4358e-02  -0.0114  -0.0116   0.0177 -7.5425e-03   0.0155   0.0213   0.0267  -0.0110 -4.8529e-03 -2.6837e-03  -0.0025   0.0642  4.7040e-03   0.0008   0.0097  -0.0063
SIM29L2  0.0495  0.0380 -7.4727e-03  0.0530 -0.0014  0.0226 -0.0081  0.0256  0.0218  0.0102  -0.0073   0.0548  -0.0035   0.0242 -1.5319e-03  1.9195e-02  -0.0079  -0.0015   0.0125   0.0061   0.0526   0.0357  -0.0016  3.0316e-02   0.0023  3.2844e-03  1.9178e-03   0.0125   0.0371   1.0000  -0.0063   0.0737  -0.0081   0.0191  6.9913e-02   0.0025  -0.0031  -0.0104  1.3800e-03  -0.0082   0.0382   0.0307  -0.0069 -5.7536e-03  6.2377e-03   0.0303   0.0182  1.8747e-03   0.0972  -0.0052  -0.0052
SIM30L2  0.0561 -0.0035 -6.6542e-03  0.0762 -0.0057 -0.0049 -0.0096 -0.0019  0.0107 -0.0025   0.0048   0.0104   0.0317   0.0458 -2.6147e-03  6.5766e-03  -0.0075  -0.0030   0.0886   0.0953   0.0037   0.0109  -0.0080  7.3903e-02   0.0466  2.2365e-02 -1.0429e-02  -0.0099  -0.0080  -0.0063   1.0000   0.1268   0.0112   0.0371  1.3885e-02  -0.0078   0.0732  -0.0001  5.0193e-03   0.1038   0.0494   0.0590  -0.0030  1.1996e-01  6.6673e-02   0.0241   0.0291  7.3632e-02  -0.0097   0.0018  -0.0057
SIM31L2  0.0607  0.1209 -2.8329e-03  0.0184 -0.0091  0.0123  0.0201 -0.0033  0.0616  0.0354   0.0122   0.0483   0.0435   0.0557  5.1857e-03  8.9472e-03   0.0011  -0.0102   0.0796   0.0867   0.0057   0.0417   0.0070 -8.1351e-03  -0.0019  1.6000e-02  2.6408e-02  -0.0080   0.0113   0.0737   0.1268   1.0000   0.0413   0.0549  2.8232e-03   0.1325   0.0077  -0.0064  7.0144e-02  -0.0012  -0.0077   0.0393   0.0204 -3.7513e-03  1.4547e-02   0.0474   0.0427 -5.8665e-03   0.1489   0.0463  -0.0097
SIM32L2  0.0424  0.0137  4.2195e-03  0.0672 -0.0038  0.0325  0.0054  0.0008  0.0021  0.1004   0.0094  -0.0014   0.0251   0.0132  6.0063e-02  5.0413e-02   0.0423   0.0236  -0.0017   0.0344  -0.0066  -0.0045  -0.0022  1.5631e-02  -0.0012 -7.2725e-03  8.2894e-03   0.0045   0.0137  -0.0081   0.0112   0.0413   1.0000   0.0267  8.4916e-03  -0.0080   0.0098   0.0526 -7.2101e-03   0.0009  -0.0009  -0.0045  -0.0079  3.5094e-02  1.1682e-03  -0.0076   0.0434 -2.1204e-03  -0.0089   0.1220  -0.0079
SIM33L2  0.0446 -0.0070 -4.6635e-03 -0.0013 -0.0057 -0.0028  0.0494  0.0019  0.0270  0.0428  -0.0080  -0.0062   0.0306   0.0056  3.2620e-03  1.4612e-02   0.0198  -0.0034   0.0164  -0.0046   0.0158  -0.0053  -0.0055 -5.6299e-03   0.0153  9.3796e-03  4.2086e-03   0.0007  -0.0091   0.0191   0.0371   0.0549   0.0267   1.0000 -1.8222e-03   0.0653  -0.0085   0.0016  8.9618e-02   0.0157  -0.0070   0.0065  -0.0037 -7.9773e-03  7.9987e-03   0.0155   0.0041 -4.1245e-03   0.0106  -0.0081   0.0722
SIM34L2  0.0641  0.0224  8.8582e-05  0.0134  0.0312  0.0309 -0.0091  0.0199 -0.0073  0.0028  -0.0087   0.0349  -0.0060   0.1044  2.5942e-02  5.2586e-03   0.0278   0.0129  -0.0079  -0.0075   0.1095  -0.0028  -0.0003  3.9368e-02  -0.0090  6.9734e-04 -5.1689e-03   0.0032   0.0144   0.0699   0.0139   0.0028   0.0085  -0.0018  1.0000e+00   0.0078   0.0017  -0.0037  1.7275e-02  -0.0103   0.0287   0.0280   0.0129 -5.9469e-03 -5.0677e-05   0.0096   0.0048 -4.6331e-03  -0.0095   0.0218  -0.0020
SIM35L2  0.0558  0.0601  3.1978e-02 -0.0008  0.0272 -0.0032  0.1420  0.0895  0.0565 -0.0027   0.0612   0.0231   0.0495   0.0190 -5.3016e-03 -4.9134e-03   0.0442  -0.0076   0.0627   0.0760  -0.0061   0.0304  -0.0046 -8.8172e-03  -0.0050  5.1336e-02  4.0374e-02   0.0002  -0.0114   0.0025  -0.0078   0.1325  -0.0080   0.0653  7.7939e-03   1.0000   0.0947   0.0221  7.1050e-02   0.0509  -0.0021   0.0105  -0.0099 -5.4475e-03  9.0113e-03   0.0499   0.1027 -8.5307e-03   0.0086   0.0265   0.0667
SIM36L2  0.0419 -0.0028  2.5517e-02  0.0104 -0.0039  0.0224  0.1068  0.0907 -0.0086  0.0329  -0.0006  -0.0100  -0.0020   0.0343 -8.7503e-03 -8.2168e-03   0.0060   0.0033  -0.0074   0.0364  -0.0095   0.0031  -0.0014  3.1062e-02  -0.0100  6.9898e-03 -1.8255e-03   0.0466  -0.0116  -0.0031   0.0732   0.0077   0.0098  -0.0085  1.7300e-03   0.0947   1.0000   0.0012 -8.9352e-03   0.0638   0.0007   0.0138  -0.0032  4.7543e-02  3.3628e-02   0.0128   0.0447  3.3155e-02   0.0057   0.0061   0.0122
SIM37L2  0.0396  0.0367  3.1020e-03  0.0659  0.0360  0.0391 -0.0012 -0.0064  0.0056  0.0313   0.0310   0.0256   0.0047   0.0271 -5.3425e-03  1.8476e-02   0.0170   0.0449   0.0045   0.0089   0.0094   0.0020   0.0413  1.0932e-02  -0.0074 -6.3321e-03  7.6180e-03   0.0085   0.0177  -0.0104  -0.0001  -0.0064   0.0526   0.0016 -3.6529e-03   0.0221   0.0012   1.0000  3.1975e-02  -0.0021  -0.0092  -0.0059   0.0385 -8.1813e-03 -3.4616e-03  -0.0049   0.0370  5.3514e-02   0.0022  -0.0032  -0.0077
SIM38L2  0.0412 -0.0010 -9.5856e-03  0.0012  0.0365 -0.0082 -0.0049  0.0439  0.0187  0.0025   0.0151  -0.0036   0.0513   0.0476  1.8235e-02  3.7572e-02   0.0361   0.0038   0.0136  -0.0011   0.0020  -0.0025  -0.0066 -6.3493e-03   0.0127  5.1814e-02 -5.7164e-03   0.0060  -0.0075   0.0014   0.0050   0.0701  -0.0072   0.0896  1.7275e-02   0.0711  -0.0089   0.0320  1.0000e+00  -0.0060  -0.0068  -0.0060  -0.0039 -8.1065e-03  2.7304e-03   0.0185   0.0414 -4.8149e-05  -0.0058   0.0395  -0.0085
SIM39L2  0.0498 -0.0088  1.3668e-03  0.0153 -0.0084 -0.0030  0.0761  0.0475 -0.0074  0.0009  -0.0103  -0.0102   0.0437  -0.0095 -1.0021e-02 -1.5641e-03   0.0036   0.0073  -0.0018   0.0241   0.0509   0.0522  -0.0088  3.5478e-02   0.0208  5.2778e-02 -8.8901e-03  -0.0013   0.0155  -0.0082   0.1038  -0.0012   0.0009   0.0157 -1.0304e-02   0.0509   0.0638  -0.0021 -6.0143e-03   1.0000  -0.0087   0.0156  -0.0019 -7.8456e-03 -9.7305e-03  -0.0004   0.0725  3.9892e-02   0.0067  -0.0047  -0.0015
SIM40L2  0.0697 -0.0036  3.3543e-02  0.0203 -0.0037 -0.0071  0.0077  0.0034 -0.0064 -0.0066  -0.0021  -0.0057   0.0065   0.0307 -8.3253e-03  4.3485e-03  -0.0025  -0.0009   0.0501   0.0151   0.0498  -0.0068  -0.0023 -6.1078e-03   0.0415  1.1214e-02  3.5990e-02  -0.0039   0.0213   0.0382   0.0494  -0.0077  -0.0009  -0.0070  2.8728e-02  -0.0021   0.0007  -0.0092 -6.8022e-03  -0.0087   1.0000   0.0007  -0.0081  1.3121e-01  2.3271e-01   0.0698  -0.0075  1.0747e-02  -0.0089   0.0235  -0.0042
SIM41L2  0.0394 -0.0089  3.6840e-03  0.1033 -0.0067  0.0093  0.0107  0.0682  0.0297  0.0102  -0.0045  -0.0091  -0.0075  -0.0075 -4.7145e-03 -6.5574e-03   0.0341   0.0078   0.0565   0.0023   0.0163   0.0020   0.0099  1.2749e-02   0.0539 -4.3499e-03  4.3604e-02  -0.0082   0.0267   0.0307   0.0590   0.0393  -0.0045   0.0065  2.7967e-02   0.0105   0.0138  -0.0059 -5.9932e-03   0.0156   0.0007   1.0000   0.0272  3.7873e-03  1.3930e-03   0.0113   0.0069  4.3040e-02   0.0706  -0.0052  -0.0010
SIM42L2  0.0261  0.0625 -3.7644e-03 -0.0001  0.0394 -0.0032 -0.0049  0.0391  0.0223  0.0431   0.0345   0.0549  -0.0002   0.0162  5.5370e-03  5.4004e-02  -0.0067   0.0054   0.0964  -0.0051   0.0238   0.0040  -0.0067 -8.7280e-03   0.0185 -9.3026e-03  2.7768e-02   0.0177  -0.0110  -0.0069  -0.0030   0.0204  -0.0079  -0.0037  1.2871e-02  -0.0099  -0.0032   0.0385 -3.8653e-03  -0.0019  -0.0081   0.0272   1.0000  2.8159e-02  3.6140e-02   0.0178   0.0193  4.0815e-02   0.0149   0.0466   0.0356
SIM43L2  0.0300  0.0015  8.6199e-03 -0.0058 -0.0005  0.0058  0.0076  0.0337 -0.0053  0.0824  -0.0077  -0.0092   0.0098  -0.0086 -2.9176e-05  6.8330e-03  -0.0091  -0.0092   0.1035   0.0084  -0.0049   0.0111   0.0107 -6.2701e-03  -0.0061 -7.1659e-03  5.4882e-03   0.0256  -0.0049  -0.0058   0.1200  -0.0038   0.0351  -0.0080 -5.9469e-03  -0.0054   0.0475  -0.0082 -8.1065e-03  -0.0078   0.1312   0.0038   0.0282  1.0000e+00  1.1374e-01   0.1803   0.0073  4.3288e-02   0.0236  -0.0066  -0.0082
SIM44L2  0.0617 -0.0075 -6.0067e-03  0.0403 -0.0078  0.0063  0.0598  0.0781 -0.0051 -0.0072  -0.0078  -0.0019   0.0083   0.0265 -7.5974e-03  9.3958e-02   0.0166   0.0052   0.1391   0.0129   0.0105   0.0389   0.0131 -7.8691e-03   0.0242  5.8787e-03 -1.0023e-03   0.0615  -0.0027   0.0062   0.0667   0.0145   0.0012   0.0080 -5.0677e-05   0.0090   0.0336  -0.0035  2.7304e-03  -0.0097   0.2327   0.0014   0.0361  1.1374e-01  1.0000e+00   0.0542  -0.0083  6.5903e-02  -0.0102   0.0014  -0.0054
SIM45L2  0.0185  0.0494 -8.7633e-03  0.0273 -0.0004 -0.0092  0.0054 -0.0005 -0.0046  0.0597  -0.0081  -0.0078   0.0268   0.0321 -7.5480e-03 -5.5023e-03   0.0220   0.0334  -0.0034  -0.0067  -0.0072   0.0614  -0.0070 -1.1593e-03  -0.0071  3.0466e-03  1.1353e-02  -0.0018  -0.0025   0.0303   0.0241   0.0474  -0.0076   0.0155  9.5989e-03   0.0499   0.0128  -0.0049  1.8483e-02  -0.0004   0.0698   0.0113   0.0178  1.8030e-01  5.4243e-02   1.0000  -0.0050  8.6727e-02   0.0050   0.0243  -0.0071
SIM46L2  0.0467  0.0286  9.1143e-03  0.0007  0.0147 -0.0094  0.1334  0.0924  0.0246 -0.0022   0.0714  -0.0076   0.0055  -0.0037  9.5277e-03  3.8523e-02   0.0784  -0.0088   0.0192   0.0142   0.1381   0.1431  -0.0019  7.8389e-02   0.0586  4.4292e-02 -6.7927e-03  -0.0091   0.0642   0.0182   0.0291   0.0427   0.0434   0.0041  4.7832e-03   0.1027   0.0447   0.0370  4.1427e-02   0.0725  -0.0075   0.0069   0.0193  7.2986e-03 -8.2529e-03  -0.0050   1.0000  7.7943e-03  -0.0055   0.0364  -0.0070
SIM47L2  0.0372  0.0003 -4.3833e-03  0.0444 -0.0081  0.0001  0.0243  0.0300  0.0080 -0.0083   0.1053   0.0235   0.0069   0.0037  4.7223e-02  2.1097e-03   0.0439   0.0433  -0.0075   0.0105  -0.0021  -0.0052   0.0061  4.5265e-02  -0.0023  1.8004e-02 -7.6661e-03   0.0034   0.0047   0.0019   0.0736  -0.0059  -0.0021  -0.0041 -4.6331e-03  -0.0085   0.0332   0.0535 -4.8149e-05   0.0399   0.0107   0.0430   0.0408  4.3288e-02  6.5903e-02   0.0867   0.0078  1.0000e+00  -0.0093  -0.0015  -0.0070
SIM48L2  0.0567  0.0976  7.2441e-02 -0.0062 -0.0066  0.0147  0.0183  0.0941  0.0304  0.0299   0.0083   0.0505  -0.0071  -0.0069 -3.6239e-03 -8.4978e-03   0.0008   0.0255   0.0608   0.0109  -0.0101   0.0008   0.0091  9.7687e-03  -0.0084  3.5242e-02  1.3796e-02  -0.0047   0.0008   0.0972  -0.0097   0.1489  -0.0089   0.0106 -9.5344e-03   0.0086   0.0057   0.0022 -5.7843e-03   0.0067  -0.0089   0.0706   0.0149  2.3614e-02 -1.0156e-02   0.0050  -0.0055 -9.3383e-03   1.0000   0.0030  -0.0032
SIM49L2  0.0651  0.0207 -6.8510e-03  0.0545  0.0022  0.0128  0.0300  0.0053  0.0199 -0.0016   0.0013   0.0404   0.0131   0.0194  2.0061e-02  5.2812e-02   0.0097   0.0041  -0.0032   0.0031   0.0126   0.0165   0.0214 -1.0002e-02   0.0019  1.2087e-02  5.9499e-03   0.0587   0.0097  -0.0052   0.0018   0.0463   0.1220  -0.0081  2.1802e-02   0.0265   0.0061  -0.0032  3.9457e-02  -0.0047   0.0235  -0.0052   0.0466 -6.5658e-03  1.3968e-03   0.0243   0.0364 -1.4575e-03   0.0030   1.0000   0.0046
SIM50L2  0.0460 -0.0022  5.7794e-02 -0.0079  0.0979 -0.0079  0.0298 -0.0065 -0.0049  0.0108   0.0273   0.1055   0.0122   0.0283  9.3644e-03 -2.3876e-03   0.0201   0.0001   0.0528  -0.0093  -0.0029   0.0123  -0.0078  6.4748e-02   0.0179  1.3272e-01 -1.8714e-03   0.0358  -0.0063  -0.0052  -0.0057  -0.0097  -0.0079   0.0722 -1.9803e-03   0.0667   0.0122  -0.0077 -8.4900e-03  -0.0015  -0.0042  -0.0010   0.0356 -8.2229e-03 -5.3562e-03  -0.0071  -0.0070 -6.9677e-03  -0.0032   0.0046   1.0000

LD Score Matrix Condition Number
2.1207

Annotation Correlation Matrix
             SIM1        SIM2        SIM3        SIM4        SIM5        SIM6        SIM7        SIM8        SIM9       SIM10       SIM11       SIM12       SIM13       SIM14       SIM15       SIM16       SIM17       SIM18       SIM19       SIM20       SIM21       SIM22       SIM23       SIM24       SIM25       SIM26       SIM27       SIM28       SIM29       SIM30       SIM31       SIM32       SIM33       SIM34       SIM35       SIM36       SIM37       SIM38       SIM39       SIM40       SIM41       SIM42       SIM43       SIM44       SIM45       SIM46       SIM47       SIM48       SIM49       SIM50
SIM1   1.0000e+00 -8.5186e-05 -8.0613e-05 -8.3904e-05 -8.6448e-05 -8.5819e-05 -8.2603e-05 -8.3257e-05 -7.8571e-05  1.6668e-02 -8.3904e-05 -7.6475e-05 -8.1945e-05 -7.9257e-05 -7.5046e-05 -9.3085e-05 -8.7072e-05 -8.2603e-05 -8.3257e-05 -7.7180e-05 -8.5819e-05 -7.5764e-05 -8.1282e-05 -7.9257e-05 -8.1945e-05  1.6418e-02 -7.9257e-05  1.6179e-02  1.7064e-02 -8.0613e-05 -8.4548e-05 -8.0613e-05 -7.3588e-05  1.7791e-02 -8.3257e-05 -9.0727e-05 -8.9526e-05 -7.8571e-05 -9.3085e-05 -8.0613e-05 -8.3904e-05 -8.4548e-05 -7.7879e-05 -7.9938e-05  1.9173e-02 -8.0613e-05 -8.1282e-05 -8.7072e-05 -9.0727e-05 -7.4321e-05
SIM2  -8.5186e-05  1.0000e+00 -8.9794e-05  1.5061e-02 -9.6294e-05 -9.5594e-05 -9.2012e-05 -9.2739e-05 -8.7520e-05 -9.4177e-05  1.5061e-02 -8.5186e-05 -9.1278e-05 -8.8285e-05  1.6860e-02  2.7217e-02 -9.6989e-05 -9.2012e-05 -9.2739e-05 -8.5971e-05 -9.5594e-05  1.6698e-02  1.5553e-02 -8.8285e-05  1.5426e-02 -9.5594e-05 -8.8285e-05 -9.6989e-05 -9.2012e-05 -8.9794e-05 -9.4177e-05 -8.9794e-05 -8.1970e-05 -8.8285e-05 -9.2739e-05 -1.0106e-04  1.4104e-02 -8.7520e-05 -1.0369e-04 -8.9794e-05 -9.3461e-05 -9.4177e-05 -8.6749e-05 -8.9042e-05 -8.1970e-05 -8.9794e-05 -9.0539e-05 -9.6989e-05 -1.0106e-04 -8.2785e-05
SIM3  -8.0613e-05 -8.9794e-05  1.0000e+00 -8.8443e-05 -9.1124e-05 -9.0462e-05  1.6179e-02 -8.7760e-05 -8.2822e-05 -8.9121e-05 -8.8443e-05  1.7489e-02 -8.6378e-05 -8.3545e-05 -7.9106e-05 -9.8120e-05 -9.1782e-05 -8.7072e-05 -8.7760e-05 -8.1356e-05 -9.0462e-05 -7.9863e-05 -8.5679e-05 -8.3545e-05 -8.6378e-05 -9.0462e-05 -8.3545e-05 -9.1782e-05 -8.7072e-05 -8.4973e-05 -8.9121e-05 -8.4973e-05  1.8181e-02 -8.3545e-05 -8.7760e-05 -9.5636e-05 -9.4369e-05 -8.2822e-05 -9.8120e-05 -8.4973e-05 -8.8443e-05 -8.9121e-05 -8.2092e-05 -8.4262e-05 -7.7569e-05 -8.4973e-05 -8.5679e-05 -9.1782e-05  1.4715e-02 -7.8341e-05
SIM4  -8.3904e-05  1.5061e-02 -8.8443e-05  1.0000e+00 -9.4846e-05 -9.4156e-05 -9.0628e-05 -9.1344e-05 -8.6204e-05 -9.2761e-05  1.5294e-02 -8.3904e-05 -8.9906e-05 -8.6957e-05 -8.2336e-05 -1.0213e-04 -9.5531e-05 -9.0628e-05 -9.1344e-05 -8.4678e-05 -9.4156e-05 -8.3124e-05 -8.9178e-05 -8.6957e-05 -8.9906e-05 -9.4156e-05 -8.6957e-05 -9.5531e-05 -9.0628e-05 -8.8443e-05 -9.2761e-05 -8.8443e-05 -8.0737e-05 -8.6957e-05 -9.1344e-05 -9.9541e-05 -9.8222e-05 -8.6204e-05 -1.0213e-04 -8.8443e-05 -9.2055e-05 -9.2761e-05 -8.5444e-05 -8.7703e-05  1.7462e-02  1.5926e-02 -8.9178e-05 -9.5531e-05 -9.9541e-05 -8.1540e-05
SIM5  -8.6448e-05 -9.6294e-05 -9.1124e-05 -9.4846e-05  1.0000e+00 -9.7010e-05 -9.3375e-05 -9.4113e-05 -8.8817e-05 -9.5573e-05 -9.4846e-05 -8.6448e-05 -9.2631e-05 -8.9593e-05 -8.4832e-05 -1.0522e-04 -9.8426e-05 -9.3375e-05 -9.4113e-05 -8.7245e-05 -9.7010e-05 -8.5644e-05 -9.1881e-05 -8.9593e-05 -9.2631e-05 -9.7010e-05 -8.9593e-05 -9.8426e-05 -9.3375e-05 -9.1124e-05 -9.5573e-05 -9.1124e-05 -8.3184e-05 -8.9593e-05 -9.4113e-05 -1.0256e-04 -1.0120e-04 -8.8817e-05 -1.0522e-04 -9.1124e-05 -9.4846e-05 -9.5573e-05  1.6001e-02 -9.0362e-05 -8.3184e-05 -9.1124e-05 -9.1881e-05 -9.8426e-05 -1.0256e-04 -8.4012e-05
SIM6  -8.5819e-05 -9.5594e-05 -9.0462e-05 -9.4156e-05 -9.7010e-05  1.0000e+00 -9.2696e-05 -9.3429e-05 -8.8171e-05 -9.4877e-05 -9.4156e-05 -8.5819e-05 -9.1957e-05 -8.8941e-05 -8.4215e-05 -1.0446e-04 -9.7710e-05 -9.2696e-05 -9.3429e-05 -8.6610e-05  1.4611e-02 -8.5021e-05 -9.1212e-05 -8.8941e-05 -9.1957e-05 -9.6304e-05 -8.8941e-05 -9.7710e-05  1.5187e-02 -9.0462e-05 -9.4877e-05 -9.0462e-05 -8.2579e-05 -8.8941e-05  1.5066e-02 -1.0181e-04 -1.0046e-04 -8.8171e-05 -1.0446e-04 -9.0462e-05 -9.4156e-05 -9.4877e-05 -8.7394e-05 -8.9705e-05 -8.2579e-05 -9.0462e-05 -9.1212e-05  1.4398e-02 -1.0181e-04 -8.3401e-05
SIM7  -8.2603e-05 -9.2012e-05  1.6179e-02 -9.0628e-05 -9.3375e-05 -9.2696e-05  1.0000e+00 -8.9928e-05 -8.4867e-05 -9.1322e-05  1.5538e-02 -8.2603e-05 -8.8511e-05 -8.5608e-05 -8.1059e-05 -1.0054e-04 -9.4049e-05 -8.9222e-05 -8.9928e-05  1.6906e-02 -9.2696e-05 -8.1835e-05 -8.7795e-05  1.6459e-02 -8.8511e-05 -9.2696e-05 -8.5608e-05 -9.4049e-05 -8.9222e-05 -8.7072e-05 -9.1322e-05 -8.7072e-05 -7.9485e-05 -8.5608e-05 -8.9928e-05 -9.7997e-05 -9.6699e-05 -8.4867e-05 -1.0054e-04 -8.7072e-05 -9.0628e-05 -9.1322e-05 -8.4119e-05 -8.6343e-05 -7.9485e-05 -8.7072e-05  1.6045e-02 -9.4049e-05 -9.7997e-05 -8.0276e-05
SIM8  -8.3257e-05 -9.2739e-05 -8.7760e-05 -9.1344e-05 -9.4113e-05 -9.3429e-05 -8.9928e-05  1.0000e+00 -8.5538e-05 -9.2044e-05 -9.1344e-05 -8.3257e-05 -8.9211e-05 -8.6285e-05 -8.1700e-05 -1.0134e-04 -9.4793e-05 -8.9928e-05  1.5536e-02 -8.4024e-05 -9.3429e-05 -8.2482e-05 -8.8489e-05 -8.6285e-05 -8.9211e-05 -9.3429e-05 -8.6285e-05 -9.4793e-05 -8.9928e-05 -8.7760e-05 -9.2044e-05 -8.7760e-05 -8.0113e-05 -8.6285e-05 -9.0639e-05 -9.8772e-05 -9.7464e-05 -8.5538e-05 -1.0134e-04 -8.7760e-05 -9.1344e-05 -9.2044e-05 -8.4784e-05 -8.7026e-05 -8.0113e-05 -8.7760e-05  1.5918e-02 -9.4793e-05 -9.8772e-05 -8.0911e-05
SIM9  -7.8571e-05 -8.7520e-05 -8.2822e-05 -8.6204e-05 -8.8817e-05 -8.8171e-05 -8.4867e-05 -8.5538e-05  1.0000e+00 -8.6864e-05 -8.6204e-05 -7.8571e-05 -8.4191e-05 -8.1430e-05 -7.7102e-05 -9.5636e-05 -8.9458e-05 -8.4867e-05 -8.5538e-05 -7.9295e-05 -8.8171e-05  1.8117e-02 -8.3509e-05 -8.1430e-05 -8.4191e-05 -8.8171e-05 -8.1430e-05 -8.9458e-05 -8.4867e-05 -8.2822e-05 -8.6864e-05 -8.2822e-05 -7.5605e-05 -8.1430e-05 -8.5538e-05  1.5102e-02 -9.1979e-05 -8.0724e-05 -9.5636e-05 -8.2822e-05 -8.6204e-05 -8.6864e-05 -8.0013e-05 -8.2129e-05 -7.5605e-05 -8.2822e-05 -8.3509e-05 -8.9458e-05 -9.3214e-05 -7.6357e-05
SIM10  1.6668e-02 -9.4177e-05 -8.9121e-05 -9.2761e-05 -9.5573e-05 -9.4877e-05 -9.1322e-05 -9.2044e-05 -8.6864e-05  1.0000e+00 -9.2761e-05 -8.4548e-05 -9.0595e-05 -8.7623e-05 -8.2967e-05 -1.0291e-04 -9.6263e-05 -9.1322e-05 -9.2044e-05 -8.5327e-05 -9.4877e-05 -8.3761e-05 -8.9861e-05 -8.7623e-05 -9.0595e-05 -9.4877e-05 -8.7623e-05 -9.6263e-05 -9.1322e-05  1.5803e-02  1.5059e-02 -8.9121e-05 -8.1356e-05 -8.7623e-05 -9.2044e-05 -1.0030e-04 -9.8975e-05 -8.6864e-05 -1.0291e-04 -8.9121e-05 -9.2761e-05  1.5059e-02 -8.6099e-05 -8.8375e-05 -8.1356e-05 -8.9121e-05 -8.9861e-05 -9.6263e-05 -1.0030e-04 -8.2165e-05
SIM11 -8.3904e-05  1.5061e-02 -8.8443e-05  1.5294e-02 -9.4846e-05 -9.4156e-05  1.5538e-02 -9.1344e-05 -8.6204e-05 -9.2761e-05  1.0000e+00 -8.3904e-05 -8.9906e-05 -8.6957e-05 -8.2336e-05 -1.0213e-04 -9.5531e-05 -9.0628e-05 -9.1344e-05 -8.4678e-05 -9.4156e-05 -8.3124e-05  1.5793e-02 -8.6957e-05 -8.9906e-05 -9.4156e-05 -8.6957e-05 -9.5531e-05  1.5538e-02 -8.8443e-05 -9.2761e-05 -8.8443e-05 -8.0737e-05 -8.6957e-05 -9.1344e-05 -9.9541e-05  1.4322e-02  1.6344e-02 -1.0213e-04 -8.8443e-05 -9.2055e-05 -9.2761e-05 -8.5444e-05 -8.7703e-05  1.7462e-02 -8.8443e-05 -8.9178e-05 -9.5531e-05  1.4130e-02 -8.1540e-05
SIM12 -7.6475e-05 -8.5186e-05  1.7489e-02 -8.3904e-05 -8.6448e-05 -8.5819e-05 -8.2603e-05 -8.3257e-05 -7.8571e-05 -8.4548e-05 -8.3904e-05  1.0000e+00 -8.1945e-05 -7.9257e-05 -7.5046e-05 -9.3085e-05 -8.7072e-05 -8.2603e-05 -8.3257e-05 -7.7180e-05 -8.5819e-05 -7.5764e-05 -8.1282e-05 -7.9257e-05 -8.1945e-05 -8.5819e-05 -7.9257e-05 -8.7072e-05 -8.2603e-05 -8.0613e-05 -8.4548e-05 -8.0613e-05 -7.3588e-05 -7.9257e-05 -8.3257e-05 -9.0727e-05 -8.9526e-05  3.5973e-02 -9.3085e-05 -8.0613e-05 -8.3904e-05 -8.4548e-05 -7.7879e-05 -7.9938e-05  1.9173e-02 -8.0613e-05 -8.1282e-05 -8.7072e-05 -9.0727e-05 -7.4321e-05
SIM13 -8.1945e-05 -9.1278e-05 -8.6378e-05 -8.9906e-05 -9.2631e-05 -9.1957e-05 -8.8511e-05 -8.9211e-05 -8.4191e-05 -9.0595e-05 -8.9906e-05 -8.1945e-05  1.0000e+00 -8.4926e-05 -8.0413e-05  1.4101e-02 -9.3300e-05 -8.8511e-05 -8.9211e-05 -8.2701e-05 -9.1957e-05 -8.1183e-05 -8.7095e-05 -8.4926e-05 -8.7806e-05 -9.1957e-05 -8.4926e-05 -9.3300e-05 -8.8511e-05 -8.6378e-05 -9.0595e-05 -8.6378e-05 -7.8852e-05  1.6592e-02 -8.9211e-05 -9.7217e-05  1.4669e-02  1.6739e-02 -9.9742e-05 -8.6378e-05 -8.9906e-05 -9.0595e-05 -8.3449e-05 -8.5655e-05  1.7883e-02 -8.6378e-05 -8.7095e-05 -9.3300e-05 -9.7217e-05 -7.9636e-05
