*********************************************************************
* LD Score Regression (LDSC)
* Version 1.0.1
* (C) 2014-2019 Brendan Bulik-Sullivan and Hilary Finucane
* Broad Institute of MIT and Harvard / MIT Department of Mathematics
* GNU General Public License v3
*********************************************************************
Call: 
./ldsc.py \
--out /data/sbcs/GuoLab/backup/liq17/CRC_TF_TWAS_zhishan2024/NC_revision_OceanCode/v2_NC_revision//84Tracks//ldscores_sim1000//4 \
--bfile /data/sbcs/GuoLab/backup/liq17/ref/Alkesgroup/1000G_EUR_Phase3_plink_hg38/1000G.EUR.QC.4 \
--annot /data/sbcs/GuoLab/backup/liq17/CRC_TF_TWAS_zhishan2024/NC_revision_OceanCode/v2_NC_revision//84Tracks//annots_sim1000//4.annot.txt \
--l2  \
--ld-wind-kb 100.0 

Beginning analysis at Sun Oct 26 22:03:53 2025
Read list of 729546 SNPs from /data/sbcs/GuoLab/backup/liq17/ref/Alkesgroup/1000G_EUR_Phase3_plink_hg38/1000G.EUR.QC.4.bim
Read 50 annotations for 729546 SNPs from /data/sbcs/GuoLab/backup/liq17/CRC_TF_TWAS_zhishan2024/NC_revision_OceanCode/v2_NC_revision//84Tracks//annots_sim1000//4.annot.txt
Read list of 489 individuals from /data/sbcs/GuoLab/backup/liq17/ref/Alkesgroup/1000G_EUR_Phase3_plink_hg38/1000G.EUR.QC.4.fam
Reading genotypes from /data/sbcs/GuoLab/backup/liq17/ref/Alkesgroup/1000G_EUR_Phase3_plink_hg38/1000G.EUR.QC.4.bed
Estimating LD Score.
Writing LD Scores for 729546 SNPs to /data/sbcs/GuoLab/backup/liq17/CRC_TF_TWAS_zhishan2024/NC_revision_OceanCode/v2_NC_revision//84Tracks//ldscores_sim1000//4.l2.ldscore.gz

Summary of LD Scores in /data/sbcs/GuoLab/backup/liq17/CRC_TF_TWAS_zhishan2024/NC_revision_OceanCode/v2_NC_revision//84Tracks//ldscores_sim1000//4.l2.ldscore.gz
         MAF  SIM1L2  SIM2L2  SIM3L2  SIM4L2  SIM5L2  SIM6L2  SIM7L2  SIM8L2  SIM9L2  SIM10L2  SIM11L2  SIM12L2  SIM13L2  SIM14L2  SIM15L2  SIM16L2  SIM17L2  SIM18L2  SIM19L2  SIM20L2  SIM21L2  SIM22L2  SIM23L2  SIM24L2  SIM25L2  SIM26L2  SIM27L2  SIM28L2  SIM29L2  SIM30L2  SIM31L2  SIM32L2  SIM33L2  SIM34L2  SIM35L2  SIM36L2  SIM37L2  SIM38L2  SIM39L2  SIM40L2  SIM41L2  SIM42L2  SIM43L2  SIM44L2  SIM45L2  SIM46L2  SIM47L2  SIM48L2  SIM49L2  SIM50L2
mean  0.1491  0.0047  0.0055  0.0053  0.0047  0.0053  0.0058  0.0067  0.0052  0.0051   0.0054   0.0066   0.0057   0.0067   0.0043   0.0059   0.0097   0.0062   0.0061   0.0059   0.0065   0.0061   0.0053   0.0078   0.0042   0.0068   0.0048   0.0065   0.0046   0.0067   0.0057   0.0043   0.0060   0.0054   0.0073   0.0075   0.0071   0.0062   0.0072   0.0058   0.0057   0.0061   0.0050   0.0076   0.0045   0.0077   0.0076   0.0052   0.0076   0.0080   0.0066
std   0.1485  0.0509  0.0609  0.0558  0.0523  0.0548  0.0585  0.0650  0.0559  0.0568   0.0576   0.0626   0.0566   0.0639   0.0476   0.0601   0.0788   0.0610   0.0613   0.0602   0.0636   0.0623   0.0554   0.0670   0.0503   0.0641   0.0530   0.0631   0.0505   0.0636   0.0588   0.0507   0.0602   0.0564   0.0662   0.0695   0.0669   0.0614   0.0657   0.0578   0.0568   0.0605   0.0527   0.0680   0.0523   0.0718   0.0702   0.0558   0.0696   0.0710   0.0686
min   0.0051 -0.0039 -0.0040 -0.0041 -0.0057 -0.0041 -0.0041 -0.0040 -0.0041 -0.0041  -0.0041  -0.0065  -0.0040  -0.0041  -0.0051  -0.0040  -0.0057  -0.0056  -0.0041  -0.0058  -0.0040  -0.0050  -0.0041  -0.0039  -0.0041  -0.0041  -0.0041  -0.0041  -0.0041  -0.0041  -0.0041  -0.0053  -0.0041  -0.0040  -0.0041  -0.0041  -0.0039  -0.0041  -0.0040  -0.0041  -0.0041  -0.0041  -0.0040  -0.0041  -0.0041  -0.0041  -0.0059  -0.0041  -0.0056  -0.0054  -0.0041
25%   0.0194  0.0000  0.0000  0.0000  0.0000  0.0000  0.0000  0.0000  0.0000  0.0000   0.0000   0.0000   0.0000   0.0000   0.0000   0.0000   0.0000   0.0000   0.0000   0.0000   0.0000   0.0000   0.0000   0.0000   0.0000   0.0000   0.0000   0.0000   0.0000   0.0000   0.0000   0.0000   0.0000   0.0000   0.0000   0.0000   0.0000   0.0000   0.0000   0.0000   0.0000   0.0000   0.0000   0.0000   0.0000   0.0000   0.0000   0.0000   0.0000   0.0000   0.0000
50%   0.0900  0.0000  0.0000  0.0000  0.0000  0.0000  0.0000  0.0000  0.0000  0.0000   0.0000   0.0000   0.0000   0.0000   0.0000   0.0000   0.0000   0.0000   0.0000   0.0000   0.0000   0.0000   0.0000   0.0000   0.0000   0.0000   0.0000   0.0000   0.0000   0.0000   0.0000   0.0000   0.0000   0.0000   0.0000   0.0000   0.0000   0.0000   0.0000   0.0000   0.0000   0.0000   0.0000   0.0000   0.0000   0.0000   0.0000   0.0000   0.0000   0.0000   0.0000
75%   0.2587  0.0000  0.0000  0.0000  0.0000  0.0000  0.0000  0.0000  0.0000  0.0000   0.0000   0.0000   0.0000   0.0000   0.0000   0.0000   0.0000   0.0000   0.0000   0.0000   0.0000   0.0000   0.0000   0.0000   0.0000   0.0000   0.0000   0.0000   0.0000   0.0000   0.0000   0.0000   0.0000   0.0000   0.0000   0.0000   0.0000   0.0000   0.0000   0.0000   0.0000   0.0000   0.0000   0.0000   0.0000   0.0000   0.0000   0.0000   0.0000   0.0000   0.0000
max   0.5000  1.0167  1.0000  1.0139  1.0328  1.1192  1.0253  1.0000  1.0119  1.0000   1.5662   1.0037   1.0028   1.0116   1.7353   1.0233   1.0122   1.8484   1.0200   1.7994   1.0298   1.6550   1.0347   1.0215   1.2467   1.0577   1.0010   1.0054   1.0017   1.0105   1.0105   1.0005   1.0000   1.0125   1.0399   2.0000   1.0414   1.8895   1.0031   1.0567   1.4033   1.0014   1.0000   1.4578   1.2678   1.1100   1.0772   1.0402   1.2037   1.0890   1.5249

MAF/LD Score Correlation Matrix
            MAF  SIM1L2  SIM2L2  SIM3L2  SIM4L2  SIM5L2  SIM6L2  SIM7L2  SIM8L2  SIM9L2  SIM10L2  SIM11L2  SIM12L2  SIM13L2  SIM14L2  SIM15L2     SIM16L2     SIM17L2  SIM18L2  SIM19L2  SIM20L2  SIM21L2  SIM22L2  SIM23L2  SIM24L2  SIM25L2  SIM26L2  SIM27L2  SIM28L2  SIM29L2  SIM30L2     SIM31L2  SIM32L2  SIM33L2  SIM34L2  SIM35L2  SIM36L2     SIM37L2  SIM38L2  SIM39L2     SIM40L2  SIM41L2  SIM42L2  SIM43L2  SIM44L2     SIM45L2  SIM46L2  SIM47L2  SIM48L2     SIM49L2  SIM50L2
MAF      1.0000  0.0493  0.0008  0.0377  0.0620  0.0430  0.0369  0.0573  0.0257  0.0402   0.0255   0.0148   0.0278   0.0272   0.0544   0.0376  5.0617e-02  9.8045e-03   0.0358   0.0199   0.0109   0.0281   0.0410   0.0655   0.0554   0.0661   0.0390   0.0347   0.0326   0.0619   0.0219  2.7019e-02   0.0567   0.0572   0.0736   0.0217   0.0835  3.5111e-02   0.0563   0.0484  5.3842e-02   0.0533   0.0352   0.0305   0.0132  6.0535e-02   0.0169   0.0180   0.0533  8.2088e-02   0.0567
SIM1L2   0.0493  1.0000 -0.0026  0.0114 -0.0075  0.0077  0.0062  0.0324  0.0350  0.0141  -0.0023  -0.0041   0.0299  -0.0016  -0.0025  -0.0010  1.2983e-02  1.1544e-02  -0.0060   0.0120  -0.0087  -0.0068  -0.0037  -0.0071   0.0125   0.0139  -0.0031  -0.0073   0.0096   0.0094   0.0189 -4.2040e-03   0.0036   0.1168  -0.0086  -0.0044  -0.0094  1.1809e-02   0.0281   0.0023 -3.8214e-03  -0.0051  -0.0026   0.0048  -0.0072  1.2878e-02  -0.0053   0.0131  -0.0084  4.8481e-03  -0.0053
SIM2L2   0.0008 -0.0026  1.0000  0.0487  0.0113  0.0223  0.0816 -0.0071 -0.0063  0.1522  -0.0015  -0.0068   0.0130  -0.0028  -0.0064  -0.0047 -8.8619e-03 -6.4863e-03  -0.0086   0.0254  -0.0040  -0.0088   0.0495  -0.0064  -0.0062  -0.0057  -0.0081  -0.0044  -0.0070   0.0020   0.0999  7.5217e-03  -0.0038  -0.0007  -0.0073  -0.0024   0.0517  5.8978e-03  -0.0076  -0.0066 -4.9889e-03  -0.0069   0.0728   0.0118  -0.0057  2.8955e-02  -0.0075  -0.0084  -0.0025  2.8725e-03  -0.0008
SIM3L2   0.0377  0.0114  0.0487  1.0000  0.0233  0.0186 -0.0030 -0.0014 -0.0041  0.0149   0.0002  -0.0049   0.0091  -0.0076   0.0056   0.0108 -8.9524e-03 -3.7132e-03   0.0111  -0.0069  -0.0060   0.0083   0.0765   0.0633   0.0415   0.0208   0.0278   0.0429   0.0029   0.0401   0.0334 -3.1176e-03  -0.0087   0.0082  -0.0063  -0.0102  -0.0094 -4.6439e-03   0.0048  -0.0077  5.0438e-03  -0.0078   0.0084  -0.0051   0.0098  2.7219e-03  -0.0058   0.0726   0.0146 -1.0072e-03   0.0006
SIM4L2   0.0620 -0.0075  0.0113  0.0233  1.0000  0.0448 -0.0033 -0.0062 -0.0044  0.0193  -0.0083  -0.0040  -0.0075   0.0007  -0.0039   0.0226  1.0990e-02 -5.7750e-03   0.0340  -0.0041  -0.0076   0.0027   0.0023  -0.0093   0.0002  -0.0020  -0.0080   0.0105  -0.0043  -0.0069  -0.0071  1.2609e-02   0.0352   0.0084   0.0037  -0.0081   0.0257 -2.5758e-03  -0.0027   0.0450  3.3363e-03   0.0015  -0.0047  -0.0073  -0.0032 -6.3323e-03  -0.0031  -0.0053  -0.0036  1.9977e-01   0.0007
SIM5L2   0.0430  0.0077  0.0223  0.0186  0.0448  1.0000 -0.0040 -0.0053 -0.0052  0.0037  -0.0047  -0.0069   0.0171   0.0355   0.0069   0.0053 -6.1181e-03  7.2609e-03  -0.0064   0.0028   0.0271  -0.0062   0.0577  -0.0002  -0.0050  -0.0058  -0.0020  -0.0045   0.0279  -0.0057  -0.0037  3.7530e-03   0.0217  -0.0074  -0.0098   0.0173  -0.0098 -7.5473e-03  -0.0081   0.0302 -8.0792e-03  -0.0030   0.0113   0.0191   0.0010  1.2084e-03   0.0271  -0.0054   0.0809 -9.8691e-03  -0.0047
SIM6L2   0.0369  0.0062  0.0816 -0.0030 -0.0033 -0.0040  1.0000 -0.0077  0.0118  0.0086  -0.0010   0.0114   0.0181   0.0181  -0.0018   0.0152  2.8076e-03 -5.2213e-03  -0.0075   0.0087   0.0124  -0.0087   0.0430  -0.0108   0.0050  -0.0035  -0.0068  -0.0025  -0.0065   0.0051  -0.0090 -6.6530e-03  -0.0072  -0.0037   0.0079   0.0058   0.0560  1.0444e-02   0.0015  -0.0057  1.3475e-02  -0.0096   0.0026   0.0079  -0.0067  2.9719e-02   0.0082  -0.0045   0.0027  6.1940e-02   0.0120
SIM7L2   0.0573  0.0324 -0.0071 -0.0014 -0.0062 -0.0053 -0.0077  1.0000 -0.0047  0.0646  -0.0029   0.0196  -0.0008   0.0499   0.0215   0.0005  4.1893e-02  1.7469e-02   0.0626   0.0606   0.0433   0.1115  -0.0065   0.0063  -0.0057   0.0533   0.0063  -0.0071   0.0028  -0.0048   0.0831 -7.7354e-03  -0.0093  -0.0086   0.0545  -0.0023  -0.0103  4.4213e-02   0.0700  -0.0066  1.2621e-02  -0.0071  -0.0053   0.0255  -0.0073  1.7413e-01   0.0592  -0.0075  -0.0101 -7.0816e-03  -0.0046
SIM8L2   0.0257  0.0350 -0.0063 -0.0041 -0.0044 -0.0052  0.0118 -0.0047  1.0000  0.0205   0.0174  -0.0043   0.0237   0.0037   0.0348   0.0155  9.8664e-02  1.6848e-02  -0.0015  -0.0069   0.1125  -0.0067  -0.0077  -0.0108  -0.0062   0.0174   0.0118   0.0486  -0.0031   0.0076   0.0130 -4.9880e-03   0.0036  -0.0085  -0.0017  -0.0032  -0.0018  4.7142e-02   0.0657   0.0062 -2.4078e-03   0.0045   0.0109   0.0278   0.0935 -4.3168e-03  -0.0085   0.0312   0.0033  2.4682e-03  -0.0019
SIM9L2   0.0402  0.0141  0.1522  0.0149  0.0193  0.0037  0.0086  0.0646  0.0205  1.0000  -0.0013  -0.0065  -0.0055   0.0058   0.0028  -0.0003 -7.6617e-03  2.1927e-02   0.0253  -0.0083   0.0028  -0.0088  -0.0047  -0.0039   0.0349   0.0071   0.0161  -0.0091  -0.0047   0.0161   0.0989  3.7935e-02  -0.0085  -0.0076   0.0609  -0.0027   0.0457  4.1288e-03  -0.0043   0.0143  2.1367e-03  -0.0051   0.0694  -0.0025  -0.0043  6.6639e-03  -0.0081   0.0004   0.0822  2.7666e-02  -0.0062
SIM10L2  0.0255 -0.0023 -0.0015  0.0002 -0.0083 -0.0047 -0.0010 -0.0029  0.0174 -0.0013   1.0000  -0.0095   0.1436   0.1136  -0.0076   0.0507 -2.2069e-03  7.7733e-02   0.0032  -0.0044   0.0433  -0.0046   0.0144   0.0565   0.0251   0.0039   0.0214   0.0314  -0.0080  -0.0017   0.0128  8.0989e-03   0.0228  -0.0083   0.0025   0.0904   0.0247  5.6758e-02   0.0517  -0.0083 -1.8636e-03  -0.0031  -0.0001   0.0155  -0.0076 -9.9055e-03  -0.0044   0.0349   0.0105  3.6525e-03   0.0497
SIM11L2  0.0148 -0.0041 -0.0068 -0.0049 -0.0040 -0.0069  0.0114  0.0196 -0.0043 -0.0065  -0.0095   1.0000  -0.0013  -0.0044   0.0296  -0.0015  6.5244e-02 -4.3829e-03  -0.0003  -0.0075   0.0008  -0.0099   0.0373   0.0051   0.0063  -0.0006  -0.0017  -0.0094  -0.0058   0.0054  -0.0085 -4.5576e-03  -0.0054   0.0280   0.0008   0.0024  -0.0094  1.7861e-02   0.0035  -0.0087 -4.7750e-04  -0.0095   0.0034   0.0038   0.0403  1.2551e-02  -0.0055  -0.0065  -0.0071  2.9839e-03   0.0011
SIM12L2  0.0278  0.0299  0.0130  0.0091 -0.0075  0.0171  0.0181 -0.0008  0.0237 -0.0055   0.1436  -0.0013   1.0000   0.1409   0.0019   0.0585 -5.3728e-03 -9.8284e-03   0.0467   0.1020  -0.0001   0.0203  -0.0030   0.0644  -0.0034   0.0139   0.0776   0.0080   0.0050  -0.0005  -0.0054  1.3158e-03   0.0417   0.0341   0.0302   0.0962   0.0098  9.8010e-04  -0.0019   0.0161 -5.1856e-03   0.0257  -0.0033  -0.0030   0.0065  2.1618e-02  -0.0057  -0.0077   0.0358  3.2151e-02   0.0210
SIM13L2  0.0272 -0.0016 -0.0028 -0.0076  0.0007  0.0355  0.0181  0.0499  0.0037  0.0058   0.1136  -0.0044   0.1409   1.0000   0.0604   0.0349  4.0396e-03  1.7763e-02   0.0341   0.0015   0.0070   0.0604  -0.0046   0.0490   0.0043   0.0080   0.0823  -0.0048   0.0097   0.0068   0.0009 -3.8046e-03   0.0110  -0.0076   0.1672   0.0628   0.0028 -1.8580e-03   0.0139   0.0030 -3.7145e-03   0.0407  -0.0076   0.0418  -0.0009 -1.7729e-03   0.0151  -0.0092   0.0040 -5.7499e-03   0.2225
SIM14L2  0.0544 -0.0025 -0.0064  0.0056 -0.0039  0.0069 -0.0018  0.0215  0.0348  0.0028  -0.0076   0.0296   0.0019   0.0604   1.0000   0.0073 -1.0750e-03  5.0628e-02   0.0168   0.0230   0.0024  -0.0072   0.0065  -0.0067   0.0444   0.0062   0.0266   0.0075  -0.0028  -0.0080   0.0162  2.1768e-02  -0.0014   0.0013  -0.0059   0.0121  -0.0070  5.7806e-03   0.0073  -0.0020  3.7126e-03  -0.0062   0.0046   0.0054  -0.0050 -1.3546e-03   0.0032  -0.0003  -0.0088  2.1259e-02  -0.0088
SIM15L2  0.0376 -0.0010 -0.0047  0.0108  0.0226  0.0053  0.0152  0.0005  0.0155 -0.0003   0.0507  -0.0015   0.0585   0.0349   0.0073   1.0000  1.9375e-02  3.2084e-02   0.0303   0.0373   0.0088  -0.0047  -0.0071   0.0314  -0.0075  -0.0051  -0.0068  -0.0083   0.0238  -0.0085  -0.0052 -2.9911e-03   0.0212   0.0492   0.0302   0.0473   0.0592  1.2859e-02   0.0378   0.0016 -7.5539e-03   0.0118  -0.0014   0.0527  -0.0007  3.5221e-02  -0.0097   0.0032   0.0065 -7.0753e-03  -0.0039
SIM16L2  0.0506  0.0130 -0.0089 -0.0090  0.0110 -0.0061  0.0028  0.0419  0.0987 -0.0077  -0.0022   0.0652  -0.0054   0.0040  -0.0011   0.0194  1.0000e+00 -3.2275e-05  -0.0062   0.0143   0.0090  -0.0089   0.0036   0.0011   0.0115   0.0599  -0.0036   0.0267  -0.0061   0.0895  -0.0096 -6.4562e-05   0.0352   0.0069  -0.0084   0.0051  -0.0093  2.9839e-02   0.0536   0.0497 -5.3871e-03   0.0529  -0.0059  -0.0104  -0.0095  1.1625e-02   0.0443  -0.0078  -0.0118 -6.9062e-03  -0.0018
SIM17L2  0.0098  0.0115 -0.0065 -0.0037 -0.0058  0.0073 -0.0052  0.0175  0.0168  0.0219   0.0777  -0.0044  -0.0098   0.0178   0.0506   0.0321 -3.2275e-05  1.0000e+00  -0.0085  -0.0010   0.0834  -0.0069   0.0062  -0.0027   0.0097   0.0354   0.0039  -0.0061  -0.0073  -0.0093   0.0385  1.2456e-03  -0.0072  -0.0084  -0.0098   0.0131  -0.0008  5.5897e-02   0.0493  -0.0021 -8.6072e-03   0.0083   0.0207   0.0025   0.0041  3.2299e-03   0.0403  -0.0050  -0.0095  1.2262e-03   0.0721
SIM18L2  0.0358 -0.0060 -0.0086  0.0111  0.0340 -0.0064 -0.0075  0.0626 -0.0015  0.0253   0.0032  -0.0003   0.0467   0.0341   0.0168   0.0303 -6.1693e-03 -8.4838e-03   1.0000   0.0505  -0.0057   0.0303  -0.0068  -0.0066   0.0280  -0.0044   0.0445  -0.0067   0.0158  -0.0064   0.0275 -4.8638e-03   0.0242   0.0151  -0.0076  -0.0061   0.0523  5.4713e-02  -0.0084   0.0114  5.1788e-03   0.0080   0.0026   0.0260  -0.0074 -5.4275e-03  -0.0076  -0.0066   0.0195 -2.6481e-03  -0.0024
SIM19L2  0.0199  0.0120  0.0254 -0.0069 -0.0041  0.0028  0.0087  0.0606 -0.0069 -0.0083  -0.0044  -0.0075   0.1020   0.0015   0.0230   0.0373  1.4275e-02 -1.0400e-03   0.0505   1.0000   0.0111  -0.0021  -0.0053   0.0030   0.0341  -0.0069   0.0250   0.0052   0.0427   0.0169  -0.0021 -8.1467e-03  -0.0078   0.0166   0.0147   0.0272  -0.0051  5.8747e-02  -0.0107  -0.0092 -3.8542e-03   0.0200   0.0098   0.0310  -0.0021  2.3676e-02  -0.0069   0.0352   0.0068  5.7363e-03   0.0076
SIM20L2  0.0109 -0.0087 -0.0040 -0.0060 -0.0076  0.0271  0.0124  0.0433  0.1125  0.0028   0.0433   0.0008  -0.0001   0.0070   0.0024   0.0088  9.0039e-03  8.3373e-02  -0.0057   0.0111   1.0000  -0.0096   0.0421   0.0060  -0.0081  -0.0068  -0.0054   0.0851  -0.0058   0.0139  -0.0097  1.2278e-02   0.0043  -0.0001  -0.0103  -0.0069  -0.0086  2.8662e-02   0.0577  -0.0095 -6.4942e-03   0.0053   0.0097  -0.0008   0.0689 -5.0320e-03  -0.0018  -0.0057  -0.0045 -6.6866e-03   0.0198
SIM21L2  0.0281 -0.0068 -0.0088  0.0083  0.0027 -0.0062 -0.0087  0.1115 -0.0067 -0.0088  -0.0046  -0.0099   0.0203   0.0604  -0.0072  -0.0047 -8.9479e-03 -6.9025e-03   0.0303  -0.0021  -0.0096   1.0000  -0.0076   0.0059   0.0962  -0.0068  -0.0062   0.0033   0.0349   0.0474   0.0876  2.6258e-02   0.0022   0.0205   0.0033  -0.0092  -0.0049  2.7823e-02   0.0050   0.0291  1.7205e-02   0.0419  -0.0057   0.0059  -0.0060 -5.2037e-04   0.0199   0.0571  -0.0055 -6.6639e-03   0.0257
SIM22L2  0.0410 -0.0037  0.0495  0.0765  0.0023  0.0577  0.0430 -0.0065 -0.0077 -0.0047   0.0144   0.0373  -0.0030  -0.0046   0.0065  -0.0071  3.5520e-03  6.1516e-03  -0.0068  -0.0053   0.0421  -0.0076   1.0000   0.0074  -0.0007  -0.0075   0.0218   0.0124  -0.0072   0.0308   0.0176  2.3168e-02   0.0005   0.0497   0.0033   0.0660  -0.0077  5.8855e-03   0.0070   0.0531  1.2965e-02   0.0284  -0.0024   0.0046  -0.0003 -1.0158e-02   0.0481   0.0643   0.0975 -6.3961e-03  -0.0068
SIM23L2  0.0655 -0.0071 -0.0064  0.0633 -0.0093 -0.0002 -0.0108  0.0063 -0.0108 -0.0039   0.0565   0.0051   0.0644   0.0490  -0.0067   0.0314  1.1105e-03 -2.6811e-03  -0.0066   0.0030   0.0060   0.0059   0.0074   1.0000   0.0017  -0.0027   0.0019   0.0031  -0.0013   0.0056   0.0250  3.1399e-02   0.0364   0.0703   0.0173   0.0447   0.0157  8.2800e-03  -0.0041   0.0022  3.6401e-02   0.0591  -0.0011  -0.0053  -0.0045 -6.6816e-03   0.0394  -0.0066   0.0293  2.3416e-02  -0.0032
SIM24L2  0.0554  0.0125 -0.0062  0.0415  0.0002 -0.0050  0.0050 -0.0057 -0.0062  0.0349   0.0251   0.0063  -0.0034   0.0043   0.0444  -0.0075  1.1512e-02  9.7014e-03   0.0280   0.0341  -0.0081   0.0962  -0.0007   0.0017   1.0000  -0.0085  -0.0074   0.0659  -0.0066   0.0939  -0.0063 -7.0682e-03  -0.0063   0.0258  -0.0080  -0.0064   0.0008  2.2054e-02  -0.0087   0.0100 -2.8596e-03   0.0040  -0.0056   0.0023  -0.0068  5.1983e-03   0.0211   0.0041   0.0020  6.9671e-02  -0.0062
SIM25L2  0.0661  0.0139 -0.0057  0.0208 -0.0020 -0.0058 -0.0035  0.0533  0.0174  0.0071   0.0039  -0.0006   0.0139   0.0080   0.0062  -0.0051  5.9854e-02  3.5393e-02  -0.0044  -0.0069  -0.0068  -0.0068  -0.0075  -0.0027  -0.0085   1.0000  -0.0023   0.0032  -0.0009   0.0238  -0.0079  5.1412e-03  -0.0025  -0.0097  -0.0067  -0.0052   0.0552 -5.5928e-03   0.0540   0.0033  4.4845e-03  -0.0012   0.0069  -0.0113  -0.0057  3.3140e-02   0.0738   0.0299  -0.0079  1.0366e-02  -0.0017
SIM26L2  0.0390 -0.0031 -0.0081  0.0278 -0.0080 -0.0020 -0.0068  0.0063  0.0118  0.0161   0.0214  -0.0017   0.0776   0.0823   0.0266  -0.0068 -3.6323e-03  3.8733e-03   0.0445   0.0250  -0.0054  -0.0062   0.0218   0.0019  -0.0074  -0.0023   1.0000   0.0020   0.0030   0.0019   0.0261 -7.1486e-03   0.0007  -0.0012  -0.0080   0.0095  -0.0043  2.8555e-02  -0.0065   0.0118  1.6840e-03   0.0006  -0.0019  -0.0019   0.0110  1.7874e-02  -0.0080   0.0435  -0.0010 -3.0139e-03   0.0491
SIM27L2  0.0347 -0.0073 -0.0044  0.0429  0.0105 -0.0045 -0.0025 -0.0071  0.0486 -0.0091   0.0314  -0.0094   0.0080  -0.0048   0.0075  -0.0083  2.6683e-02 -6.1499e-03  -0.0067   0.0052   0.0851   0.0033   0.0124   0.0031   0.0659   0.0032   0.0020   1.0000   0.0244   0.0534  -0.0086 -5.4017e-03   0.0047  -0.0024  -0.0045  -0.0080  -0.0063 -2.9662e-03   0.0308  -0.0072 -9.8465e-03  -0.0071  -0.0077  -0.0082   0.0037  4.5215e-03   0.0326   0.0616  -0.0111  1.7699e-02  -0.0048
SIM28L2  0.0326  0.0096 -0.0070  0.0029 -0.0043  0.0279 -0.0065  0.0028 -0.0031 -0.0047  -0.0080  -0.0058   0.0050   0.0097  -0.0028   0.0238 -6.1003e-03 -7.3401e-03   0.0158   0.0427  -0.0058   0.0349  -0.0072  -0.0013  -0.0066  -0.0009   0.0030   0.0244   1.0000  -0.0032  -0.0006  9.3938e-03   0.0067   0.0079   0.0043   0.0117   0.0263  5.8572e-04  -0.0100  -0.0037 -6.1747e-03  -0.0065  -0.0059   0.0355  -0.0075  5.4453e-02  -0.0026   0.0226   0.0260 -9.6239e-03   0.0149
SIM29L2  0.0619  0.0094  0.0020  0.0401 -0.0069 -0.0057  0.0051 -0.0048  0.0076  0.0161  -0.0017   0.0054  -0.0005   0.0068  -0.0080  -0.0085  8.9490e-02 -9.3472e-03  -0.0064   0.0169   0.0139   0.0474   0.0308   0.0056   0.0939   0.0238   0.0019   0.0534  -0.0032   1.0000  -0.0002 -6.2729e-03   0.0192   0.0121  -0.0049   0.0334   0.0227  2.2043e-02   0.0533  -0.0104 -7.4296e-03   0.0120   0.0247  -0.0059  -0.0077 -9.0412e-03   0.1060   0.0586   0.0025  3.2666e-02  -0.0066
SIM30L2  0.0219  0.0189  0.0999  0.0334 -0.0071 -0.0037 -0.0090  0.0831  0.0130  0.0989   0.0128  -0.0085  -0.0054   0.0009   0.0162  -0.0052 -9.5648e-03  3.8475e-02   0.0275  -0.0021  -0.0097   0.0876   0.0176   0.0250  -0.0063  -0.0079   0.0261  -0.0086  -0.0006  -0.0002   1.0000  3.3236e-03  -0.0095  -0.0052  -0.0087   0.0144  -0.0085  6.1808e-03   0.0163  -0.0063 -8.1253e-03  -0.0075   0.0123   0.0085   0.0065 -8.3142e-03  -0.0051   0.0421  -0.0030 -5.5791e-03  -0.0032
SIM31L2  0.0270 -0.0042  0.0075 -0.0031  0.0126  0.0038 -0.0067 -0.0077 -0.0050  0.0379   0.0081  -0.0046   0.0013  -0.0038   0.0218  -0.0030 -6.4562e-05  1.2456e-03  -0.0049  -0.0081   0.0123   0.0263   0.0232   0.0314  -0.0071   0.0051  -0.0071  -0.0054   0.0094  -0.0063   0.0033  1.0000e+00  -0.0011  -0.0072   0.1152  -0.0036  -0.0076  7.8203e-03   0.0114  -0.0062 -3.1694e-03   0.0417   0.1342   0.0090   0.1054 -6.9331e-03   0.0730   0.0172  -0.0084  2.0430e-02   0.0135
SIM32L2  0.0567  0.0036 -0.0038 -0.0087  0.0352  0.0217 -0.0072 -0.0093  0.0036 -0.0085   0.0228  -0.0054   0.0417   0.0110  -0.0014   0.0212  3.5245e-02 -7.2092e-03   0.0242  -0.0078   0.0043   0.0022   0.0005   0.0364  -0.0063  -0.0025   0.0007   0.0047   0.0067   0.0192  -0.0095 -1.0858e-03   1.0000  -0.0073   0.0148   0.0128   0.0941 -2.3047e-03  -0.0016   0.0041  3.9924e-02   0.0241  -0.0091   0.0407   0.0012  6.9337e-03   0.0014  -0.0003   0.0854 -7.8689e-03  -0.0043
SIM33L2  0.0572  0.1168 -0.0007  0.0082  0.0084 -0.0074 -0.0037 -0.0086 -0.0085 -0.0076  -0.0083   0.0280   0.0341  -0.0076   0.0013   0.0492  6.8520e-03 -8.4017e-03   0.0151   0.0166  -0.0001   0.0205   0.0497   0.0703   0.0258  -0.0097  -0.0012  -0.0024   0.0079   0.0121  -0.0052 -7.2262e-03  -0.0073   1.0000   0.0039   0.0623   0.0025  2.2265e-02   0.0055   0.0089  8.4855e-02   0.0792  -0.0064  -0.0040  -0.0068  7.6626e-03  -0.0050  -0.0088  -0.0027  2.3555e-02   0.0095
SIM34L2  0.0736 -0.0086 -0.0073 -0.0063  0.0037 -0.0098  0.0079  0.0545 -0.0017  0.0609   0.0025   0.0008   0.0302   0.1672  -0.0059   0.0302 -8.3700e-03 -9.7696e-03  -0.0076   0.0147  -0.0103   0.0033   0.0033   0.0173  -0.0080  -0.0067  -0.0080  -0.0045   0.0043  -0.0049  -0.0087  1.1519e-01   0.0148   0.0039   1.0000  -0.0058   0.0234 -9.6959e-03   0.0017   0.0071  1.0748e-02  -0.0066   0.0856   0.0328   0.0684 -6.3294e-03   0.0052  -0.0057  -0.0076  4.6146e-03   0.1899
SIM35L2  0.0217 -0.0044 -0.0024 -0.0102 -0.0081  0.0173  0.0058 -0.0023 -0.0032 -0.0027   0.0904   0.0024   0.0962   0.0628   0.0121   0.0473  5.0622e-03  1.3061e-02  -0.0061   0.0272  -0.0069  -0.0092   0.0660   0.0447  -0.0064  -0.0052   0.0095  -0.0080   0.0117   0.0334   0.0144 -3.6024e-03   0.0128   0.0623  -0.0058   1.0000   0.0765 -3.5573e-03  -0.0018  -0.0102 -7.8479e-03  -0.0070  -0.0033  -0.0036  -0.0071 -3.9962e-03  -0.0038   0.0199   0.0322 -5.9384e-03  -0.0094
SIM36L2  0.0835 -0.0094  0.0517 -0.0094  0.0257 -0.0098  0.0560 -0.0103 -0.0018  0.0457   0.0247  -0.0094   0.0098   0.0028  -0.0070   0.0592 -9.3343e-03 -8.2208e-04   0.0523  -0.0051  -0.0086  -0.0049  -0.0077   0.0157   0.0008   0.0552  -0.0043  -0.0063   0.0263   0.0227  -0.0085 -7.6301e-03   0.0941   0.0025   0.0234   0.0765   1.0000 -1.5753e-03  -0.0038   0.0394  7.4266e-03  -0.0075   0.0097   0.0099   0.0020 -7.0792e-03  -0.0083  -0.0077   0.0756 -4.9095e-03   0.0192
SIM37L2  0.0351  0.0118  0.0059 -0.0046 -0.0026 -0.0075  0.0104  0.0442  0.0471  0.0041   0.0568   0.0179   0.0010  -0.0019   0.0058   0.0129  2.9839e-02  5.5897e-02   0.0547   0.0587   0.0287   0.0278   0.0059   0.0083   0.0221  -0.0056   0.0286  -0.0030   0.0006   0.0220   0.0062  7.8203e-03  -0.0023   0.0223  -0.0097  -0.0036  -0.0016  1.0000e+00   0.0631   0.0206 -6.9965e-05   0.0012   0.0009   0.0305  -0.0064  3.2780e-03   0.0117  -0.0086  -0.0071  3.6475e-02   0.0942
SIM38L2  0.0563  0.0281 -0.0076  0.0048 -0.0027 -0.0081  0.0015  0.0700  0.0657 -0.0043   0.0517   0.0035  -0.0019   0.0139   0.0073   0.0378  5.3632e-02  4.9304e-02  -0.0084  -0.0107   0.0577   0.0050   0.0070  -0.0041  -0.0087   0.0540  -0.0065   0.0308  -0.0100   0.0533   0.0163  1.1432e-02  -0.0016   0.0055   0.0017  -0.0018  -0.0038  6.3085e-02   1.0000   0.0029  4.4683e-02   0.0291  -0.0047  -0.0052   0.0649  4.6781e-03   0.0838   0.0070  -0.0061 -5.5630e-03   0.0670
SIM39L2  0.0484  0.0023 -0.0066 -0.0077  0.0450  0.0302 -0.0057 -0.0066  0.0062  0.0143  -0.0083  -0.0087   0.0161   0.0030  -0.0020   0.0016  4.9694e-02 -2.1353e-03   0.0114  -0.0092  -0.0095   0.0291   0.0531   0.0022   0.0100   0.0033   0.0118  -0.0072  -0.0037  -0.0104  -0.0063 -6.1652e-03   0.0041   0.0089   0.0071  -0.0102   0.0394  2.0592e-02   0.0029   1.0000 -6.0370e-03  -0.0084  -0.0046   0.0079  -0.0068  2.7033e-02   0.0420  -0.0085   0.1574 -5.7604e-03   0.0322
SIM40L2  0.0538 -0.0038 -0.0050  0.0050  0.0033 -0.0081  0.0135  0.0126 -0.0024  0.0021  -0.0019  -0.0005  -0.0052  -0.0037   0.0037  -0.0076 -5.3871e-03 -8.6072e-03   0.0052  -0.0039  -0.0065   0.0172   0.0130   0.0364  -0.0029   0.0045   0.0017  -0.0098  -0.0062  -0.0074  -0.0081 -3.1694e-03   0.0399   0.0849   0.0107  -0.0078   0.0074 -6.9965e-05   0.0447  -0.0060  1.0000e+00   0.0846  -0.0094   0.1187  -0.0079 -5.4190e-03   0.0002  -0.0090   0.0004  2.3588e-02   0.0113
SIM41L2  0.0533 -0.0051 -0.0069 -0.0078  0.0015 -0.0030 -0.0096 -0.0071  0.0045 -0.0051  -0.0031  -0.0095   0.0257   0.0407  -0.0062   0.0118  5.2916e-02  8.2958e-03   0.0080   0.0200   0.0053   0.0419   0.0284   0.0591   0.0040  -0.0012   0.0006  -0.0071  -0.0065   0.0120  -0.0075  4.1694e-02   0.0241   0.0792  -0.0066  -0.0070  -0.0075  1.1842e-03   0.0291  -0.0084  8.4551e-02   1.0000   0.0245  -0.0040  -0.0023  1.3108e-01  -0.0050   0.0058  -0.0020  1.2458e-02  -0.0007
SIM42L2  0.0352 -0.0026  0.0728  0.0084 -0.0047  0.0113  0.0026 -0.0053  0.0109  0.0694  -0.0001   0.0034  -0.0033  -0.0076   0.0046  -0.0014 -5.9106e-03  2.0740e-02   0.0026   0.0098   0.0097  -0.0057  -0.0024  -0.0011  -0.0056   0.0069  -0.0019  -0.0077  -0.0059   0.0247   0.0123  1.3421e-01  -0.0091  -0.0064   0.0856  -0.0033   0.0097  8.6378e-04  -0.0047  -0.0046 -9.3975e-03   0.0245   1.0000  -0.0091   0.1208 -4.7328e-03  -0.0081  -0.0033   0.0542 -8.2055e-03   0.0178
SIM43L2  0.0305  0.0048  0.0118 -0.0051 -0.0073  0.0191  0.0079  0.0255  0.0278 -0.0025   0.0155   0.0038  -0.0030   0.0418   0.0054   0.0527 -1.0433e-02  2.5395e-03   0.0260   0.0310  -0.0008   0.0059   0.0046  -0.0053   0.0023  -0.0113  -0.0019  -0.0082   0.0355  -0.0059   0.0085  9.0371e-03   0.0407  -0.0040   0.0328  -0.0036   0.0099  3.0525e-02  -0.0052   0.0079  1.1872e-01  -0.0040  -0.0091   1.0000  -0.0074 -9.4565e-03   0.0122   0.0094  -0.0054  1.1796e-02   0.0961
SIM44L2  0.0132 -0.0072 -0.0057  0.0098 -0.0032  0.0010 -0.0067 -0.0073  0.0935 -0.0043  -0.0076   0.0403   0.0065  -0.0009  -0.0050  -0.0007 -9.5421e-03  4.0516e-03  -0.0074  -0.0021   0.0689  -0.0060  -0.0003  -0.0045  -0.0068  -0.0057   0.0110   0.0037  -0.0075  -0.0077   0.0065  1.0543e-01   0.0012  -0.0068   0.0684  -0.0071   0.0020 -6.3694e-03   0.0649  -0.0068 -7.9473e-03  -0.0023   0.1208  -0.0074   1.0000  1.6373e-02  -0.0040   0.0172  -0.0077 -8.0775e-03   0.0090
SIM45L2  0.0605  0.0129  0.0290  0.0027 -0.0063  0.0012  0.0297  0.1741 -0.0043  0.0067  -0.0099   0.0126   0.0216  -0.0018  -0.0014   0.0352  1.1625e-02  3.2299e-03  -0.0054   0.0237  -0.0050  -0.0005  -0.0102  -0.0067   0.0052   0.0331   0.0179   0.0045   0.0545  -0.0090  -0.0083 -6.9331e-03   0.0069   0.0077  -0.0063  -0.0040  -0.0071  3.2780e-03   0.0047   0.0270 -5.4190e-03   0.1311  -0.0047  -0.0095   0.0164  1.0000e+00  -0.0114   0.0395  -0.0046 -1.9132e-05  -0.0104
SIM46L2  0.0169 -0.0053 -0.0075 -0.0058 -0.0031  0.0271  0.0082  0.0592 -0.0085 -0.0081  -0.0044  -0.0055  -0.0057   0.0151   0.0032  -0.0097  4.4267e-02  4.0261e-02  -0.0076  -0.0069  -0.0018   0.0199   0.0481   0.0394   0.0211   0.0738  -0.0080   0.0326  -0.0026   0.1060  -0.0051  7.2951e-02   0.0014  -0.0050   0.0052  -0.0038  -0.0083  1.1699e-02   0.0838   0.0420  1.6824e-04  -0.0050  -0.0081   0.0122  -0.0040 -1.1360e-02   1.0000   0.0528   0.0397 -9.5294e-03   0.0079
SIM47L2  0.0180  0.0131 -0.0084  0.0726 -0.0053 -0.0054 -0.0045 -0.0075  0.0312  0.0004   0.0349  -0.0065  -0.0077  -0.0092  -0.0003   0.0032 -7.8425e-03 -4.9659e-03  -0.0066   0.0352  -0.0057   0.0571   0.0643  -0.0066   0.0041   0.0299   0.0435   0.0616   0.0226   0.0586   0.0421  1.7201e-02  -0.0003  -0.0088  -0.0057   0.0199  -0.0077 -8.5580e-03   0.0070  -0.0085 -8.9791e-03   0.0058  -0.0033   0.0094   0.0172  3.9471e-02   0.0528   1.0000  -0.0079 -8.1581e-03  -0.0062
SIM48L2  0.0533 -0.0084 -0.0025  0.0146 -0.0036  0.0809  0.0027 -0.0101  0.0033  0.0822   0.0105  -0.0071   0.0358   0.0040  -0.0088   0.0065 -1.1799e-02 -9.4697e-03   0.0195   0.0068  -0.0045  -0.0055   0.0975   0.0293   0.0020  -0.0079  -0.0010  -0.0111   0.0260   0.0025  -0.0030 -8.3866e-03   0.0854  -0.0027  -0.0076   0.0322   0.0756 -7.0736e-03  -0.0061   0.1574  3.8506e-04  -0.0020   0.0542  -0.0054  -0.0077 -4.6435e-03   0.0397  -0.0079   1.0000  4.9053e-03  -0.0100
SIM49L2  0.0821  0.0048  0.0029 -0.0010  0.1998 -0.0099  0.0619 -0.0071  0.0025  0.0277   0.0037   0.0030   0.0322  -0.0057   0.0213  -0.0071 -6.9062e-03  1.2262e-03  -0.0026   0.0057  -0.0067  -0.0067  -0.0064   0.0234   0.0697   0.0104  -0.0030   0.0177  -0.0096   0.0327  -0.0056  2.0430e-02  -0.0079   0.0236   0.0046  -0.0059  -0.0049  3.6475e-02  -0.0056  -0.0058  2.3588e-02   0.0125  -0.0082   0.0118  -0.0081 -1.9132e-05  -0.0095  -0.0082   0.0049  1.0000e+00  -0.0072
SIM50L2  0.0567 -0.0053 -0.0008  0.0006  0.0007 -0.0047  0.0120 -0.0046 -0.0019 -0.0062   0.0497   0.0011   0.0210   0.2225  -0.0088  -0.0039 -1.7730e-03  7.2139e-02  -0.0024   0.0076   0.0198   0.0257  -0.0068  -0.0032  -0.0062  -0.0017   0.0491  -0.0048   0.0149  -0.0066  -0.0032  1.3458e-02  -0.0043   0.0095   0.1899  -0.0094   0.0192  9.4155e-02   0.0670   0.0322  1.1276e-02  -0.0007   0.0178   0.0961   0.0090 -1.0379e-02   0.0079  -0.0062  -0.0100 -7.1763e-03   1.0000

LD Score Matrix Condition Number
2.0431

Annotation Correlation Matrix
             SIM1        SIM2        SIM3        SIM4        SIM5        SIM6        SIM7        SIM8        SIM9       SIM10       SIM11       SIM12       SIM13       SIM14       SIM15       SIM16       SIM17       SIM18       SIM19       SIM20       SIM21       SIM22       SIM23       SIM24       SIM25       SIM26       SIM27       SIM28       SIM29       SIM30       SIM31       SIM32       SIM33       SIM34       SIM35       SIM36       SIM37       SIM38       SIM39       SIM40       SIM41       SIM42       SIM43       SIM44       SIM45       SIM46       SIM47       SIM48       SIM49       SIM50
SIM1   1.0000e+00 -7.3259e-05 -7.3259e-05 -7.8317e-05 -7.3910e-05 -7.5830e-05 -7.0594e-05 -7.2601e-05 -7.1269e-05 -6.9223e-05 -8.2489e-05 -7.3259e-05 -7.5830e-05 -7.1938e-05 -7.5830e-05 -8.7013e-05 -7.7703e-05 -7.5195e-05 -7.3259e-05 -8.0132e-05 -7.8317e-05 -7.3910e-05 -8.4781e-05 -6.9223e-05 -8.1319e-05 -7.3259e-05 -8.0728e-05 -7.1269e-05 -7.5195e-05 -7.5195e-05 -6.8527e-05 -7.8927e-05 -7.4555e-05 -7.9532e-05 -8.5904e-05 -7.6459e-05 -8.0728e-05 -8.5904e-05 -7.6459e-05 -7.5195e-05 -7.8317e-05 -7.4555e-05 -8.3068e-05 -7.0594e-05 -7.8927e-05 -8.1319e-05 -7.7084e-05 -7.5195e-05 -8.3068e-05 -7.3259e-05
SIM2  -7.3259e-05  1.0000e+00 -7.6766e-05 -8.2067e-05 -7.7448e-05 -7.9461e-05 -7.3973e-05 -7.6077e-05 -7.4681e-05 -7.2537e-05 -8.6439e-05 -7.6766e-05 -7.9461e-05 -7.5383e-05 -7.9461e-05 -9.1179e-05 -8.1423e-05 -7.8796e-05 -7.6766e-05 -8.3968e-05 -8.2067e-05 -7.7448e-05 -8.8840e-05 -7.2537e-05 -8.5212e-05 -7.6766e-05  1.6122e-02 -7.4681e-05 -7.8796e-05 -7.8796e-05 -7.1808e-05 -8.2705e-05 -7.8125e-05 -8.3339e-05 -9.0017e-05 -8.0120e-05 -8.4593e-05 -9.0017e-05 -8.0120e-05 -7.8796e-05 -8.2067e-05 -7.8125e-05  1.5663e-02 -7.3973e-05 -8.2705e-05 -8.5212e-05 -8.0774e-05 -7.8796e-05  1.5663e-02 -7.6766e-05
SIM3  -7.3259e-05 -7.6766e-05  1.0000e+00 -8.2067e-05  1.7624e-02 -7.9461e-05 -7.3973e-05 -7.6077e-05 -7.4681e-05 -7.2537e-05 -8.6439e-05 -7.6766e-05 -7.9461e-05 -7.5383e-05 -7.9461e-05 -9.1179e-05 -8.1423e-05 -7.8796e-05 -7.6766e-05 -8.3968e-05 -8.2067e-05 -7.7448e-05 -8.8840e-05 -7.2537e-05 -8.5212e-05  1.7782e-02 -8.4593e-05 -7.4681e-05 -7.8796e-05 -7.8796e-05 -7.1808e-05 -8.2705e-05 -7.8125e-05 -8.3339e-05 -9.0017e-05 -8.0120e-05 -8.4593e-05 -9.0017e-05 -8.0120e-05 -7.8796e-05 -8.2067e-05 -7.8125e-05 -8.7045e-05 -7.3973e-05 -8.2705e-05 -8.5212e-05 -8.0774e-05 -7.8796e-05 -8.7045e-05 -7.6766e-05
SIM4  -7.8317e-05 -8.2067e-05 -8.2067e-05  1.0000e+00 -8.2796e-05 -8.4947e-05 -7.9081e-05 -8.1331e-05 -7.9838e-05 -7.7545e-05 -9.2407e-05 -8.2067e-05 -8.4947e-05 -8.0588e-05 -8.4947e-05  1.3968e-02 -8.7045e-05  1.6191e-02 -8.2067e-05 -8.9766e-05 -8.7733e-05 -8.2796e-05 -9.4975e-05 -7.7545e-05 -9.1096e-05 -8.2067e-05 -9.0434e-05 -7.9838e-05 -8.4236e-05 -8.4236e-05 -7.6766e-05 -8.8416e-05 -8.3519e-05 -8.9094e-05 -9.6233e-05 -8.5652e-05 -9.0434e-05 -9.6233e-05  1.5920e-02 -8.4236e-05 -8.7733e-05 -8.3519e-05 -9.3056e-05 -7.9081e-05 -8.8416e-05 -9.1096e-05 -8.6352e-05 -8.4236e-05 -9.3056e-05 -8.2067e-05
SIM5  -7.3910e-05 -7.7448e-05  1.7624e-02 -8.2796e-05  1.0000e+00 -8.0167e-05  1.8295e-02 -7.6754e-05 -7.5345e-05 -7.3182e-05 -8.7207e-05 -7.7448e-05 -8.0167e-05 -7.6053e-05 -8.0167e-05 -9.1990e-05 -8.2147e-05 -7.9496e-05 -7.7448e-05 -8.4715e-05 -8.2796e-05 -7.8137e-05 -8.9630e-05  1.8660e-02 -8.5970e-05 -7.7448e-05 -8.5345e-05 -7.5345e-05 -7.9496e-05 -7.9496e-05 -7.2446e-05 -8.3441e-05 -7.8819e-05 -8.4080e-05  1.5005e-02 -8.0832e-05 -8.5345e-05 -9.0818e-05 -8.0832e-05 -7.9496e-05 -8.2796e-05 -7.8819e-05 -8.7819e-05 -7.4631e-05 -8.3441e-05 -8.5970e-05 -8.1492e-05 -7.9496e-05 -8.7819e-05 -7.7448e-05
SIM6  -7.5830e-05 -7.9461e-05 -7.9461e-05 -8.4947e-05 -8.0167e-05  1.0000e+00 -7.6570e-05  1.7330e-02 -7.7303e-05 -7.5083e-05 -8.9473e-05 -7.9461e-05  1.6586e-02 -7.8029e-05 -8.2250e-05 -9.4380e-05 -8.4281e-05 -8.1561e-05 -7.9461e-05 -8.6916e-05 -8.4947e-05 -8.0167e-05 -9.1959e-05 -7.5083e-05 -8.8204e-05 -7.9461e-05 -8.7562e-05 -7.7303e-05 -8.1561e-05 -8.1561e-05 -7.4328e-05 -8.5608e-05 -8.0867e-05 -8.6265e-05  1.4620e-02 -8.2932e-05 -8.7562e-05 -9.3177e-05 -8.2932e-05 -8.1561e-05 -8.4947e-05 -8.0867e-05 -9.0101e-05 -7.6570e-05 -8.5608e-05 -8.8204e-05 -8.3609e-05  1.6727e-02 -9.0101e-05 -7.9461e-05
SIM7  -7.0594e-05 -7.3973e-05 -7.3973e-05 -7.9081e-05  1.8295e-02 -7.6570e-05  1.0000e+00 -7.3310e-05 -7.1964e-05 -6.9898e-05 -8.3294e-05 -7.3973e-05  1.7828e-02 -7.2640e-05 -7.6570e-05 -8.7862e-05 -7.8461e-05 -7.5929e-05 -7.3973e-05 -8.0914e-05 -7.9081e-05 -7.4631e-05 -8.5609e-05 -6.9898e-05 -8.2113e-05 -7.3973e-05 -8.1515e-05 -7.1964e-05 -7.5929e-05 -7.5929e-05 -6.9195e-05 -7.9697e-05 -7.5283e-05 -8.0307e-05 -8.6743e-05 -7.7205e-05 -8.1515e-05  1.5718e-02 -7.7205e-05 -7.5929e-05 -7.9081e-05 -7.5283e-05 -8.3879e-05 -7.1282e-05 -7.9697e-05  1.6614e-02 -7.7836e-05 -7.5929e-05 -8.3879e-05 -7.3973e-05
SIM8  -7.2601e-05 -7.6077e-05 -7.6077e-05 -8.1331e-05 -7.6754e-05  1.7330e-02 -7.3310e-05  1.0000e+00 -7.4011e-05 -7.1886e-05 -8.5663e-05 -7.6077e-05 -7.8748e-05 -7.4706e-05 -7.8748e-05 -9.0361e-05 -8.0693e-05 -7.8089e-05 -7.6077e-05  1.6391e-02 -8.1331e-05 -7.6754e-05 -8.8044e-05 -7.1886e-05  1.6150e-02 -7.6077e-05  1.6269e-02 -7.4011e-05 -7.8089e-05 -7.8089e-05 -7.1164e-05 -8.1964e-05 -7.7424e-05 -8.2592e-05 -8.9210e-05 -7.9401e-05  1.6269e-02 -8.9210e-05 -7.9401e-05 -7.8089e-05 -8.1331e-05 -7.7424e-05 -8.6265e-05 -7.3310e-05 -8.1964e-05 -8.4448e-05  1.7046e-02 -7.8089e-05 -8.6265e-05 -7.6077e-05
SIM9  -7.1269e-05 -7.4681e-05 -7.4681e-05 -7.9838e-05 -7.5345e-05 -7.7303e-05 -7.1964e-05 -7.4011e-05  1.0000e+00 -7.0567e-05 -8.4091e-05 -7.4681e-05 -7.7303e-05 -7.3335e-05 -7.7303e-05 -8.8703e-05 -7.9212e-05 -7.6656e-05 -7.4681e-05 -8.1688e-05 -7.9838e-05 -7.5345e-05 -8.6428e-05 -7.0567e-05 -8.2898e-05 -7.4681e-05 -8.2295e-05 -7.2653e-05 -7.6656e-05 -7.6656e-05 -6.9858e-05 -8.0459e-05 -7.6003e-05 -8.1076e-05 -8.7573e-05 -7.7944e-05 -8.2295e-05 -8.7573e-05 -7.7944e-05 -7.6656e-05 -7.9838e-05 -7.6003e-05 -8.4682e-05 -7.1964e-05 -8.0459e-05 -8.2898e-05 -7.8581e-05  1.7808e-02  1.6105e-02 -7.4681e-05
SIM10 -6.9223e-05 -7.2537e-05 -7.2537e-05 -7.7545e-05 -7.3182e-05 -7.5083e-05 -6.9898e-05 -7.1886e-05 -7.0567e-05  1.0000e+00 -8.1677e-05 -7.2537e-05  1.8184e-02 -7.1230e-05 -7.5083e-05 -8.6156e-05  1.7742e-02 -7.4454e-05 -7.2537e-05 -7.9342e-05 -7.7545e-05 -7.3182e-05 -8.3946e-05 -6.8540e-05 -8.0518e-05 -7.2537e-05  1.7071e-02 -7.0567e-05 -7.4454e-05 -7.4454e-05 -6.7852e-05 -7.8149e-05 -7.3821e-05 -7.8748e-05 -8.5058e-05 -7.5706e-05 -7.9932e-05 -8.5058e-05 -7.5706e-05 -7.4454e-05 -7.7545e-05 -7.3821e-05 -8.2250e-05 -6.9898e-05 -7.8149e-05 -8.0518e-05 -7.6324e-05 -7.4454e-05  1.6586e-02 -7.2537e-05
SIM11 -8.2489e-05 -8.6439e-05 -8.6439e-05 -9.2407e-05 -8.7207e-05 -8.9473e-05 -8.3294e-05 -8.5663e-05 -8.4091e-05 -8.1677e-05  1.0000e+00 -8.6439e-05 -8.9473e-05  1.6067e-02 -8.9473e-05  1.3251e-02 -9.1683e-05 -8.8724e-05 -8.6439e-05  1.4406e-02 -9.2407e-05 -8.7207e-05 -1.0003e-04 -8.1677e-05 -9.5949e-05 -8.6439e-05 -9.5252e-05 -8.4091e-05 -8.8724e-05 -8.8724e-05 -8.0856e-05 -9.3127e-05 -8.7969e-05 -9.3840e-05 -1.0136e-04 -9.0215e-05  1.4298e-02 -1.0136e-04 -9.0215e-05 -8.8724e-05 -9.2407e-05 -8.7969e-05 -9.8013e-05  1.6376e-02 -9.3127e-05 -9.5949e-05 -9.0952e-05 -8.8724e-05 -9.8013e-05 -8.6439e-05
SIM12 -7.3259e-05 -7.6766e-05 -7.6766e-05 -8.2067e-05 -7.7448e-05 -7.9461e-05 -7.3973e-05 -7.6077e-05 -7.4681e-05 -7.2537e-05 -8.6439e-05  1.0000e+00 -7.9461e-05 -7.5383e-05 -7.9461e-05 -9.1179e-05 -8.1423e-05 -7.8796e-05  3.5640e-02 -8.3968e-05 -8.2067e-05 -7.7448e-05 -8.8840e-05 -7.2537e-05 -8.5212e-05 -7.6766e-05 -8.4593e-05 -7.4681e-05 -7.8796e-05 -7.8796e-05 -7.1808e-05 -8.2705e-05  1.7470e-02  1.6367e-02 -9.0017e-05 -8.0120e-05 -8.4593e-05 -9.0017e-05 -8.0120e-05 -7.8796e-05 -8.2067e-05 -7.8125e-05 -8.7045e-05 -7.3973e-05 -8.2705e-05 -8.5212e-05 -8.0774e-05 -7.8796e-05 -8.7045e-05 -7.6766e-05
SIM13 -7.5830e-05 -7.9461e-05 -7.9461e-05 -8.4947e-05 -8.0167e-05  1.6586e-02  1.7828e-02 -7.8748e-05 -7.7303e-05  1.8184e-02 -8.9473e-05 -7.9461e-05  1.0000e+00 -7.8029e-05 -8.2250e-05 -9.4380e-05  1.6182e-02 -8.1561e-05 -7.9461e-05 -8.6916e-05 -8.4947e-05 -8.0167e-05 -9.1959e-05 -7.5083e-05 -8.8204e-05 -7.9461e-05 -8.7562e-05 -7.7303e-05 -8.1561e-05 -8.1561e-05 -7.4328e-05 -8.5608e-05 -8.0867e-05  1.5806e-02 -9.3177e-05 -8.2932e-05 -8.7562e-05 -9.3177e-05 -8.2932e-05 -8.1561e-05 -8.4947e-05 -8.0867e-05 -9.0101e-05 -7.6570e-05 -8.5608e-05 -8.8204e-05 -8.3609e-05 -8.1561e-05 -9.0101e-05 -7.9461e-05
SIM14 -7.1938e-05 -7.5383e-05 -7.5383e-05 -8.0588e-05 -7.6053e-05 -7.8029e-05 -7.2640e-05 -7.4706e-05 -7.3335e-05 -7.1230e-05  1.6067e-02 -7.5383e-05 -7.8029e-05  1.0000e+00 -7.8029e-05 -8.9536e-05 -7.9956e-05 -7.7376e-05 -7.5383e-05  1.6544e-02 -8.0588e-05 -7.6053e-05 -8.7240e-05 -7.1230e-05 -8.3677e-05 -7.5383e-05 -8.3068e-05 -7.3335e-05 -7.7376e-05  3.5358e-02 -7.0514e-05 -8.1215e-05 -7.6717e-05 -8.1837e-05 -8.8395e-05 -7.8676e-05 -8.3068e-05 -8.8395e-05 -7.8676e-05 -7.7376e-05 -8.0588e-05 -7.6717e-05 -8.5477e-05 -7.2640e-05 -8.1215e-05 -8.3677e-05 -7.9319e-05 -7.7376e-05 -8.5477e-05 -7.5383e-05
SIM15 -7.5830e-05 -7.9461e-05 -7.9461e-05 -8.4947e-05 -8.0167e-05 -8.2250e-05 -7.6570e-05 -7.8748e-05 -7.7303e-05 -7.5083e-05 -8.9473e-05 -7.9461e-05 -8.2250e-05 -7.8029e-05  1.0000e+00 -9.4380e-05 -8.4281e-05 -8.1561e-05 -7.9461e-05 -8.6916e-05 -8.4947e-05 -8.0167e-05 -9.1959e-05 -7.5083e-05 -8.8204e-05 -7.9461e-05 -8.7562e-05 -7.7303e-05 -8.1561e-05 -8.1561e-05  1.8370e-02  1.5929e-02  1.6872e-02 -8.6265e-05 -9.3177e-05 -8.2932e-05 -8.7562e-05 -9.3177e-05 -8.2932e-05 -8.1561e-05 -8.4947e-05 -8.0867e-05 -9.0101e-05 -7.6570e-05 -8.5608e-05 -8.8204e-05 -8.3609e-05 -8.1561e-05 -9.0101e-05 -7.9461e-05
