*********************************************************************
* LD Score Regression (LDSC)
* Version 1.0.1
* (C) 2014-2019 Brendan Bulik-Sullivan and Hilary Finucane
* Broad Institute of MIT and Harvard / MIT Department of Mathematics
* GNU General Public License v3
*********************************************************************
Call: 
./ldsc.py \
--out /data/sbcs/GuoLab/backup/liq17/CRC_TF_TWAS_zhishan2024/NC_revision_OceanCode/v2_NC_revision//84Tracks//ldscores_sim1000//6 \
--bfile /data/sbcs/GuoLab/backup/liq17/ref/Alkesgroup/1000G_EUR_Phase3_plink_hg38/1000G.EUR.QC.6 \
--annot /data/sbcs/GuoLab/backup/liq17/CRC_TF_TWAS_zhishan2024/NC_revision_OceanCode/v2_NC_revision//84Tracks//annots_sim1000//6.annot.txt \
--l2  \
--ld-wind-kb 100.0 

Beginning analysis at Sun Oct 26 22:29:08 2025
Read list of 663678 SNPs from /data/sbcs/GuoLab/backup/liq17/ref/Alkesgroup/1000G_EUR_Phase3_plink_hg38/1000G.EUR.QC.6.bim
Read 50 annotations for 663678 SNPs from /data/sbcs/GuoLab/backup/liq17/CRC_TF_TWAS_zhishan2024/NC_revision_OceanCode/v2_NC_revision//84Tracks//annots_sim1000//6.annot.txt
Read list of 489 individuals from /data/sbcs/GuoLab/backup/liq17/ref/Alkesgroup/1000G_EUR_Phase3_plink_hg38/1000G.EUR.QC.6.fam
Reading genotypes from /data/sbcs/GuoLab/backup/liq17/ref/Alkesgroup/1000G_EUR_Phase3_plink_hg38/1000G.EUR.QC.6.bed
Estimating LD Score.
Writing LD Scores for 663678 SNPs to /data/sbcs/GuoLab/backup/liq17/CRC_TF_TWAS_zhishan2024/NC_revision_OceanCode/v2_NC_revision//84Tracks//ldscores_sim1000//6.l2.ldscore.gz

Summary of LD Scores in /data/sbcs/GuoLab/backup/liq17/CRC_TF_TWAS_zhishan2024/NC_revision_OceanCode/v2_NC_revision//84Tracks//ldscores_sim1000//6.l2.ldscore.gz
         MAF  SIM1L2  SIM2L2  SIM3L2  SIM4L2  SIM5L2  SIM6L2  SIM7L2  SIM8L2  SIM9L2  SIM10L2  SIM11L2  SIM12L2  SIM13L2  SIM14L2  SIM15L2  SIM16L2  SIM17L2  SIM18L2  SIM19L2  SIM20L2  SIM21L2  SIM22L2  SIM23L2  SIM24L2  SIM25L2  SIM26L2  SIM27L2  SIM28L2  SIM29L2  SIM30L2  SIM31L2  SIM32L2  SIM33L2  SIM34L2  SIM35L2  SIM36L2  SIM37L2  SIM38L2  SIM39L2  SIM40L2  SIM41L2  SIM42L2  SIM43L2  SIM44L2  SIM45L2  SIM46L2  SIM47L2  SIM48L2  SIM49L2  SIM50L2
mean  0.1501  0.0088  0.0093  0.0085  0.0088  0.0072  0.0067  0.0096  0.0097  0.0076   0.0097   0.0092   0.0095   0.0093   0.0088   0.0073   0.0076   0.0072   0.0086   0.0093   0.0077   0.0065   0.0084   0.0100   0.0076   0.0090   0.0093   0.0064   0.0072   0.0071   0.0088   0.0083   0.0074   0.0071   0.0070   0.0102   0.0091   0.0067   0.0083   0.0078   0.0086   0.0082   0.0081   0.0083   0.0115   0.0128   0.0084   0.0094   0.0075   0.0092   0.0101
std   0.1492  0.0694  0.0728  0.0672  0.0677  0.0664  0.0594  0.0735  0.0688  0.0676   0.0707   0.0714   0.0749   0.0690   0.0784   0.0683   0.0667   0.0606   0.0738   0.0746   0.0641   0.0612   0.0748   0.0762   0.0715   0.0739   0.0688   0.0606   0.0669   0.0624   0.0682   0.0698   0.0664   0.0647   0.0636   0.0747   0.0727   0.0600   0.0660   0.0655   0.0700   0.0666   0.0679   0.0665   0.0848   0.0825   0.0715   0.0701   0.0643   0.0748   0.0735
min   0.0051 -0.0041 -0.0041 -0.0041 -0.0045 -0.0059 -0.0041 -0.0053 -0.0041 -0.0055  -0.0040  -0.0057  -0.0045  -0.0072  -0.0057  -0.0058  -0.0041  -0.0055  -0.0055  -0.0057  -0.0055  -0.0041  -0.0049  -0.0049  -0.0052  -0.0055  -0.0041  -0.0041  -0.0041  -0.0041  -0.0041  -0.0056  -0.0055  -0.0041  -0.0057  -0.0063  -0.0041  -0.0045  -0.0046  -0.0054  -0.0052  -0.0042  -0.0043  -0.0041  -0.0041  -0.0041  -0.0063  -0.0041  -0.0065  -0.0060  -0.0040
25%   0.0194  0.0000  0.0000  0.0000  0.0000  0.0000  0.0000  0.0000  0.0000  0.0000   0.0000   0.0000   0.0000   0.0000   0.0000   0.0000   0.0000   0.0000   0.0000   0.0000   0.0000   0.0000   0.0000   0.0000   0.0000   0.0000   0.0000   0.0000   0.0000   0.0000   0.0000   0.0000   0.0000   0.0000   0.0000   0.0000   0.0000   0.0000   0.0000   0.0000   0.0000   0.0000   0.0000   0.0000   0.0000   0.0000   0.0000   0.0000   0.0000   0.0000   0.0000
50%   0.0910  0.0000  0.0000  0.0000  0.0000  0.0000  0.0000  0.0000  0.0000  0.0000   0.0000   0.0000   0.0000   0.0000   0.0000   0.0000   0.0000   0.0000   0.0000   0.0000   0.0000   0.0000   0.0000   0.0000   0.0000   0.0000   0.0000   0.0000   0.0000   0.0000   0.0000   0.0000   0.0000   0.0000   0.0000   0.0000   0.0000   0.0000   0.0000   0.0000   0.0000   0.0000   0.0000   0.0000   0.0000   0.0000   0.0000   0.0000   0.0000   0.0000   0.0000
75%   0.2597  0.0000  0.0000  0.0000  0.0000  0.0000  0.0000  0.0000  0.0000  0.0000   0.0000   0.0000   0.0000   0.0000   0.0000   0.0000   0.0000   0.0000   0.0000   0.0000   0.0000   0.0000   0.0000   0.0000   0.0000   0.0000   0.0000   0.0000   0.0000   0.0000   0.0000   0.0000   0.0000   0.0000   0.0000   0.0000   0.0000   0.0000   0.0000   0.0000   0.0000   0.0000   0.0000   0.0000   0.0000   0.0000   0.0000   0.0000   0.0000   0.0000   0.0000
max   0.5000  1.1758  1.0575  1.0461  1.2535  1.3679  1.0121  1.0618  1.1057  1.2175   1.0615   1.4393   1.5994   1.0975   1.7852   1.9166   1.5338   1.7517   2.0000   1.0353   1.1743   1.0146   1.8084   1.1410   1.9386   1.1335   1.0225   1.1677   1.0392   1.0020   1.0320   1.2842   1.0029   1.0257   1.0763   1.0824   1.0945   1.0278   1.1526   1.0088   1.4246   1.0337   1.0043   1.3704   1.8189   1.2976   2.1349   1.2384   1.4343   1.6958   1.3930

MAF/LD Score Correlation Matrix
            MAF  SIM1L2  SIM2L2  SIM3L2  SIM4L2  SIM5L2  SIM6L2  SIM7L2  SIM8L2  SIM9L2  SIM10L2  SIM11L2  SIM12L2  SIM13L2  SIM14L2  SIM15L2     SIM16L2  SIM17L2  SIM18L2  SIM19L2  SIM20L2  SIM21L2  SIM22L2  SIM23L2  SIM24L2  SIM25L2  SIM26L2  SIM27L2  SIM28L2  SIM29L2  SIM30L2  SIM31L2  SIM32L2  SIM33L2  SIM34L2  SIM35L2  SIM36L2  SIM37L2  SIM38L2  SIM39L2  SIM40L2     SIM41L2  SIM42L2  SIM43L2  SIM44L2  SIM45L2  SIM46L2  SIM47L2  SIM48L2  SIM49L2  SIM50L2
MAF      1.0000  0.0403  0.0578  0.0323  0.0563  0.0494  0.0228  0.0597  0.0872  0.0277   0.0472   0.0398   0.0440   0.0503   0.0676   0.0288  2.9411e-02   0.0418   0.0291   0.0381   0.0557   0.0500   0.0279   0.0171   0.0306   0.0561   0.0540   0.0196   0.0372   0.0297   0.0354   0.0574   0.0421   0.0355   0.0393   0.0473   0.0519   0.0251   0.0575   0.0508   0.0292  7.6694e-02   0.0401   0.0570   0.0465   0.0717   0.0363   0.0463   0.0684   0.0444   0.0774
SIM1L2   0.0403  1.0000  0.0531  0.0162  0.0544  0.0590  0.0560  0.0556  0.0597 -0.0045   0.0294   0.0788   0.0769   0.0193   0.0365   0.0171  5.0692e-02   0.0885   0.0029   0.0937   0.0459  -0.0024  -0.0084   0.0370   0.0490   0.0295   0.0273  -0.0047   0.0393   0.0955   0.0782   0.0567   0.0212   0.0867   0.0780   0.0639   0.0715   0.0436   0.0398   0.0157   0.0056  8.9117e-02   0.0052   0.0493   0.0103   0.0897   0.1436   0.0601   0.0005   0.1321   0.0616
SIM2L2   0.0578  0.0531  1.0000  0.0391  0.0029  0.0161  0.0825  0.0363  0.0820  0.0582   0.0237   0.1074  -0.0133   0.0645   0.0002   0.0096  1.0772e-02   0.0405   0.0491   0.0377   0.0534   0.0558   0.0186   0.0297  -0.0059   0.0235   0.0343  -0.0079   0.0581   0.0652   0.0032   0.0296   0.0366   0.0217   0.1156   0.0336   0.0602   0.0589   0.0398   0.0447   0.0639  3.6170e-03  -0.0055   0.0224   0.0202   0.0462   0.0831   0.0730   0.0769   0.0201   0.1151
SIM3L2   0.0323  0.0162  0.0391  1.0000  0.0541  0.1014  0.0016  0.0625  0.0545  0.1310   0.0821   0.0728   0.1392   0.0346   0.0038   0.0127  6.8299e-02   0.0482   0.0184   0.1741   0.1529   0.1488  -0.0038   0.0486   0.0677   0.0021   0.0504   0.1689   0.0498  -0.0011   0.0614   0.0477   0.1215  -0.0003  -0.0091   0.0153   0.0402   0.0885   0.0812   0.0024   0.0799  6.6453e-02   0.0392   0.0241   0.0679   0.0663   0.0264   0.0346  -0.0098   0.0355   0.0173
SIM4L2   0.0563  0.0544  0.0029  0.0541  1.0000  0.0893  0.0475  0.0328  0.1121  0.0061   0.0799   0.0701   0.0687   0.0405   0.0777  -0.0007  1.1190e-02   0.0635   0.0027   0.0532   0.0637   0.0105   0.0146   0.0592  -0.0108   0.0315   0.1307  -0.0016   0.0223   0.0248   0.0610   0.0463   0.0441   0.0495   0.0297   0.0227   0.0050   0.0217   0.1372  -0.0108   0.0906  9.5500e-02   0.0159   0.0302   0.0622   0.1143   0.0102   0.0280   0.0093   0.0619   0.1012
SIM5L2   0.0494  0.0590  0.0161  0.1014  0.0893  1.0000 -0.0056  0.0323  0.1272  0.0076   0.0792   0.0308   0.2538   0.0178   0.0451   0.0099 -5.0774e-03   0.1623   0.0484   0.0014   0.0364   0.0020   0.0060   0.0120   0.0286  -0.0043   0.2179   0.0005   0.0110  -0.0040   0.0936   0.0142   0.0118  -0.0041   0.0134   0.0068   0.0155  -0.0015   0.1347  -0.0059   0.0681  8.1742e-02  -0.0038   0.0020   0.3075   0.2061   0.0155  -0.0019   0.0057   0.0416   0.0703
SIM6L2   0.0228  0.0560  0.0825  0.0016  0.0475 -0.0056  1.0000  0.0005  0.0771  0.0025   0.0272   0.0260   0.0119   0.0126  -0.0035   0.0494  2.4136e-02  -0.0018  -0.0066   0.0260   0.0339   0.0032   0.0120   0.0615  -0.0004   0.0018   0.0183   0.0083   0.0253   0.0180   0.0482   0.0044  -0.0023   0.0029  -0.0014   0.0590   0.0366  -0.0096   0.0442  -0.0065   0.0303 -1.3503e-02  -0.0099   0.0164   0.0047   0.0453   0.0151   0.0573   0.0077   0.0250   0.0141
SIM7L2   0.0597  0.0556  0.0363  0.0625  0.0328  0.0323  0.0005  1.0000  0.0568  0.0043   0.0890   0.1393   0.0526   0.0411   0.0092   0.0322  4.4104e-02   0.0020   0.0056   0.0016   0.0493   0.0022   0.0061   0.0127   0.1538   0.0172   0.0194   0.0110   0.0597  -0.0108   0.0477   0.2245   0.0372  -0.0079  -0.0131   0.1051   0.0662  -0.0089   0.0462   0.0009   0.0100  1.6473e-02   0.0046   0.0135   0.0406   0.0256   0.0153  -0.0010   0.0425   0.0093   0.0365
SIM8L2   0.0872  0.0597  0.0820  0.0545  0.1121  0.1272  0.0771  0.0568  1.0000  0.0587   0.1007   0.1190   0.0923   0.0537   0.0429   0.0887  6.6813e-02   0.0280   0.0082   0.0048   0.0967   0.0054   0.0039   0.1054   0.0199   0.0173   0.0934  -0.0054   0.0175   0.0321   0.0930   0.0179   0.0603   0.0300   0.0239   0.0184   0.0799   0.0093   0.1735  -0.0099   0.0451  6.6221e-02   0.0280   0.0278   0.0685   0.1459   0.0364   0.0232  -0.0021   0.0503   0.1168
SIM9L2   0.0277 -0.0045  0.0582  0.1310  0.0061  0.0076  0.0025  0.0043  0.0587  1.0000   0.0062   0.0052   0.0241   0.0347   0.0007  -0.0078  6.0946e-02   0.0005   0.0024  -0.0050   0.0685   0.0889   0.0414   0.0392   0.0103   0.0135   0.0433   0.0354  -0.0052   0.0272  -0.0058  -0.0119  -0.0014  -0.0093   0.0496   0.0359   0.0190   0.0636   0.0141   0.0264   0.0120  1.8783e-02  -0.0098   0.0284   0.0101   0.0029   0.0310  -0.0013  -0.0101  -0.0070   0.0074
SIM10L2  0.0472  0.0294  0.0237  0.0821  0.0799  0.0792  0.0272  0.0890  0.1007  0.0062   1.0000   0.1582   0.0736   0.0317   0.0030   0.0018  2.8286e-02   0.0431   0.0161   0.0072   0.0387   0.0807   0.0118   0.0773   0.0041   0.0132   0.0564  -0.0006  -0.0010   0.0299   0.0456   0.1143   0.0068   0.0603   0.0044   0.0222   0.0070  -0.0026   0.1006  -0.0069   0.0609  2.9981e-02   0.0030  -0.0070   0.1396   0.0559   0.0312   0.0511  -0.0029   0.0437   0.0419
SIM11L2  0.0398  0.0788  0.1074  0.0728  0.0701  0.0308  0.0260  0.1393  0.1190  0.0052   0.1582   1.0000   0.0951   0.0775   0.0166   0.0355  6.6870e-02   0.0089   0.0205   0.0169   0.0579   0.0573   0.0516   0.0834   0.1975  -0.0079   0.0378  -0.0014   0.0502   0.0935   0.0780   0.1769   0.0496   0.0209   0.0528   0.1601   0.0059   0.0170   0.0795   0.0144   0.1241  6.9848e-04  -0.0075   0.0137   0.0498   0.0742   0.0352   0.0298  -0.0110   0.0322   0.0354
SIM12L2  0.0440  0.0769 -0.0133  0.1392  0.0687  0.2538  0.0119  0.0526  0.0923  0.0241   0.0736   0.0951   1.0000   0.0363   0.0768   0.0036  3.9800e-03   0.1077   0.0567   0.1245   0.0369   0.0479  -0.0103   0.0081   0.0262   0.0085   0.0808   0.1023   0.0317   0.0628   0.0718   0.0779   0.0829   0.0434  -0.0113   0.0166   0.0205   0.1085   0.1379   0.0016   0.0540  7.3520e-02  -0.0074   0.0195   0.1176   0.1665   0.0195   0.0196   0.0032   0.0615   0.0753
SIM13L2  0.0503  0.0193  0.0645  0.0346  0.0405  0.0178  0.0126  0.0411  0.0537  0.0347   0.0317   0.0775   0.0363   1.0000   0.0197   0.0063  2.5827e-02   0.0491   0.0094   0.0344   0.0013  -0.0068  -0.0019   0.0061   0.0229   0.0147   0.0603   0.0163   0.0996   0.1020   0.0296   0.1006   0.0155   0.0329   0.0229   0.0758   0.0403   0.0377   0.0362   0.0513   0.1096  4.7773e-02   0.0420   0.0395   0.0197   0.0312   0.0398   0.0459   0.0062   0.0435   0.0337
SIM14L2  0.0676  0.0365  0.0002  0.0038  0.0777  0.0451 -0.0035  0.0092  0.0429  0.0007   0.0030   0.0166   0.0768   0.0197   1.0000   0.0561 -2.4620e-03   0.0074   0.0069  -0.0121  -0.0072  -0.0090   0.0161   0.0224   0.0187   0.0425   0.0963  -0.0053   0.0262   0.0023   0.0197   0.0024  -0.0101  -0.0102   0.0299   0.0057   0.0190   0.0157   0.0290  -0.0013   0.0258  7.2860e-02   0.0128  -0.0051   0.0195   0.0676  -0.0118  -0.0017  -0.0095  -0.0058   0.0367
SIM15L2  0.0288  0.0171  0.0096  0.0127 -0.0007  0.0099  0.0494  0.0322  0.0887 -0.0078   0.0018   0.0355   0.0036   0.0063   0.0561   1.0000  5.9763e-02  -0.0060  -0.0015   0.0134   0.0029  -0.0059   0.0107   0.1672   0.0411   0.1932   0.0581   0.0020   0.0538   0.0088   0.0411   0.0156   0.0158  -0.0013   0.0012   0.0450   0.0892  -0.0053   0.0203  -0.0028   0.0030  4.1995e-02  -0.0074   0.0233   0.0448   0.0392   0.0330   0.0374   0.0005   0.0024   0.0230
SIM16L2  0.0294  0.0507  0.0108  0.0683  0.0112 -0.0051  0.0241  0.0441  0.0668  0.0609   0.0283   0.0669   0.0040   0.0258  -0.0025   0.0598  1.0000e+00  -0.0004   0.0736   0.0599   0.0623   0.0775   0.0563   0.0441   0.0611   0.0179  -0.0054   0.1052   0.0163   0.0177   0.1103   0.0079  -0.0003  -0.0025   0.0244   0.0267   0.0560   0.0045   0.0201  -0.0065   0.0542 -3.3042e-05  -0.0045   0.0202   0.0829   0.0653   0.1045   0.0745   0.0040   0.0155   0.0265
SIM17L2  0.0418  0.0885  0.0405  0.0482  0.0635  0.1623 -0.0018  0.0020  0.0280  0.0005   0.0431   0.0089   0.1077   0.0491   0.0074  -0.0060 -3.9750e-04   1.0000   0.0401   0.1077   0.0124   0.0150   0.0525   0.0162   0.0135   0.0556   0.1442   0.0019   0.0346   0.0865   0.0190   0.0032  -0.0038   0.0044   0.0058   0.0222   0.0061   0.0591   0.0456   0.0412   0.0682  5.8243e-02   0.0230  -0.0059   0.1266   0.0414   0.0195   0.0620   0.0356   0.0646   0.0246
SIM18L2  0.0291  0.0029  0.0491  0.0184  0.0027  0.0484 -0.0066  0.0056  0.0082  0.0024   0.0161   0.0205   0.0567   0.0094   0.0069  -0.0015  7.3573e-02   0.0401   1.0000   0.0031   0.0223   0.0415   0.0293  -0.0014   0.0114   0.0326   0.0053  -0.0038  -0.0069   0.0005  -0.0014   0.0133   0.0198   0.0273   0.0120   0.0153   0.0550   0.0318  -0.0054  -0.0101   0.1456  1.2800e-02   0.0149   0.0016   0.0586   0.1021   0.0994   0.0862   0.0373   0.0548   0.0904
SIM19L2  0.0381  0.0937  0.0377  0.1741  0.0532  0.0014  0.0260  0.0016  0.0048 -0.0050   0.0072   0.0169   0.1245   0.0344  -0.0121   0.0134  5.9938e-02   0.1077   0.0031   1.0000   0.0192   0.0233   0.0257   0.0099   0.0026   0.0423   0.0036   0.1140  -0.0080   0.0879   0.0017   0.0424   0.0951   0.0436  -0.0004   0.0122   0.0033   0.1182   0.0244   0.0541   0.0111  2.7196e-02   0.0192   0.0117   0.0795  -0.0125   0.0052   0.1063   0.0124   0.0123   0.0468
SIM20L2  0.0557  0.0459  0.0534  0.1529  0.0637  0.0364  0.0339  0.0493  0.0967  0.0685   0.0387   0.0579   0.0369   0.0013  -0.0072   0.0029  6.2289e-02   0.0124   0.0223   0.0192   1.0000   0.1180  -0.0020   0.0161  -0.0110  -0.0061   0.0449  -0.0061  -0.0074   0.0026   0.0181   0.0334   0.0125   0.0177   0.0146   0.0446   0.0414   0.0083   0.0417   0.0102   0.0094  3.2343e-03   0.0103   0.0946   0.0339   0.0107   0.0304  -0.0052   0.0585   0.0585   0.0104
SIM21L2  0.0500 -0.0024  0.0558  0.1488  0.0105  0.0020  0.0032  0.0022  0.0054  0.0889   0.0807   0.0573   0.0479  -0.0068  -0.0090  -0.0059  7.7497e-02   0.0150   0.0415   0.0233   0.1180   1.0000  -0.0015  -0.0032   0.0114   0.0265  -0.0080   0.0084  -0.0051  -0.0005   0.0020   0.0563   0.0241  -0.0033   0.0013  -0.0095  -0.0078  -0.0063  -0.0066   0.0115  -0.0089 -7.3358e-03   0.0018   0.0342   0.0243  -0.0013   0.0031   0.0182  -0.0045   0.0100   0.0419
SIM22L2  0.0279 -0.0084  0.0186 -0.0038  0.0146  0.0060  0.0120  0.0061  0.0039  0.0414   0.0118   0.0516  -0.0103  -0.0019   0.0161   0.0107  5.6291e-02   0.0525   0.0293   0.0257  -0.0020  -0.0015   1.0000   0.0783   0.0436  -0.0079  -0.0066   0.0098   0.0332   0.0859  -0.0036   0.0217   0.0008  -0.0100   0.0821   0.0181  -0.0038  -0.0034   0.0625   0.0003   0.0185  3.9806e-02   0.1945   0.0044   0.0726   0.0329   0.0205   0.0125  -0.0043  -0.0080   0.0826
SIM23L2  0.0171  0.0370  0.0297  0.0486  0.0592  0.0120  0.0615  0.0127  0.1054  0.0392   0.0773   0.0834   0.0081   0.0061   0.0224   0.1672  4.4050e-02   0.0162  -0.0014   0.0099   0.0161  -0.0032   0.0783   1.0000   0.0041   0.1364   0.0119  -0.0032   0.0106   0.0694   0.0437  -0.0034   0.0638   0.0958   0.0730   0.0463   0.0094  -0.0090   0.0347  -0.0014   0.0642 -8.3370e-03   0.0804   0.0590   0.0241   0.0339   0.0441   0.1335   0.0180   0.0966   0.0979
SIM24L2  0.0306  0.0490 -0.0059  0.0677 -0.0108  0.0286 -0.0004  0.1538  0.0199  0.0103   0.0041   0.1975   0.0262   0.0229   0.0187   0.0411  6.1117e-02   0.0135   0.0114   0.0026  -0.0110   0.0114   0.0436   0.0041   1.0000  -0.0060  -0.0015   0.0543   0.0221  -0.0056   0.0362   0.1547  -0.0053  -0.0070   0.0381   0.1415   0.0049   0.0009   0.0050  -0.0069  -0.0021 -1.2016e-03   0.0482   0.0121   0.0259  -0.0060  -0.0022   0.0354   0.0132  -0.0046  -0.0086
SIM25L2  0.0561  0.0295  0.0235  0.0021  0.0315 -0.0043  0.0018  0.0172  0.0173  0.0135   0.0132  -0.0079   0.0085   0.0147   0.0425   0.1932  1.7907e-02   0.0556   0.0326   0.0423  -0.0061   0.0265  -0.0079   0.1364  -0.0060   1.0000   0.0885   0.0350  -0.0110   0.0121   0.0438  -0.0076   0.0004   0.0130  -0.0087   0.0107   0.0806   0.0042  -0.0037   0.0609   0.0497  4.7505e-02   0.0792   0.0022   0.0067  -0.0104   0.0272   0.0511   0.0194   0.0630   0.0259
SIM26L2  0.0540  0.0273  0.0343  0.0504  0.1307  0.2179  0.0183  0.0194  0.0934  0.0433   0.0564   0.0378   0.0808   0.0603   0.0963   0.0581 -5.3803e-03   0.1442   0.0053   0.0036   0.0449  -0.0080  -0.0066   0.0119  -0.0015   0.0885   1.0000   0.0003   0.0041   0.0072   0.0232   0.0376  -0.0045   0.0059   0.0536   0.0529   0.0698   0.0953   0.1081  -0.0093   0.0904  1.0036e-01   0.0173   0.0187   0.1440   0.1629   0.0289   0.0162   0.0178   0.0729   0.0949
SIM27L2  0.0196 -0.0047 -0.0079  0.1689 -0.0016  0.0005  0.0083  0.0110 -0.0054  0.0354  -0.0006  -0.0014   0.1023   0.0163  -0.0053   0.0020  1.0518e-01   0.0019  -0.0038   0.1140  -0.0061   0.0084   0.0098  -0.0032   0.0543   0.0350   0.0003   1.0000  -0.0096  -0.0095   0.0296  -0.0047   0.1100  -0.0011  -0.0073  -0.0052   0.0086   0.0910   0.0008  -0.0085  -0.0009 -8.5436e-03   0.0193   0.0277   0.0285  -0.0064   0.0146   0.0514  -0.0039  -0.0030  -0.0111
SIM28L2  0.0372  0.0393  0.0581  0.0498  0.0223  0.0110  0.0253  0.0597  0.0175 -0.0052  -0.0010   0.0502   0.0317   0.0996   0.0262   0.0538  1.6342e-02   0.0346  -0.0069  -0.0080  -0.0074  -0.0051   0.0332   0.0106   0.0221  -0.0110   0.0041  -0.0096   1.0000  -0.0099   0.0020   0.1057  -0.0078   0.0003  -0.0061   0.0968   0.0295  -0.0107   0.0303  -0.0106   0.0685  9.8355e-03   0.0399   0.0606   0.0264   0.0092  -0.0111  -0.0057   0.0044  -0.0018   0.0273
SIM29L2  0.0297  0.0955  0.0652 -0.0011  0.0248 -0.0040  0.0180 -0.0108  0.0321  0.0272   0.0299   0.0935   0.0628   0.1020   0.0023   0.0088  1.7663e-02   0.0865   0.0005   0.0879   0.0026  -0.0005   0.0859   0.0694  -0.0056   0.0121   0.0072  -0.0095  -0.0099   1.0000   0.0365   0.0244  -0.0092   0.0345   0.0407   0.0341   0.0006   0.0302   0.0006   0.0713   0.0590  4.3059e-02   0.0167   0.0823   0.0146   0.0010   0.0301   0.0493   0.0057   0.0104   0.0558
SIM30L2  0.0354  0.0782  0.0032  0.0614  0.0610  0.0936  0.0482  0.0477  0.0930 -0.0058   0.0456   0.0780   0.0718   0.0296   0.0197   0.0411  1.1035e-01   0.0190  -0.0014   0.0017   0.0181   0.0020  -0.0036   0.0437   0.0362   0.0438   0.0232   0.0296   0.0020   0.0365   1.0000   0.0008  -0.0035  -0.0082   0.0231   0.0552   0.0575   0.0068   0.0855   0.0385   0.0424  3.4725e-02  -0.0067   0.0183   0.1506   0.0481   0.0249   0.0754   0.0336   0.0036   0.0202
SIM31L2  0.0574  0.0567  0.0296  0.0477  0.0463  0.0142  0.0044  0.2245  0.0179 -0.0119   0.1143   0.1769   0.0779   0.1006   0.0024   0.0156  7.8716e-03   0.0032   0.0133   0.0424   0.0334   0.0563   0.0217  -0.0034   0.1547  -0.0076   0.0376  -0.0047   0.1057   0.0244   0.0008   1.0000   0.0354  -0.0022   0.0165   0.1253   0.0616   0.0097   0.0502   0.0348   0.0233  2.7906e-02   0.0264   0.0016   0.0625   0.0335   0.0227   0.0083  -0.0075   0.0331   0.0382
SIM32L2  0.0421  0.0212  0.0366  0.1215  0.0441  0.0118 -0.0023  0.0372  0.0603 -0.0014   0.0068   0.0496   0.0829   0.0155  -0.0101   0.0158 -3.1148e-04  -0.0038   0.0198   0.0951   0.0125   0.0241   0.0008   0.0638  -0.0053   0.0004  -0.0045   0.1100  -0.0078  -0.0092  -0.0035   0.0354   1.0000   0.0287  -0.0071   0.0165  -0.0055   0.0869   0.0272   0.0300   0.0480  1.1942e-01  -0.0088   0.0254   0.0090   0.0230   0.0813  -0.0052   0.0062   0.0131   0.0051
SIM33L2  0.0355  0.0867  0.0217 -0.0003  0.0495 -0.0041  0.0029 -0.0079  0.0300 -0.0093   0.0603   0.0209   0.0434   0.0329  -0.0102  -0.0013 -2.4793e-03   0.0044   0.0273   0.0436   0.0177  -0.0033  -0.0100   0.0958  -0.0070   0.0130   0.0059  -0.0011   0.0003   0.0345  -0.0082  -0.0022   0.0287   1.0000   0.0548   0.0343   0.0075   0.0138   0.0034   0.0032   0.0681  1.0194e-03   0.0571   0.0608   0.0266   0.0004   0.0065   0.0477   0.0611   0.0780   0.0426
SIM34L2  0.0393  0.0780  0.1156 -0.0091  0.0297  0.0134 -0.0014 -0.0131  0.0239  0.0496   0.0044   0.0528  -0.0113   0.0229   0.0299   0.0012  2.4368e-02   0.0058   0.0120  -0.0004   0.0146   0.0013   0.0821   0.0730   0.0381  -0.0087   0.0536  -0.0073  -0.0061   0.0407   0.0231   0.0165  -0.0071   0.0548   1.0000   0.0333   0.0042   0.0600  -0.0086  -0.0089   0.0413  4.7962e-02   0.0769   0.0595  -0.0050   0.0516  -0.0085   0.0307   0.0709   0.0383   0.0562
SIM35L2  0.0473  0.0639  0.0336  0.0153  0.0227  0.0068  0.0590  0.1051  0.0184  0.0359   0.0222   0.1601   0.0166   0.0758   0.0057   0.0450  2.6736e-02   0.0222   0.0153   0.0122   0.0446  -0.0095   0.0181   0.0463   0.1415   0.0107   0.0529  -0.0052   0.0968   0.0341   0.0552   0.1253   0.0165   0.0343   0.0333   1.0000   0.0825   0.0285   0.0497   0.0091   0.0201  2.0948e-02   0.0036   0.0897   0.0484   0.0377   0.0401   0.0317   0.0180   0.0179   0.0501
SIM36L2  0.0519  0.0715  0.0602  0.0402  0.0050  0.0155  0.0366  0.0662  0.0799  0.0190   0.0070   0.0059   0.0205   0.0403   0.0190   0.0892  5.6031e-02   0.0061   0.0550   0.0033   0.0414  -0.0078  -0.0038   0.0094   0.0049   0.0806   0.0698   0.0086   0.0295   0.0006   0.0575   0.0616  -0.0055   0.0075   0.0042   0.0825   1.0000   0.0013   0.0105   0.0140   0.1353  6.7101e-02   0.0158   0.0523   0.0105   0.1005   0.1968   0.1283   0.0098   0.0816   0.0566
SIM37L2  0.0251  0.0436  0.0589  0.0885  0.0217 -0.0015 -0.0096 -0.0089  0.0093  0.0636  -0.0026   0.0170   0.1085   0.0377   0.0157  -0.0053  4.4566e-03   0.0591   0.0318   0.1182   0.0083  -0.0063  -0.0034  -0.0090   0.0009   0.0042   0.0953   0.0910  -0.0107   0.0302   0.0068   0.0097   0.0869   0.0138   0.0600   0.0285   0.0013   1.0000  -0.0101  -0.0074   0.0179  2.3129e-02   0.0269   0.0195   0.0266   0.0154   0.0027   0.0241   0.0032   0.0021   0.0013
SIM38L2  0.0575  0.0398  0.0398  0.0812  0.1372  0.1347  0.0442  0.0462  0.1735  0.0141   0.1006   0.0795   0.1379   0.0362   0.0290   0.0203  2.0060e-02   0.0456  -0.0054   0.0244   0.0417  -0.0066   0.0625   0.0347   0.0050  -0.0037   0.1081   0.0008   0.0303   0.0006   0.0855   0.0502   0.0272   0.0034  -0.0086   0.0497   0.0105  -0.0101   1.0000   0.0021   0.0655  5.4113e-02   0.0296   0.0084   0.1342   0.0905   0.0113   0.0188  -0.0053   0.0241   0.0870
SIM39L2  0.0508  0.0157  0.0447  0.0024 -0.0108 -0.0059 -0.0065  0.0009 -0.0099  0.0264  -0.0069   0.0144   0.0016   0.0513  -0.0013  -0.0028 -6.5042e-03   0.0412  -0.0101   0.0541   0.0102   0.0115   0.0003  -0.0014  -0.0069   0.0609  -0.0093  -0.0085  -0.0106   0.0713   0.0385   0.0348   0.0300   0.0032  -0.0089   0.0091   0.0140  -0.0074   0.0021   1.0000   0.0065  2.9155e-02   0.0045   0.0334  -0.0055   0.0474   0.0248   0.0091  -0.0009  -0.0004   0.0121
SIM40L2  0.0292  0.0056  0.0639  0.0799  0.0906  0.0681  0.0303  0.0100  0.0451  0.0120   0.0609   0.1241   0.0540   0.1096   0.0258   0.0030  5.4186e-02   0.0682   0.1456   0.0111   0.0094  -0.0089   0.0185   0.0642  -0.0021   0.0497   0.0904  -0.0009   0.0685   0.0590   0.0424   0.0233   0.0480   0.0681   0.0413   0.0201   0.1353   0.0179   0.0655   0.0065   1.0000  9.4563e-02   0.0763   0.0425   0.0568   0.0928   0.2236   0.1534  -0.0064   0.1058   0.0703
SIM41L2  0.0767  0.0891  0.0036  0.0665  0.0955  0.0817 -0.0135  0.0165  0.0662  0.0188   0.0300   0.0007   0.0735   0.0478   0.0729   0.0420 -3.3042e-05   0.0582   0.0128   0.0272   0.0032  -0.0073   0.0398  -0.0083  -0.0012   0.0475   0.1004  -0.0085   0.0098   0.0431   0.0347   0.0279   0.1194   0.0010   0.0480   0.0209   0.0671   0.0231   0.0541   0.0292   0.0946  1.0000e+00   0.0155   0.0212   0.0713   0.1391   0.1202   0.0339   0.0244   0.0857   0.0953
SIM42L2  0.0401  0.0052 -0.0055  0.0392  0.0159 -0.0038 -0.0099  0.0046  0.0280 -0.0098   0.0030  -0.0075  -0.0074   0.0420   0.0128  -0.0074 -4.4616e-03   0.0230   0.0149   0.0192   0.0103   0.0018   0.1945   0.0804   0.0482   0.0792   0.0173   0.0193   0.0399   0.0167  -0.0067   0.0264  -0.0088   0.0571   0.0769   0.0036   0.0158   0.0269   0.0296   0.0045   0.0763  1.5455e-02   1.0000   0.0586   0.0316   0.0074  -0.0037   0.0488  -0.0075   0.0403   0.1668
SIM43L2  0.0570  0.0493  0.0224  0.0241  0.0302  0.0020  0.0164  0.0135  0.0278  0.0284  -0.0070   0.0137   0.0195   0.0395  -0.0051   0.0233  2.0197e-02  -0.0059   0.0016   0.0117   0.0946   0.0342   0.0044   0.0590   0.0121   0.0022   0.0187   0.0277   0.0606   0.0823   0.0183   0.0016   0.0254   0.0608   0.0595   0.0897   0.0523   0.0195   0.0084   0.0334   0.0425  2.1201e-02   0.0586   1.0000   0.0274   0.0581   0.0525   0.0672   0.0145   0.0744   0.0711
SIM44L2  0.0465  0.0103  0.0202  0.0679  0.0622  0.3075  0.0047  0.0406  0.0685  0.0101   0.1396   0.0498   0.1176   0.0197   0.0195   0.0448  8.2927e-02   0.1266   0.0586   0.0795   0.0339   0.0243   0.0726   0.0241   0.0259   0.0067   0.1440   0.0285   0.0264   0.0146   0.1506   0.0625   0.0090   0.0266  -0.0050   0.0484   0.0105   0.0266   0.1342  -0.0055   0.0568  7.1258e-02   0.0316   0.0274   1.0000   0.1027   0.0187   0.0566   0.0189   0.0280   0.0234
SIM45L2  0.0717  0.0897  0.0462  0.0663  0.1143  0.2061  0.0453  0.0256  0.1459  0.0029   0.0559   0.0742   0.1665   0.0312   0.0676   0.0392  6.5328e-02   0.0414   0.1021  -0.0125   0.0107  -0.0013   0.0329   0.0339  -0.0060  -0.0104   0.1629  -0.0064   0.0092   0.0010   0.0481   0.0335   0.0230   0.0004   0.0516   0.0377   0.1005   0.0154   0.0905   0.0474   0.0928  1.3908e-01   0.0074   0.0581   0.1027   1.0000   0.0349   0.0685   0.0048   0.0796   0.1984
SIM46L2  0.0363  0.1436  0.0831  0.0264  0.0102  0.0155  0.0151  0.0153  0.0364  0.0310   0.0312   0.0352   0.0195   0.0398  -0.0118   0.0330  1.0449e-01   0.0195   0.0994   0.0052   0.0304   0.0031   0.0205   0.0441  -0.0022   0.0272   0.0289   0.0146  -0.0111   0.0301   0.0249   0.0227   0.0813   0.0065  -0.0085   0.0401   0.1968   0.0027   0.0113   0.0248   0.2236  1.2021e-01  -0.0037   0.0525   0.0187   0.0349   1.0000   0.1387   0.0431   0.0977   0.0391
SIM47L2  0.0463  0.0601  0.0730  0.0346  0.0280 -0.0019  0.0573 -0.0010  0.0232 -0.0013   0.0511   0.0298   0.0196   0.0459  -0.0017   0.0374  7.4494e-02   0.0620   0.0862   0.1063  -0.0052   0.0182   0.0125   0.1335   0.0354   0.0511   0.0162   0.0514  -0.0057   0.0493   0.0754   0.0083  -0.0052   0.0477   0.0307   0.0317   0.1283   0.0241   0.0188   0.0091   0.1534  3.3878e-02   0.0488   0.0672   0.0566   0.0685   0.1387   1.0000   0.0209   0.1034   0.0656
SIM48L2  0.0684  0.0005  0.0769 -0.0098  0.0093  0.0057  0.0077  0.0425 -0.0021 -0.0101  -0.0029  -0.0110   0.0032   0.0062  -0.0095   0.0005  4.0170e-03   0.0356   0.0373   0.0124   0.0585  -0.0045  -0.0043   0.0180   0.0132   0.0194   0.0178  -0.0039   0.0044   0.0057   0.0336  -0.0075   0.0062   0.0611   0.0709   0.0180   0.0098   0.0032  -0.0053  -0.0009  -0.0064  2.4351e-02  -0.0075   0.0145   0.0189   0.0048   0.0431   0.0209   1.0000   0.0475   0.0033
SIM49L2  0.0444  0.1321  0.0201  0.0355  0.0619  0.0416  0.0250  0.0093  0.0503 -0.0070   0.0437   0.0322   0.0615   0.0435  -0.0058   0.0024  1.5512e-02   0.0646   0.0548   0.0123   0.0585   0.0100  -0.0080   0.0966  -0.0046   0.0630   0.0729  -0.0030  -0.0018   0.0104   0.0036   0.0331   0.0131   0.0780   0.0383   0.0179   0.0816   0.0021   0.0241  -0.0004   0.1058  8.5688e-02   0.0403   0.0744   0.0280   0.0796   0.0977   0.1034   0.0475   1.0000   0.1077
SIM50L2  0.0774  0.0616  0.1151  0.0173  0.1012  0.0703  0.0141  0.0365  0.1168  0.0074   0.0419   0.0354   0.0753   0.0337   0.0367   0.0230  2.6505e-02   0.0246   0.0904   0.0468   0.0104   0.0419   0.0826   0.0979  -0.0086   0.0259   0.0949  -0.0111   0.0273   0.0558   0.0202   0.0382   0.0051   0.0426   0.0562   0.0501   0.0566   0.0013   0.0870   0.0121   0.0703  9.5259e-02   0.1668   0.0711   0.0234   0.1984   0.0391   0.0656   0.0033   0.1077   1.0000

LD Score Matrix Condition Number
2.6625

Annotation Correlation Matrix
             SIM1        SIM2        SIM3        SIM4        SIM5        SIM6        SIM7        SIM8        SIM9       SIM10       SIM11       SIM12       SIM13       SIM14       SIM15       SIM16       SIM17       SIM18       SIM19       SIM20       SIM21       SIM22       SIM23       SIM24       SIM25       SIM26       SIM27       SIM28       SIM29       SIM30       SIM31       SIM32       SIM33       SIM34       SIM35       SIM36       SIM37       SIM38       SIM39       SIM40       SIM41       SIM42       SIM43       SIM44       SIM45       SIM46       SIM47       SIM48       SIM49       SIM50
SIM1   1.0000e+00 -9.9353e-05 -1.0768e-04 -9.8561e-05 -9.7763e-05 -9.6958e-05 -1.0246e-04  1.4833e-02 -1.0398e-04  2.7697e-02 -1.0092e-04 -1.0169e-04 -1.0473e-04 -9.9353e-05 -9.8561e-05 -8.9391e-05 -9.8561e-05 -1.0547e-04 -1.0768e-04 -1.0014e-04 -1.0246e-04 -1.0547e-04 -1.0984e-04 -9.8561e-05  1.4950e-02 -9.9353e-05 -9.9353e-05 -9.4503e-05 -1.0246e-04 -1.0398e-04 -9.7763e-05 -9.8561e-05 -1.0398e-04 -1.0473e-04 -1.0840e-04 -1.0014e-04 -1.0398e-04 -9.9353e-05 -1.0768e-04 -1.0092e-04 -9.6958e-05 -1.0014e-04 -1.1055e-04 -1.0840e-04 -1.1055e-04  1.4183e-02 -1.0621e-04 -1.0473e-04 -1.0014e-04 -9.8561e-05
SIM2  -9.9353e-05  1.0000e+00 -1.0289e-04 -9.4178e-05 -9.3415e-05  1.6174e-02  1.5296e-02 -9.6430e-05 -9.9353e-05 -1.0358e-04 -9.6430e-05  1.5412e-02 -1.0007e-04 -9.4935e-05 -9.4178e-05 -8.5415e-05 -9.4178e-05 -1.0078e-04 -1.0289e-04 -9.5685e-05  1.5296e-02 -1.0078e-04 -1.0496e-04 -9.4178e-05  1.5654e-02 -9.4935e-05 -9.4935e-05 -9.0300e-05 -9.7902e-05 -9.9353e-05 -9.3415e-05 -9.4178e-05 -9.9353e-05 -1.0007e-04 -1.0358e-04 -9.5685e-05  1.5069e-02 -9.4935e-05 -1.0289e-04  1.5532e-02 -9.2646e-05 -9.5685e-05 -1.0563e-04 -1.0358e-04 -1.0563e-04 -1.0078e-04  1.4748e-02 -1.0007e-04 -9.5685e-05 -9.4178e-05
SIM3  -1.0768e-04 -1.0289e-04  1.0000e+00 -1.0207e-04 -1.0124e-04  1.4909e-02 -1.0611e-04 -1.0451e-04 -1.0768e-04 -1.1226e-04 -1.0451e-04 -1.0531e-04 -1.0846e-04 -1.0289e-04 -1.0207e-04 -9.2573e-05 -1.0207e-04  1.3688e-02  1.3404e-02  1.4429e-02 -1.0611e-04 -1.0923e-04 -1.1375e-04 -1.0207e-04 -1.0370e-04 -1.0289e-04 -1.0289e-04 -9.7868e-05 -1.0611e-04 -1.0768e-04 -1.0124e-04 -1.0207e-04  1.3888e-02 -1.0846e-04  1.3312e-02 -1.0370e-04 -1.0768e-04 -1.0289e-04 -1.1151e-04 -1.0451e-04 -1.0041e-04 -1.0370e-04 -1.1449e-04 -1.1226e-04 -1.1449e-04  1.3688e-02 -1.0999e-04 -1.0846e-04 -1.0370e-04 -1.0207e-04
SIM4  -9.8561e-05 -9.4178e-05 -1.0207e-04  1.0000e+00 -9.2671e-05 -9.1908e-05 -9.7122e-05 -9.5661e-05 -9.8561e-05 -1.0276e-04 -9.5661e-05 -9.6395e-05 -9.9273e-05 -9.4178e-05 -9.3428e-05 -8.4735e-05 -9.3428e-05 -9.9980e-05  1.4663e-02 -9.4923e-05 -9.7122e-05 -9.9980e-05 -1.0412e-04 -9.3428e-05 -9.4923e-05 -9.4178e-05 -9.4178e-05 -8.9581e-05 -9.7122e-05 -9.8561e-05 -9.2671e-05 -9.3428e-05 -9.8561e-05 -9.9273e-05 -1.0276e-04 -9.4923e-05 -9.8561e-05 -9.4178e-05 -1.0207e-04 -9.5661e-05 -9.1908e-05 -9.4923e-05 -1.0479e-04 -1.0276e-04 -1.0479e-04 -9.9980e-05 -1.0068e-04 -9.9273e-05 -9.4923e-05 -9.3428e-05
SIM5  -9.7763e-05 -9.3415e-05 -1.0124e-04 -9.2671e-05  1.0000e+00 -9.1164e-05 -9.6336e-05 -9.4887e-05 -9.7763e-05  1.4684e-02 -9.4887e-05 -9.5614e-05 -9.8469e-05 -9.3415e-05 -9.2671e-05 -8.4048e-05 -9.2671e-05 -9.9170e-05  1.4784e-02 -9.4154e-05 -9.6336e-05 -9.9170e-05 -1.0328e-04 -9.2671e-05 -9.4154e-05 -9.3415e-05 -9.3415e-05 -8.8855e-05 -9.6336e-05 -9.7763e-05 -9.1920e-05 -9.2671e-05 -9.7763e-05 -9.8469e-05 -1.0193e-04 -9.4154e-05 -9.7763e-05 -9.3415e-05 -1.0124e-04 -9.4887e-05 -9.1164e-05 -9.4154e-05 -1.0394e-04 -1.0193e-04  1.4395e-02 -9.9170e-05 -9.9866e-05 -9.8469e-05  1.5912e-02 -9.2671e-05
SIM6  -9.6958e-05  1.6174e-02  1.4909e-02 -9.1908e-05 -9.1164e-05  1.0000e+00 -9.5543e-05 -9.4106e-05 -9.6958e-05 -1.0109e-04 -9.4106e-05 -9.4827e-05 -9.7658e-05 -9.2646e-05 -9.1908e-05 -8.3357e-05 -9.1908e-05 -9.8354e-05 -1.0041e-04 -9.3379e-05 -9.5543e-05 -9.8354e-05 -1.0243e-04 -9.1908e-05 -9.3379e-05 -9.2646e-05 -9.2646e-05 -8.8124e-05 -9.5543e-05 -9.6958e-05 -9.1164e-05 -9.1908e-05 -9.6958e-05 -9.7658e-05 -1.0109e-04 -9.3379e-05 -9.6958e-05 -9.2646e-05 -1.0041e-04 -9.4106e-05 -9.0413e-05 -9.3379e-05 -1.0309e-04 -1.0109e-04 -1.0309e-04 -9.8354e-05 -9.9044e-05 -9.7658e-05  1.6046e-02 -9.1908e-05
SIM7  -1.0246e-04  1.5296e-02 -1.0611e-04 -9.7122e-05 -9.6336e-05 -9.5543e-05  1.0000e+00 -9.9444e-05 -1.0246e-04  1.4002e-02 -9.9444e-05 -1.0021e-04 -1.0320e-04 -9.7902e-05 -9.7122e-05 -8.8085e-05 -9.7122e-05 -1.0393e-04 -1.0611e-04 -9.8676e-05 -1.0096e-04 -1.0393e-04 -1.0824e-04 -9.7122e-05 -9.8676e-05 -9.7902e-05 -9.7902e-05 -9.3123e-05 -1.0096e-04 -1.0246e-04 -9.6336e-05 -9.7122e-05 -1.0246e-04 -1.0320e-04 -1.0682e-04 -9.8676e-05 -1.0246e-04 -9.7902e-05 -1.0611e-04 -9.9444e-05 -9.5543e-05  1.5174e-02 -1.0894e-04 -1.0682e-04 -1.0894e-04 -1.0393e-04 -1.0466e-04 -1.0320e-04 -9.8676e-05 -9.7122e-05
SIM8   1.4833e-02 -9.6430e-05 -1.0451e-04 -9.5661e-05 -9.4887e-05 -9.4106e-05 -9.9444e-05  1.0000e+00 -1.0092e-04 -1.0521e-04 -9.7949e-05 -9.8699e-05 -1.0165e-04 -9.6430e-05 -9.5661e-05 -8.6761e-05 -9.5661e-05 -1.0237e-04 -1.0451e-04 -9.7192e-05 -9.9444e-05 -1.0237e-04 -1.0661e-04 -9.5661e-05 -9.7192e-05  1.5532e-02 -9.6430e-05 -9.1723e-05 -9.9444e-05  1.4833e-02 -9.4887e-05 -9.5661e-05 -1.0092e-04 -1.0165e-04 -1.0521e-04 -9.7192e-05 -1.0092e-04 -9.6430e-05 -1.0451e-04 -9.7949e-05 -9.4106e-05 -9.7192e-05 -1.0730e-04 -1.0521e-04 -1.0730e-04 -1.0237e-04 -1.0309e-04 -1.0165e-04 -9.7192e-05 -9.5661e-05
SIM9  -1.0398e-04 -9.9353e-05 -1.0768e-04 -9.8561e-05 -9.7763e-05 -9.6958e-05 -1.0246e-04 -1.0092e-04  1.0000e+00 -1.0840e-04 -1.0092e-04 -1.0169e-04 -1.0473e-04 -9.9353e-05 -9.8561e-05 -8.9391e-05 -9.8561e-05 -1.0547e-04 -1.0768e-04 -1.0014e-04 -1.0246e-04 -1.0547e-04 -1.0984e-04 -9.8561e-05 -1.0014e-04 -9.9353e-05 -9.9353e-05 -9.4503e-05 -1.0246e-04 -1.0398e-04 -9.7763e-05  1.5192e-02 -1.0398e-04 -1.0473e-04 -1.0840e-04 -1.0014e-04 -1.0398e-04 -9.9353e-05 -1.0768e-04 -1.0092e-04 -9.6958e-05 -1.0014e-04 -1.1055e-04 -1.0840e-04 -1.1055e-04  1.4183e-02 -1.0621e-04 -1.0473e-04 -1.0014e-04 -9.8561e-05
SIM10  2.7697e-02 -1.0358e-04 -1.1226e-04 -1.0276e-04  1.4684e-02 -1.0109e-04  1.4002e-02 -1.0521e-04 -1.0840e-04  1.0000e+00 -1.0521e-04 -1.0602e-04 -1.0919e-04 -1.0358e-04 -1.0276e-04 -9.3196e-05  1.4563e-02 -1.0996e-04 -1.1226e-04 -1.0440e-04  1.4002e-02 -1.0996e-04  1.3046e-02 -1.0276e-04  1.4331e-02 -1.0358e-04 -1.0358e-04 -9.8527e-05 -1.0682e-04  2.7697e-02 -1.0193e-04 -1.0276e-04 -1.0840e-04 -1.0919e-04  1.3222e-02 -1.0440e-04  1.3794e-02 -1.0358e-04 -1.1226e-04 -1.0521e-04 -1.0109e-04 -1.0440e-04 -1.1526e-04 -1.1302e-04  1.2961e-02  1.3595e-02 -1.1074e-04 -1.0919e-04 -1.0440e-04 -1.0276e-04
SIM11 -1.0092e-04 -9.6430e-05 -1.0451e-04 -9.5661e-05 -9.4887e-05 -9.4106e-05 -9.9444e-05 -9.7949e-05 -1.0092e-04 -1.0521e-04  1.0000e+00 -9.8699e-05 -1.0165e-04 -9.6430e-05 -9.5661e-05 -8.6761e-05 -9.5661e-05 -1.0237e-04 -1.0451e-04 -9.7192e-05 -9.9444e-05 -1.0237e-04 -1.0661e-04 -9.5661e-05 -9.7192e-05 -9.6430e-05 -9.6430e-05  1.6339e-02 -9.9444e-05 -1.0092e-04 -9.4887e-05 -9.5661e-05 -1.0092e-04 -1.0165e-04 -1.0521e-04 -9.7192e-05 -1.0092e-04 -9.6430e-05 -1.0451e-04  1.5288e-02 -9.4106e-05 -9.7192e-05  1.3938e-02 -1.0521e-04 -1.0730e-04  1.4619e-02 -1.0309e-04 -1.0165e-04  1.5409e-02 -9.5661e-05
SIM12 -1.0169e-04  1.5412e-02 -1.0531e-04 -9.6395e-05 -9.5614e-05 -9.4827e-05 -1.0021e-04 -9.8699e-05 -1.0169e-04 -1.0602e-04 -9.8699e-05  1.0000e+00 -1.0243e-04 -9.7169e-05 -9.6395e-05 -8.7425e-05 -9.6395e-05  1.4507e-02  1.4205e-02 -9.7937e-05 -1.0021e-04 -1.0315e-04 -1.0743e-04 -9.6395e-05 -9.7937e-05 -9.7169e-05 -9.7169e-05 -9.2426e-05 -1.0021e-04 -1.0169e-04 -9.5614e-05 -9.6395e-05 -1.0169e-04 -1.0243e-04 -1.0602e-04 -9.7937e-05 -1.0169e-04 -9.7169e-05 -1.0531e-04 -9.8699e-05  1.5798e-02 -9.7937e-05  1.3831e-02 -1.0602e-04 -1.0812e-04 -1.0315e-04 -1.0388e-04 -1.0243e-04 -9.7937e-05 -9.6395e-05
SIM13 -1.0473e-04 -1.0007e-04 -1.0846e-04 -9.9273e-05 -9.8469e-05 -9.7658e-05 -1.0320e-04 -1.0165e-04 -1.0473e-04 -1.0919e-04 -1.0165e-04 -1.0243e-04  1.0000e+00 -1.0007e-04 -9.9273e-05 -9.0036e-05 -9.9273e-05 -1.0623e-04 -1.0846e-04 -1.0086e-04 -1.0320e-04 -1.0623e-04 -1.1063e-04 -9.9273e-05 -1.0086e-04 -1.0007e-04 -1.0007e-04 -9.5185e-05  1.4500e-02 -1.0473e-04 -9.8469e-05 -9.9273e-05 -1.0473e-04 -1.0548e-04 -1.0919e-04 -1.0086e-04  1.4286e-02 -1.0007e-04 -1.0846e-04 -1.0165e-04 -9.7658e-05 -1.0086e-04 -1.1135e-04  1.3694e-02 -1.1135e-04 -1.0623e-04 -1.0698e-04 -1.0548e-04  1.4841e-02 -9.9273e-05
SIM14 -9.9353e-05 -9.4935e-05 -1.0289e-04 -9.4178e-05 -9.3415e-05 -9.2646e-05 -9.7902e-05 -9.6430e-05 -9.9353e-05 -1.0358e-04 -9.6430e-05 -9.7169e-05 -1.0007e-04  1.0000e+00 -9.4178e-05 -8.5415e-05 -9.4178e-05 -1.0078e-04 -1.0289e-04 -9.5685e-05 -9.7902e-05 -1.0078e-04 -1.0496e-04 -9.4178e-05 -9.5685e-05 -9.4935e-05 -9.4935e-05 -9.0300e-05 -9.7902e-05 -9.9353e-05 -9.3415e-05 -9.4178e-05 -9.9353e-05 -1.0007e-04 -1.0358e-04  1.5654e-02 -9.9353e-05 -9.4935e-05 -1.0289e-04 -9.6430e-05 -9.2646e-05 -9.5685e-05 -1.0563e-04 -1.0358e-04 -1.0563e-04 -1.0078e-04 -1.0149e-04 -1.0007e-04 -9.5685e-05 -9.4178e-05
SIM15 -9.8561e-05 -9.4178e-05 -1.0207e-04 -9.3428e-05 -9.2671e-05 -9.1908e-05 -9.7122e-05 -9.5661e-05 -9.8561e-05 -1.0276e-04 -9.5661e-05 -9.6395e-05 -9.9273e-05 -9.4178e-05  1.0000e+00 -8.4735e-05 -9.3428e-05 -9.9980e-05 -1.0207e-04 -9.4923e-05  1.5420e-02 -9.9980e-05 -1.0412e-04 -9.3428e-05 -9.4923e-05 -9.4178e-05 -9.4178e-05  1.6734e-02 -9.7122e-05 -9.8561e-05 -9.2671e-05 -9.3428e-05 -9.8561e-05 -9.9273e-05 -1.0276e-04  1.5782e-02 -9.8561e-05 -9.4178e-05 -1.0207e-04 -9.5661e-05 -9.1908e-05 -9.4923e-05 -1.0479e-04  1.4563e-02 -1.0479e-04 -9.9980e-05 -1.0068e-04 -9.9273e-05 -9.4923e-05 -9.3428e-05
SIM16 -8.9391e-05 -8.5415e-05 -9.2573e-05 -8.4735e-05 -8.4048e-05 -8.3357e-05 -8.8085e-05 -8.6761e-05 -8.9391e-05 -9.3196e-05 -8.6761e-05 -8.7425e-05 -9.0036e-05 -8.5415e-05 -8.4735e-05  1.0000e+00 -8.4735e-05 -9.0677e-05  1.6187e-02 -8.6091e-05 -8.8085e-05  1.6529e-02 -9.4431e-05 -8.4735e-05 -8.6091e-05 -8.5415e-05 -8.5415e-05 -8.1246e-05 -8.8085e-05 -8.9391e-05 -8.4048e-05 -8.4735e-05 -8.9391e-05 -9.0036e-05 -9.3196e-05 -8.6091e-05 -8.9391e-05 -8.5415e-05 -9.2573e-05 -8.6761e-05 -8.3357e-05 -8.6091e-05 -9.5042e-05  1.6077e-02 -9.5042e-05  1.6529e-02 -9.1313e-05 -9.0036e-05  1.7419e-02 -8.4735e-05
