*********************************************************************
* LD Score Regression (LDSC)
* Version 1.0.1
* (C) 2014-2019 Brendan Bulik-Sullivan and Hilary Finucane
* Broad Institute of MIT and Harvard / MIT Department of Mathematics
* GNU General Public License v3
*********************************************************************
Call: 
./ldsc.py \
--out /data/sbcs/GuoLab/backup/liq17/CRC_TF_TWAS_zhishan2024/NC_revision_OceanCode/v2_NC_revision//84Tracks//ldscores_sim1000//8 \
--bfile /data/sbcs/GuoLab/backup/liq17/ref/Alkesgroup/1000G_EUR_Phase3_plink_hg38/1000G.EUR.QC.8 \
--annot /data/sbcs/GuoLab/backup/liq17/CRC_TF_TWAS_zhishan2024/NC_revision_OceanCode/v2_NC_revision//84Tracks//annots_sim1000//8.annot.txt \
--l2  \
--ld-wind-kb 100.0 

Beginning analysis at Sun Oct 26 22:57:00 2025
Read list of 549556 SNPs from /data/sbcs/GuoLab/backup/liq17/ref/Alkesgroup/1000G_EUR_Phase3_plink_hg38/1000G.EUR.QC.8.bim
Read 50 annotations for 549556 SNPs from /data/sbcs/GuoLab/backup/liq17/CRC_TF_TWAS_zhishan2024/NC_revision_OceanCode/v2_NC_revision//84Tracks//annots_sim1000//8.annot.txt
Read list of 489 individuals from /data/sbcs/GuoLab/backup/liq17/ref/Alkesgroup/1000G_EUR_Phase3_plink_hg38/1000G.EUR.QC.8.fam
Reading genotypes from /data/sbcs/GuoLab/backup/liq17/ref/Alkesgroup/1000G_EUR_Phase3_plink_hg38/1000G.EUR.QC.8.bed
Estimating LD Score.
Writing LD Scores for 549556 SNPs to /data/sbcs/GuoLab/backup/liq17/CRC_TF_TWAS_zhishan2024/NC_revision_OceanCode/v2_NC_revision//84Tracks//ldscores_sim1000//8.l2.ldscore.gz

Summary of LD Scores in /data/sbcs/GuoLab/backup/liq17/CRC_TF_TWAS_zhishan2024/NC_revision_OceanCode/v2_NC_revision//84Tracks//ldscores_sim1000//8.l2.ldscore.gz
         MAF  SIM1L2  SIM2L2  SIM3L2  SIM4L2  SIM5L2  SIM6L2  SIM7L2  SIM8L2  SIM9L2  SIM10L2  SIM11L2  SIM12L2  SIM13L2  SIM14L2  SIM15L2  SIM16L2  SIM17L2  SIM18L2  SIM19L2  SIM20L2  SIM21L2  SIM22L2  SIM23L2  SIM24L2  SIM25L2  SIM26L2  SIM27L2  SIM28L2  SIM29L2  SIM30L2  SIM31L2  SIM32L2  SIM33L2  SIM34L2  SIM35L2  SIM36L2  SIM37L2  SIM38L2  SIM39L2  SIM40L2  SIM41L2  SIM42L2  SIM43L2  SIM44L2  SIM45L2  SIM46L2  SIM47L2  SIM48L2  SIM49L2  SIM50L2
mean  0.1476  0.0072  0.0079  0.0068  0.0099  0.0071  0.0080  0.0092  0.0084  0.0081   0.0093   0.0065   0.0088   0.0061   0.0070   0.0074   0.0070   0.0081   0.0076   0.0076   0.0058   0.0065   0.0069   0.0088   0.0089   0.0079   0.0051   0.0083   0.0080   0.0082   0.0085   0.0095   0.0087   0.0079   0.0069   0.0061   0.0101   0.0091   0.0092   0.0074   0.0084   0.0070   0.0112   0.0096   0.0076   0.0074   0.0076   0.0061   0.0064   0.0049   0.0086
std   0.1493  0.0653  0.0688  0.0618  0.0815  0.0650  0.0693  0.0715  0.0702  0.0693   0.0765   0.0628   0.0722   0.0582   0.0661   0.0643   0.0651   0.0758   0.0648   0.0671   0.0582   0.0608   0.0632   0.0762   0.0761   0.0640   0.0556   0.0704   0.0688   0.0666   0.0715   0.0761   0.0741   0.0700   0.0638   0.0597   0.0778   0.0731   0.0742   0.0656   0.0710   0.0689   0.0821   0.0739   0.0662   0.0683   0.0667   0.0584   0.0652   0.0521   0.0696
min   0.0051 -0.0038 -0.0041 -0.0041 -0.0056 -0.0041 -0.0040 -0.0041 -0.0056 -0.0060  -0.0041  -0.0041  -0.0058  -0.0055  -0.0041  -0.0041  -0.0046  -0.0046  -0.0041  -0.0057  -0.0041  -0.0040  -0.0040  -0.0041  -0.0040  -0.0041  -0.0041  -0.0053  -0.0041  -0.0041  -0.0041  -0.0041  -0.0041  -0.0060  -0.0041  -0.0041  -0.0041  -0.0041  -0.0041  -0.0059  -0.0041  -0.0058  -0.0054  -0.0040  -0.0041  -0.0041  -0.0057  -0.0048  -0.0041  -0.0041  -0.0039
25%   0.0194  0.0000  0.0000  0.0000  0.0000  0.0000  0.0000  0.0000  0.0000  0.0000   0.0000   0.0000   0.0000   0.0000   0.0000   0.0000   0.0000   0.0000   0.0000   0.0000   0.0000   0.0000   0.0000   0.0000   0.0000   0.0000   0.0000   0.0000   0.0000   0.0000   0.0000   0.0000   0.0000   0.0000   0.0000   0.0000   0.0000   0.0000   0.0000   0.0000   0.0000   0.0000   0.0000   0.0000   0.0000   0.0000   0.0000   0.0000   0.0000   0.0000   0.0000
50%   0.0838  0.0000  0.0000  0.0000  0.0000  0.0000  0.0000  0.0000  0.0000  0.0000   0.0000   0.0000   0.0000   0.0000   0.0000   0.0000   0.0000   0.0000   0.0000   0.0000   0.0000   0.0000   0.0000   0.0000   0.0000   0.0000   0.0000   0.0000   0.0000   0.0000   0.0000   0.0000   0.0000   0.0000   0.0000   0.0000   0.0000   0.0000   0.0000   0.0000   0.0000   0.0000   0.0000   0.0000   0.0000   0.0000   0.0000   0.0000   0.0000   0.0000   0.0000
75%   0.2556  0.0000  0.0000  0.0000  0.0000  0.0000  0.0000  0.0000  0.0000  0.0000   0.0000   0.0000   0.0000   0.0000   0.0000   0.0000   0.0000   0.0000   0.0000   0.0000   0.0000   0.0000   0.0000   0.0000   0.0000   0.0000   0.0000   0.0000   0.0000   0.0000   0.0000   0.0000   0.0000   0.0000   0.0000   0.0000   0.0000   0.0000   0.0000   0.0000   0.0000   0.0000   0.0000   0.0000   0.0000   0.0000   0.0000   0.0000   0.0000   0.0000   0.0000
max   0.5000  1.0000  1.0026  1.4093  1.5724  1.7603  1.4073  1.0157  1.0142  1.0263   1.8960   1.0131   1.2571   1.0246   1.2022   1.1823   1.0095   2.0580   1.0052   2.0000   1.0000   1.0880   1.0000   1.5691   1.0119   1.0224   1.0095   1.3487   1.4527   1.0034   1.9003   1.1730   1.6795   1.1034   1.0616   1.4151   1.4317   1.7676   1.1345   1.3931   1.2624   1.6111   1.0771   1.0700   1.0273   1.0040   1.4118   1.1838   1.6421   1.0022   1.0342

MAF/LD Score Correlation Matrix
            MAF  SIM1L2  SIM2L2  SIM3L2  SIM4L2  SIM5L2  SIM6L2  SIM7L2  SIM8L2      SIM9L2  SIM10L2  SIM11L2     SIM12L2     SIM13L2  SIM14L2  SIM15L2  SIM16L2     SIM17L2  SIM18L2  SIM19L2  SIM20L2  SIM21L2  SIM22L2  SIM23L2  SIM24L2  SIM25L2  SIM26L2  SIM27L2  SIM28L2  SIM29L2  SIM30L2  SIM31L2  SIM32L2  SIM33L2  SIM34L2     SIM35L2  SIM36L2     SIM37L2  SIM38L2  SIM39L2  SIM40L2  SIM41L2  SIM42L2  SIM43L2  SIM44L2     SIM45L2  SIM46L2  SIM47L2  SIM48L2  SIM49L2  SIM50L2
MAF      1.0000  0.0531  0.0244  0.0744  0.0475  0.0326  0.0687  0.0664  0.0330  5.8243e-02   0.0490   0.0520  4.7891e-02  5.9939e-02   0.0577   0.0489   0.0330  3.3335e-02   0.0631   0.0246   0.0257   0.0495   0.0431   0.0405   0.0275   0.0456   0.0256   0.0455   0.0592   0.0519   0.0468   0.0644   0.0440   0.0392   0.0483  4.9505e-02   0.0789  6.8893e-02   0.0592   0.0351   0.0355   0.0294   0.0544   0.0598   0.0369  2.6594e-02   0.0398   0.0536   0.0508   0.0417   0.0642
SIM1L2   0.0531  1.0000  0.0854  0.0514  0.0038  0.1255  0.0044  0.0739  0.0974  2.3973e-02   0.0232  -0.0062  1.4389e-02  1.6787e-02  -0.0069  -0.0090  -0.0082 -1.3002e-03   0.0814   0.0349   0.0005   0.0024  -0.0109   0.0223   0.0509   0.0014  -0.0026  -0.0054   0.0137  -0.0092   0.0080   0.0298  -0.0100   0.1089   0.0124 -9.6965e-03   0.0220 -3.6898e-03  -0.0092   0.0335   0.0311  -0.0084  -0.0115  -0.0066  -0.0025  3.5322e-02  -0.0088   0.0319   0.0107   0.0106   0.0189
SIM2L2   0.0244  0.0854  1.0000  0.0260  0.0310  0.0004  0.0442  0.0362  0.0542  1.3586e-02  -0.0033   0.0534 -9.2929e-03  5.9863e-03   0.0734   0.0215   0.0764  1.0839e-02   0.0182   0.0423  -0.0084   0.0748   0.0347  -0.0113   0.0007   0.0177  -0.0034   0.0541   0.0221  -0.0080   0.0063   0.0067   0.0327   0.0496   0.0346 -4.1538e-03   0.0253  2.1319e-02   0.0311   0.0032   0.0225  -0.0072   0.0276   0.0029  -0.0116 -1.1014e-02  -0.0095   0.0988   0.0097   0.0114   0.0164
SIM3L2   0.0744  0.0514  0.0260  1.0000  0.0208 -0.0082  0.0125 -0.0045  0.0839  7.5133e-02   0.0478   0.0154  4.1536e-02  7.5209e-02  -0.0049   0.0111  -0.0061  1.9823e-02   0.0812   0.0180  -0.0050   0.0079   0.0143   0.0319  -0.0033  -0.0061  -0.0063   0.0499   0.0082  -0.0057   0.0079   0.0334   0.0082   0.0112   0.0234 -2.5663e-03   0.0583  4.6584e-02   0.0117  -0.0041   0.0225  -0.0106   0.0781  -0.0021   0.0428  2.4056e-02  -0.0048  -0.0111   0.0165  -0.0061   0.0081
SIM4L2   0.0475  0.0038  0.0310  0.0208  1.0000 -0.0047 -0.0125  0.0395  0.0326  4.9400e-02   0.0092   0.0029 -3.9822e-03  4.4630e-02   0.0174   0.0357   0.0550  2.7385e-02   0.0017   0.0677  -0.0074   0.0141  -0.0117   0.0022   0.0470   0.0261   0.0018   0.0045   0.0160   0.0286   0.0436   0.0461   0.0694   0.0191   0.0324  5.9705e-03   0.0043  8.6882e-02   0.0031  -0.0038   0.0906   0.0384   0.0808  -0.0061   0.1286  1.3166e-01   0.1602  -0.0048  -0.0020   0.0505   0.0121
SIM5L2   0.0326  0.1255  0.0004 -0.0082 -0.0047  1.0000  0.0794  0.0033  0.0010 -6.3325e-03   0.0477   0.0112  2.4825e-02 -8.7901e-03   0.0285   0.0314  -0.0009 -8.3204e-03   0.0077   0.0709   0.0363   0.0190  -0.0068   0.0299   0.0128  -0.0039   0.0257  -0.0028   0.0664  -0.0011   0.0034   0.0141   0.0342   0.1139  -0.0089  4.7410e-02   0.0142 -2.0846e-03   0.0185  -0.0031   0.0228  -0.0095   0.0286   0.0005  -0.0096 -8.5249e-03   0.0354   0.0063   0.0172  -0.0082  -0.0017
SIM6L2   0.0687  0.0044  0.0442  0.0125 -0.0125  0.0794  1.0000 -0.0143  0.0097 -5.6878e-03   0.0410   0.0314  2.8388e-02 -7.9820e-03   0.0887   0.0234  -0.0061 -9.2881e-03  -0.0072  -0.0093   0.0293  -0.0079   0.0320   0.0083   0.0248   0.0288   0.0175   0.0327  -0.0017   0.0288   0.0118   0.0050   0.0384  -0.0113   0.0034  3.4195e-03   0.0160  1.7318e-02   0.0073  -0.0064  -0.0059  -0.0103  -0.0053   0.0474   0.0059  2.1728e-02   0.0754   0.0016  -0.0074   0.0392  -0.0108
SIM7L2   0.0664  0.0739  0.0362 -0.0045  0.0395  0.0033 -0.0143  1.0000  0.0115  9.1848e-03   0.0069  -0.0007  1.0931e-01 -1.3177e-02  -0.0069  -0.0029  -0.0050  6.0826e-02   0.0241   0.0557  -0.0017   0.0283   0.0382  -0.0099   0.0377   0.0883   0.0125  -0.0118   0.0132   0.0284   0.0130   0.0162   0.0238  -0.0140  -0.0069  1.7611e-02  -0.0094  3.5957e-02   0.0534   0.0080   0.0025  -0.0051   0.0510  -0.0070  -0.0016  1.4772e-02   0.0034   0.0180   0.0303   0.0435  -0.0085
SIM8L2   0.0330  0.0974  0.0542  0.0839  0.0326  0.0010  0.0097  0.0115  1.0000 -9.9671e-03   0.0371  -0.0053  3.2650e-02  7.2479e-02   0.0056   0.0799   0.0172  7.9104e-02   0.0391   0.0249   0.1192  -0.0051   0.0447   0.0663  -0.0113   0.0208  -0.0080   0.0245   0.0301  -0.0083  -0.0077  -0.0056  -0.0073  -0.0037  -0.0119  2.7607e-03   0.0655  2.6736e-04  -0.0107   0.0385  -0.0084   0.0537   0.0257   0.0569  -0.0056  4.1188e-02  -0.0031   0.0117   0.0069   0.0015   0.0519
SIM9L2   0.0582  0.0240  0.0136  0.0751  0.0494 -0.0063 -0.0057  0.0092 -0.0100  1.0000e+00   0.0539  -0.0050  2.2582e-02 -1.8874e-03  -0.0099   0.0495   0.0097  1.5275e-02  -0.0054  -0.0125  -0.0014  -0.0053  -0.0118  -0.0035  -0.0068   0.0077   0.0158   0.0083  -0.0050   0.0133   0.0663   0.0980   0.0257  -0.0037   0.0023  6.9713e-05   0.0258 -8.9721e-03   0.0501   0.0003   0.0060  -0.0092   0.0452  -0.0090  -0.0025  3.9357e-02   0.0955  -0.0070   0.0404   0.0222   0.0248
SIM10L2  0.0490  0.0232 -0.0033  0.0478  0.0092  0.0477  0.0410  0.0069  0.0371  5.3881e-02   1.0000   0.0642  1.4696e-02 -1.0728e-02   0.0475   0.0401   0.0534  2.1091e-02   0.0376   0.0754   0.0575  -0.0071  -0.0110   0.0451   0.0296   0.0246   0.0558   0.0027  -0.0063   0.0197   0.0008  -0.0105   0.0178   0.0022  -0.0119 -5.8834e-03  -0.0123 -1.0658e-03   0.0219   0.0585  -0.0046  -0.0081   0.0318   0.0128   0.0614  1.9787e-02   0.0272   0.0087   0.0025   0.0178  -0.0069
SIM11L2  0.0520 -0.0062  0.0534  0.0154  0.0029  0.0112  0.0314 -0.0007 -0.0053 -5.0264e-03   0.0642   1.0000  2.7612e-02 -8.0515e-04   0.0063  -0.0027   0.0602  6.7210e-02  -0.0102   0.0622   0.0042   0.0391  -0.0033   0.0002  -0.0102   0.0620   0.0390   0.0292  -0.0027   0.0093  -0.0042   0.0136   0.0340  -0.0023   0.0009  2.9517e-02  -0.0026  4.6000e-03   0.0190   0.0041   0.0100  -0.0101  -0.0031   0.0520  -0.0011  8.0078e-03   0.0082  -0.0028  -0.0038   0.0096   0.0071
SIM12L2  0.0479  0.0144 -0.0093  0.0415 -0.0040  0.0248  0.0284  0.1093  0.0326  2.2582e-02   0.0147   0.0276  1.0000e+00  2.9770e-02   0.0168  -0.0109  -0.0096  8.6986e-02   0.0089  -0.0056   0.0204   0.0176   0.0188   0.0383   0.0155   0.0733   0.0348  -0.0070  -0.0053   0.0014  -0.0090  -0.0097   0.0165   0.0355  -0.0089  2.0954e-02   0.0226  6.7413e-05   0.0028   0.0195   0.0020   0.0383   0.0412  -0.0059  -0.0028  1.0069e-02   0.0185  -0.0020  -0.0006  -0.0049  -0.0113
SIM13L2  0.0599  0.0168  0.0060  0.0752  0.0446 -0.0088 -0.0080 -0.0132  0.0725 -1.8874e-03  -0.0107  -0.0008  2.9770e-02  1.0000e+00  -0.0109   0.0287  -0.0086  2.8639e-02  -0.0058  -0.0003   0.0562  -0.0093   0.0016   0.0126   0.0005  -0.0029  -0.0036   0.0137   0.0159   0.0288  -0.0040   0.0015  -0.0103  -0.0007  -0.0024  7.5571e-03   0.0636 -2.2353e-03   0.0226  -0.0077  -0.0062   0.0519   0.0277   0.0132  -0.0037 -8.3996e-05  -0.0029  -0.0094   0.0340   0.0004  -0.0069
SIM14L2  0.0577 -0.0069  0.0734 -0.0049  0.0174  0.0285  0.0887 -0.0069  0.0056 -9.8916e-03   0.0475   0.0063  1.6848e-02 -1.0947e-02   1.0000   0.0095   0.0340  5.5974e-02   0.0015  -0.0071   0.0829   0.0422  -0.0089  -0.0059   0.0016  -0.0015   0.0077   0.0059  -0.0090  -0.0100  -0.0061   0.0066   0.0027  -0.0066   0.0163  1.9466e-03   0.0221  3.4986e-02   0.0247  -0.0068   0.0085   0.0848   0.0175   0.0288  -0.0065  2.8142e-02   0.0046   0.0025  -0.0098   0.0786  -0.0074
SIM15L2  0.0489 -0.0090  0.0215  0.0111  0.0357  0.0314  0.0234 -0.0029  0.0799  4.9471e-02   0.0401  -0.0027 -1.0922e-02  2.8688e-02   0.0095   1.0000   0.0170  8.3040e-03  -0.0014   0.0426   0.0962  -0.0073  -0.0116  -0.0097   0.0304   0.0165   0.0153   0.1269  -0.0042   0.0033  -0.0127   0.0267  -0.0035   0.0024   0.0171  1.7158e-02   0.0007  3.7489e-03  -0.0077   0.0274  -0.0013   0.0009   0.0387   0.0155  -0.0061  1.0680e-02   0.0046  -0.0036   0.0286  -0.0071  -0.0042
SIM16L2  0.0330 -0.0082  0.0764 -0.0061  0.0550 -0.0009 -0.0061 -0.0050  0.0172  9.7291e-03   0.0534   0.0602 -9.6331e-03 -8.6277e-03   0.0340   0.0170   1.0000  5.1947e-03   0.0089   0.0104  -0.0066   0.0782  -0.0049  -0.0058   0.0769   0.0138   0.0103   0.0603   0.0241   0.0637  -0.0109   0.0047  -0.0053   0.0492   0.0279 -9.4588e-03  -0.0070  9.5908e-03  -0.0021   0.0079   0.0145   0.0155   0.0156   0.0041  -0.0029 -1.0430e-02  -0.0110  -0.0031  -0.0094   0.0138  -0.0011
SIM17L2  0.0333 -0.0013  0.0108  0.0198  0.0274 -0.0083 -0.0093  0.0608  0.0791  1.5275e-02   0.0211   0.0672  8.6986e-02  2.8639e-02   0.0560   0.0083   0.0052  1.0000e+00   0.0124  -0.0089   0.0060  -0.0042  -0.0092   0.1844   0.0580  -0.0110  -0.0047   0.0153  -0.0014  -0.0044  -0.0052  -0.0024  -0.0013   0.0455  -0.0082 -1.0172e-02   0.0489  3.2834e-03  -0.0069   0.0046   0.0676  -0.0054   0.0512   0.1203  -0.0107  5.3459e-05   0.0005  -0.0049   0.0119   0.0030  -0.0022
SIM18L2  0.0631  0.0814  0.0182  0.0812  0.0017  0.0077 -0.0072  0.0241  0.0391 -5.4480e-03   0.0376  -0.0102  8.9324e-03 -5.8063e-03   0.0015  -0.0014   0.0089  1.2379e-02   1.0000   0.0067  -0.0021   0.0126   0.0246   0.0010   0.0581  -0.0038  -0.0086   0.0402   0.0351   0.0034   0.0258   0.0478   0.0282   0.0236   0.0238 -1.0819e-02   0.0502  3.6008e-02  -0.0066   0.0465   0.0444   0.0174   0.0256  -0.0032  -0.0029 -2.7821e-03   0.0116   0.0304   0.0870   0.0110   0.0492
SIM19L2  0.0246  0.0349  0.0423  0.0180  0.0677  0.0709 -0.0093  0.0557  0.0249 -1.2484e-02   0.0754   0.0622 -5.6326e-03 -2.6567e-04  -0.0071   0.0426   0.0104 -8.9116e-03   0.0067   1.0000   0.0011  -0.0094   0.0194  -0.0010   0.0003   0.0403   0.0021  -0.0008   0.0626   0.0212   0.0032   0.0075   0.0073   0.0055   0.0302  1.1516e-02   0.0037  3.9354e-02  -0.0013   0.0395   0.1109   0.0266   0.0002  -0.0111  -0.0015  1.1882e-02   0.0294   0.0353  -0.0050  -0.0079   0.0378
SIM20L2  0.0257  0.0005 -0.0084 -0.0050 -0.0074  0.0363  0.0293 -0.0017  0.1192 -1.4301e-03   0.0575   0.0042  2.0377e-02  5.6216e-02   0.0829   0.0962  -0.0066  5.9796e-03  -0.0021   0.0011   1.0000  -0.0072   0.0364  -0.0013   0.0019  -0.0005  -0.0040   0.0044  -0.0089   0.0385  -0.0087  -0.0047  -0.0109  -0.0073   0.0005 -1.1084e-03   0.0175  2.7637e-02   0.0349  -0.0005  -0.0056   0.0091   0.0386   0.0058   0.0039  1.9279e-02  -0.0051   0.0039   0.0021   0.0304   0.0479
SIM21L2  0.0495  0.0024  0.0748  0.0079  0.0141  0.0190 -0.0079  0.0283 -0.0051 -5.2788e-03  -0.0071   0.0391  1.7586e-02 -9.3010e-03   0.0422  -0.0073   0.0782 -4.2181e-03   0.0126  -0.0094  -0.0072   1.0000  -0.0070   0.0198   0.0014   0.0120   0.0103  -0.0061   0.0958   0.0074   0.0194  -0.0091   0.0115  -0.0083   0.0207 -6.4898e-03   0.0465  6.9196e-02   0.0366   0.0034   0.0396   0.0419   0.0290  -0.0071  -0.0049 -7.0202e-03   0.0357   0.0391   0.0002   0.0507   0.0450
SIM22L2  0.0431 -0.0109  0.0347  0.0143 -0.0117 -0.0068  0.0320  0.0382  0.0447 -1.1815e-02  -0.0110  -0.0033  1.8835e-02  1.6406e-03  -0.0089  -0.0116  -0.0049 -9.1711e-03   0.0246   0.0194   0.0364  -0.0070   1.0000   0.0030   0.0561   0.0589  -0.0083  -0.0070   0.0586   0.0384   0.0197  -0.0034   0.0864   0.0342  -0.0006 -4.4630e-03   0.0439  2.0328e-02  -0.0032  -0.0002   0.0015   0.0206   0.0238   0.0246   0.0186 -1.0596e-02  -0.0102   0.0182  -0.0091  -0.0052   0.0300
SIM23L2  0.0405  0.0223 -0.0113  0.0319  0.0022  0.0299  0.0083 -0.0099  0.0663 -3.4641e-03   0.0451   0.0002  3.8264e-02  1.2550e-02  -0.0059  -0.0097  -0.0058  1.8442e-01   0.0010  -0.0010  -0.0013   0.0198   0.0030   1.0000  -0.0072   0.0507   0.0033  -0.0045  -0.0117   0.0031  -0.0073   0.0242   0.0682   0.0484   0.0145 -1.9679e-03   0.0143 -1.2532e-02   0.0143  -0.0055   0.0290   0.0328   0.0278   0.0774   0.0323  1.0431e-02  -0.0032  -0.0022  -0.0030  -0.0078   0.0659
SIM24L2  0.0275  0.0509  0.0007 -0.0033  0.0470  0.0128  0.0248  0.0377 -0.0113 -6.8428e-03   0.0296  -0.0102  1.5504e-02  5.0605e-04   0.0016   0.0304   0.0769  5.7951e-02   0.0581   0.0003   0.0019   0.0014   0.0561  -0.0072   1.0000   0.0518  -0.0097   0.0251   0.0169   0.0306   0.0470   0.0166   0.0111   0.0756   0.0043 -1.0567e-02   0.0485  4.1846e-02   0.0164   0.0195   0.0715  -0.0020   0.0061   0.0052  -0.0084 -1.1416e-02   0.0433   0.0376   0.0374  -0.0002   0.0226
SIM25L2  0.0456  0.0014  0.0177 -0.0061  0.0261 -0.0039  0.0288  0.0883  0.0208  7.7323e-03   0.0246   0.0620  7.3311e-02 -2.9234e-03  -0.0015   0.0165   0.0138 -1.1010e-02  -0.0038   0.0403  -0.0005   0.0120   0.0589   0.0507   0.0518   1.0000  -0.0100  -0.0083   0.0292  -0.0140   0.0020   0.0081   0.0766  -0.0033   0.0178  3.3360e-03   0.0089  7.0073e-03   0.0078   0.1235   0.0143   0.0228  -0.0062   0.0051  -0.0021  3.6762e-02   0.0182   0.0093   0.0096   0.0072   0.0106
SIM26L2  0.0256 -0.0026 -0.0034 -0.0063  0.0018  0.0257  0.0175  0.0125 -0.0080  1.5782e-02   0.0558   0.0390  3.4843e-02 -3.6238e-03   0.0077   0.0153   0.0103 -4.7137e-03  -0.0086   0.0021  -0.0040   0.0103  -0.0083   0.0033  -0.0097  -0.0100   1.0000  -0.0002  -0.0008   0.0479  -0.0097  -0.0086   0.0124  -0.0006   0.1037  2.1228e-02  -0.0106 -1.0821e-02   0.0234  -0.0058  -0.0040   0.0309   0.0411  -0.0069   0.0002  5.6495e-02   0.0294   0.0139   0.0286   0.0086   0.0040
SIM27L2  0.0455 -0.0054  0.0541  0.0499  0.0045 -0.0028  0.0327 -0.0118  0.0245  8.2779e-03   0.0027   0.0292 -6.9851e-03  1.3738e-02   0.0059   0.1269   0.0603  1.5342e-02   0.0402  -0.0008   0.0044  -0.0061  -0.0070  -0.0045   0.0251  -0.0083  -0.0002   1.0000   0.0359   0.0368   0.0020   0.0561  -0.0084   0.0840  -0.0069  5.2318e-02   0.0164  1.4308e-02  -0.0035  -0.0026   0.0172   0.0195   0.0055   0.0093   0.0030  1.8196e-02  -0.0047   0.0135  -0.0113   0.0060  -0.0092
SIM28L2  0.0592  0.0137  0.0221  0.0082  0.0160  0.0664 -0.0017  0.0132  0.0301 -5.0383e-03  -0.0063  -0.0027 -5.3484e-03  1.5927e-02  -0.0090  -0.0042   0.0241 -1.3767e-03   0.0351   0.0626  -0.0089   0.0958   0.0586  -0.0117   0.0169   0.0292  -0.0008   0.0359   1.0000   0.0172   0.0155  -0.0030   0.0101   0.0161  -0.0084  1.8586e-02   0.0700 -6.8525e-03  -0.0102   0.0377   0.0396  -0.0056   0.0149   0.0011   0.0055 -1.7471e-03  -0.0081  -0.0018  -0.0077  -0.0102  -0.0101
SIM29L2  0.0519 -0.0092 -0.0080 -0.0057  0.0286 -0.0011  0.0288  0.0284 -0.0083  1.3333e-02   0.0197   0.0093  1.3621e-03  2.8836e-02  -0.0100   0.0033   0.0637 -4.3678e-03   0.0034   0.0212   0.0385   0.0074   0.0384   0.0031   0.0306  -0.0140   0.0479   0.0368   0.0172   1.0000  -0.0101   0.0225   0.0260   0.0372   0.0011  3.1456e-03   0.0357  1.9154e-02   0.0444   0.0253   0.0050  -0.0083   0.0064   0.0904  -0.0024 -6.1524e-03   0.0413  -0.0116  -0.0019  -0.0103   0.0146
SIM30L2  0.0468  0.0080  0.0063  0.0079  0.0436  0.0034  0.0118  0.0130 -0.0077  6.6282e-02   0.0008  -0.0042 -8.9523e-03 -3.9766e-03  -0.0061  -0.0127  -0.0109 -5.2011e-03   0.0258   0.0032  -0.0087   0.0194   0.0197  -0.0073   0.0470   0.0020  -0.0097   0.0020   0.0155  -0.0101   1.0000  -0.0131  -0.0108  -0.0035   0.0576  3.3665e-02   0.0143  5.2498e-02   0.0352  -0.0126   0.0104  -0.0013  -0.0081   0.0090   0.0400 -1.2228e-02  -0.0115   0.0433   0.0072   0.0238   0.0758
SIM31L2  0.0644  0.0298  0.0067  0.0334  0.0461  0.0141  0.0050  0.0162 -0.0056  9.7998e-02  -0.0105   0.0136 -9.7054e-03  1.5120e-03   0.0066   0.0267   0.0047 -2.3958e-03   0.0478   0.0075  -0.0047  -0.0091  -0.0034   0.0242   0.0166   0.0081  -0.0086   0.0561  -0.0030   0.0225  -0.0131   1.0000   0.0485   0.0013   0.0037  3.9386e-02   0.0651  5.3018e-02   0.0652   0.0559   0.0753   0.0527   0.1037   0.1058  -0.0002  2.3829e-02   0.0751   0.0366   0.1228   0.0054   0.1079
SIM32L2  0.0440 -0.0100  0.0327  0.0082  0.0694  0.0342  0.0384  0.0238 -0.0073  2.5690e-02   0.0178   0.0340  1.6493e-02 -1.0266e-02   0.0027  -0.0035  -0.0053 -1.2775e-03   0.0282   0.0073  -0.0109   0.0115   0.0864   0.0682   0.0111   0.0766   0.0124  -0.0084   0.0101   0.0260  -0.0108   0.0485   1.0000  -0.0082   0.0576  7.3208e-04  -0.0082  8.6953e-03  -0.0024   0.0043   0.0813   0.0073   0.0269   0.0588   0.0995 -1.2534e-02   0.1172   0.0277  -0.0031  -0.0075   0.0166
SIM33L2  0.0392  0.1089  0.0496  0.0112  0.0191  0.1139 -0.0113 -0.0140 -0.0037 -3.7296e-03   0.0022  -0.0023  3.5468e-02 -7.2093e-04  -0.0066   0.0024   0.0492  4.5499e-02   0.0236   0.0055  -0.0073  -0.0083   0.0342   0.0484   0.0756  -0.0033  -0.0006   0.0840   0.0161   0.0372  -0.0035   0.0013  -0.0082   1.0000   0.0379 -4.4737e-03   0.1205 -8.4653e-03   0.0091   0.0412   0.0372   0.0038   0.0264   0.0109  -0.0028  6.1230e-03   0.0099  -0.0002  -0.0060   0.0284  -0.0128
SIM34L2  0.0483  0.0124  0.0346  0.0234  0.0324 -0.0089  0.0034 -0.0069 -0.0119  2.3417e-03  -0.0119   0.0009 -8.8581e-03 -2.3629e-03   0.0163   0.0171   0.0279 -8.1839e-03   0.0238   0.0302   0.0005   0.0207  -0.0006   0.0145   0.0043   0.0178   0.1037  -0.0069  -0.0084   0.0011   0.0576   0.0037   0.0576   0.0379   1.0000 -9.6418e-03   0.0035  5.3021e-02   0.0007  -0.0014   0.0142  -0.0065   0.0447   0.0156  -0.0005  6.8809e-02   0.0186   0.0420   0.0342   0.0047   0.0224
SIM35L2  0.0495 -0.0097 -0.0042 -0.0026  0.0060  0.0474  0.0034  0.0176  0.0028  6.9713e-05  -0.0059   0.0295  2.0954e-02  7.5571e-03   0.0019   0.0172  -0.0095 -1.0172e-02  -0.0108   0.0115  -0.0011  -0.0065  -0.0045  -0.0020  -0.0106   0.0033   0.0212   0.0523   0.0186   0.0031   0.0337   0.0394   0.0007  -0.0045  -0.0096  1.0000e+00  -0.0005  2.5725e-02   0.0056  -0.0063   0.0214  -0.0087   0.0610   0.0048  -0.0092 -1.9220e-03   0.0039  -0.0092  -0.0013  -0.0009   0.0809
SIM36L2  0.0789  0.0220  0.0253  0.0583  0.0043  0.0142  0.0160 -0.0094  0.0655  2.5794e-02  -0.0123  -0.0026  2.2616e-02  6.3645e-02   0.0221   0.0007  -0.0070  4.8944e-02   0.0502   0.0037   0.0175   0.0465   0.0439   0.0143   0.0485   0.0089  -0.0106   0.0164   0.0700   0.0357   0.0143   0.0651  -0.0082   0.1205   0.0035 -5.4033e-04   1.0000 -1.8073e-03  -0.0058   0.0508   0.0642   0.0345   0.0113  -0.0023   0.0109  6.0360e-02   0.0246   0.0015   0.0474   0.0024   0.0465
SIM37L2  0.0689 -0.0037  0.0213  0.0466  0.0869 -0.0021  0.0173  0.0360  0.0003 -8.9721e-03  -0.0011   0.0046  6.7413e-05 -2.2353e-03   0.0350   0.0037   0.0096  3.2834e-03   0.0360   0.0394   0.0276   0.0692   0.0203  -0.0125   0.0418   0.0070  -0.0108   0.0143  -0.0069   0.0192   0.0525   0.0530   0.0087  -0.0085   0.0530  2.5725e-02  -0.0018  1.0000e+00   0.0410   0.0032   0.0354   0.0310   0.0877   0.0100   0.0137  5.6988e-02   0.0299   0.0440   0.1054   0.0479   0.0249
SIM38L2  0.0592 -0.0092  0.0311  0.0117  0.0031  0.0185  0.0073  0.0534 -0.0107  5.0148e-02   0.0219   0.0190  2.8048e-03  2.2576e-02   0.0247  -0.0077  -0.0021 -6.8682e-03  -0.0066  -0.0013   0.0349   0.0366  -0.0032   0.0143   0.0164   0.0078   0.0234  -0.0035  -0.0102   0.0444   0.0352   0.0652  -0.0024   0.0091   0.0007  5.5546e-03  -0.0058  4.0965e-02   1.0000  -0.0073   0.0378   0.0371   0.0173  -0.0012   0.0715 -6.0807e-03   0.0297   0.0456   0.1053   0.0332   0.0188
SIM39L2  0.0351  0.0335  0.0032 -0.0041 -0.0038 -0.0031 -0.0064  0.0080  0.0385  2.5464e-04   0.0585   0.0041  1.9485e-02 -7.6592e-03  -0.0068   0.0274   0.0079  4.6011e-03   0.0465   0.0395  -0.0005   0.0034  -0.0002  -0.0055   0.0195   0.1235  -0.0058  -0.0026   0.0377   0.0253  -0.0126   0.0559   0.0043   0.0412  -0.0014 -6.3396e-03   0.0508  3.1940e-03  -0.0073   1.0000   0.0525   0.0158   0.0283   0.0030   0.0080  6.1834e-02  -0.0102   0.0105   0.0091   0.0235   0.0119
SIM40L2  0.0355  0.0311  0.0225  0.0225  0.0906  0.0228 -0.0059  0.0025 -0.0084  5.9726e-03  -0.0046   0.0100  2.0089e-03 -6.2193e-03   0.0085  -0.0013   0.0145  6.7604e-02   0.0444   0.1109  -0.0056   0.0396   0.0015   0.0290   0.0715   0.0143  -0.0040   0.0172   0.0396   0.0050   0.0104   0.0753   0.0813   0.0372   0.0142  2.1415e-02   0.0642  3.5400e-02   0.0378   0.0525   1.0000   0.0047   0.0058  -0.0049   0.0965  2.1818e-02   0.0972   0.0018  -0.0066  -0.0075  -0.0086
SIM41L2  0.0294 -0.0084 -0.0072 -0.0106  0.0384 -0.0095 -0.0103 -0.0051  0.0537 -9.2409e-03  -0.0081  -0.0101  3.8272e-02  5.1866e-02   0.0848   0.0009   0.0155 -5.4309e-03   0.0174   0.0266   0.0091   0.0419   0.0206   0.0328  -0.0020   0.0228   0.0309   0.0195  -0.0056  -0.0083  -0.0013   0.0527   0.0073   0.0038  -0.0065 -8.7042e-03   0.0345  3.0970e-02   0.0371   0.0158   0.0047   1.0000  -0.0019  -0.0008  -0.0068  8.0000e-03  -0.0023   0.0632   0.0838  -0.0063   0.0627
SIM42L2  0.0544 -0.0115  0.0276  0.0781  0.0808  0.0286 -0.0053  0.0510  0.0257  4.5180e-02   0.0318  -0.0031  4.1239e-02  2.7741e-02   0.0175   0.0387   0.0156  5.1239e-02   0.0256   0.0002   0.0386   0.0290   0.0238   0.0278   0.0061  -0.0062   0.0411   0.0055   0.0149   0.0064  -0.0081   0.1037   0.0269   0.0264   0.0447  6.1034e-02   0.0113  8.7741e-02   0.0173   0.0283   0.0058  -0.0019   1.0000   0.0972   0.0294  9.0487e-02   0.0101  -0.0108   0.0277  -0.0032   0.1196
SIM43L2  0.0598 -0.0066  0.0029 -0.0021 -0.0061  0.0005  0.0474 -0.0070  0.0569 -9.0146e-03   0.0128   0.0520 -5.9142e-03  1.3218e-02   0.0288   0.0155   0.0041  1.2027e-01  -0.0032  -0.0111   0.0058  -0.0071   0.0246   0.0774   0.0052   0.0051  -0.0069   0.0093   0.0011   0.0904   0.0090   0.1058   0.0588   0.0109   0.0156  4.7696e-03  -0.0023  9.9737e-03  -0.0012   0.0030  -0.0049  -0.0008   0.0972   1.0000  -0.0084  1.9177e-02  -0.0062  -0.0062   0.0420   0.0006   0.1296
SIM44L2  0.0369 -0.0025 -0.0116  0.0428  0.1286 -0.0096  0.0059 -0.0016 -0.0056 -2.5292e-03   0.0614  -0.0011 -2.7799e-03 -3.7433e-03  -0.0065  -0.0061  -0.0029 -1.0688e-02  -0.0029  -0.0015   0.0039  -0.0049   0.0186   0.0323  -0.0084  -0.0021   0.0002   0.0030   0.0055  -0.0024   0.0400  -0.0002   0.0995  -0.0028  -0.0005 -9.1923e-03   0.0109  1.3747e-02   0.0715   0.0080   0.0965  -0.0068   0.0294  -0.0084   1.0000  4.1978e-02   0.0993  -0.0106   0.0164   0.0092  -0.0032
SIM45L2  0.0266  0.0353 -0.0110  0.0241  0.1317 -0.0085  0.0217  0.0148  0.0412  3.9357e-02   0.0198   0.0080  1.0069e-02 -8.3996e-05   0.0281   0.0107  -0.0104  5.3459e-05  -0.0028   0.0119   0.0193  -0.0070  -0.0106   0.0104  -0.0114   0.0368   0.0565   0.0182  -0.0017  -0.0062  -0.0122   0.0238  -0.0125   0.0061   0.0688 -1.9220e-03   0.0604  5.6988e-02  -0.0061   0.0618   0.0218   0.0080   0.0905   0.0192   0.0420  1.0000e+00   0.0353  -0.0085   0.0917   0.0587  -0.0028
SIM46L2  0.0398 -0.0088 -0.0095 -0.0048  0.1602  0.0354  0.0754  0.0034 -0.0031  9.5548e-02   0.0272   0.0082  1.8499e-02 -2.8575e-03   0.0046   0.0046  -0.0110  4.7783e-04   0.0116   0.0294  -0.0051   0.0357  -0.0102  -0.0032   0.0433   0.0182   0.0294  -0.0047  -0.0081   0.0413  -0.0115   0.0751   0.1172   0.0099   0.0186  3.8578e-03   0.0246  2.9866e-02   0.0297  -0.0102   0.0972  -0.0023   0.0101  -0.0062   0.0993  3.5315e-02   1.0000   0.0178  -0.0072   0.0041  -0.0082
SIM47L2  0.0536  0.0319  0.0988 -0.0111 -0.0048  0.0063  0.0016  0.0180  0.0117 -6.9682e-03   0.0087  -0.0028 -1.9922e-03 -9.4397e-03   0.0025  -0.0036  -0.0031 -4.9287e-03   0.0304   0.0353   0.0039   0.0391   0.0182  -0.0022   0.0376   0.0093   0.0139   0.0135  -0.0018  -0.0116   0.0433   0.0366   0.0277  -0.0002   0.0420 -9.1929e-03   0.0015  4.3991e-02   0.0456   0.0105   0.0018   0.0632  -0.0108  -0.0062  -0.0106 -8.5497e-03   0.0178   1.0000   0.0898   0.0041   0.0693
SIM48L2  0.0508  0.0107  0.0097  0.0165 -0.0020  0.0172 -0.0074  0.0303  0.0069  4.0392e-02   0.0025  -0.0038 -5.9758e-04  3.3983e-02  -0.0098   0.0286  -0.0094  1.1949e-02   0.0870  -0.0050   0.0021   0.0002  -0.0091  -0.0030   0.0374   0.0096   0.0286  -0.0113  -0.0077  -0.0019   0.0072   0.1228  -0.0031  -0.0060   0.0342 -1.2550e-03   0.0474  1.0542e-01   0.1053   0.0091  -0.0066   0.0838   0.0277   0.0420   0.0164  9.1684e-02  -0.0072   0.0898   1.0000  -0.0021  -0.0102
SIM49L2  0.0417  0.0106  0.0114 -0.0061  0.0505 -0.0082  0.0392  0.0435  0.0015  2.2229e-02   0.0178   0.0096 -4.8753e-03  4.4927e-04   0.0786  -0.0071   0.0138  3.0489e-03   0.0110  -0.0079   0.0304   0.0507  -0.0052  -0.0078  -0.0002   0.0072   0.0086   0.0060  -0.0102  -0.0103   0.0238   0.0054  -0.0075   0.0284   0.0047 -9.1271e-04   0.0024  4.7871e-02   0.0332   0.0235  -0.0075  -0.0063  -0.0032   0.0006   0.0092  5.8684e-02   0.0041   0.0041  -0.0021   1.0000  -0.0046
SIM50L2  0.0642  0.0189  0.0164  0.0081  0.0121 -0.0017 -0.0108 -0.0085  0.0519  2.4765e-02  -0.0069   0.0071 -1.1303e-02 -6.9259e-03  -0.0074  -0.0042  -0.0011 -2.2362e-03   0.0492   0.0378   0.0479   0.0450   0.0300   0.0659   0.0226   0.0106   0.0040  -0.0092  -0.0101   0.0146   0.0758   0.1079   0.0166  -0.0128   0.0224  8.0887e-02   0.0465  2.4920e-02   0.0188   0.0119  -0.0086   0.0627   0.1196   0.1296  -0.0032 -2.8320e-03  -0.0082   0.0693  -0.0102  -0.0046   1.0000

LD Score Matrix Condition Number
2.2703

Annotation Correlation Matrix
             SIM1        SIM2        SIM3    SIM4        SIM5        SIM6        SIM7    SIM8    SIM9       SIM10       SIM11   SIM12       SIM13       SIM14       SIM15       SIM16       SIM17       SIM18       SIM19       SIM20       SIM21       SIM22       SIM23       SIM24       SIM25       SIM26   SIM27       SIM28   SIM29   SIM30       SIM31       SIM32       SIM33       SIM34       SIM35       SIM36       SIM37   SIM38       SIM39       SIM40       SIM41   SIM42       SIM43   SIM44       SIM45       SIM46       SIM47       SIM48       SIM49       SIM50
SIM1   1.0000e+00 -1.0845e-04 -1.0262e-04 -0.0001 -1.0432e-04 -1.0516e-04 -1.0845e-04 -0.0001 -0.0001 -1.0763e-04 -9.7357e-05 -0.0001 -1.0090e-04 -1.0176e-04 -1.0262e-04 -1.0681e-04 -9.6451e-05 -1.0681e-04  1.6802e-02 -8.9855e-05 -9.8254e-05 -9.9143e-05 -1.0516e-04  1.8773e-02 -1.0925e-04 -8.7880e-05 -0.0001 -1.0763e-04 -0.0001 -0.0001 -1.0845e-04 -1.0432e-04 -1.0763e-04 -9.9143e-05 -1.0262e-04 -1.0845e-04 -1.0845e-04 -0.0001 -1.0599e-04 -1.0599e-04 -1.0090e-04 -0.0001 -1.0262e-04 -0.0001 -1.0516e-04 -1.0432e-04 -9.8254e-05 -9.5536e-05 -8.9855e-05 -1.0432e-04
SIM2  -1.0845e-04  1.0000e+00 -1.1539e-04 -0.0001 -1.1729e-04 -1.1824e-04 -1.2193e-04 -0.0001  0.0143 -1.2102e-04 -1.0946e-04 -0.0001  1.5930e-02  1.5793e-02 -1.1539e-04 -1.2010e-04 -1.0845e-04 -1.2010e-04 -1.2102e-04 -1.0103e-04 -1.1047e-04 -1.1147e-04 -1.1824e-04 -1.0845e-04 -1.2284e-04 -9.8809e-05 -0.0001 -1.2102e-04 -0.0001 -0.0001 -1.2193e-04 -1.1729e-04 -1.2102e-04 -1.1147e-04 -1.1539e-04 -1.2193e-04 -1.2193e-04 -0.0001 -1.1917e-04 -1.1917e-04 -1.1345e-04 -0.0001 -1.1539e-04 -0.0001 -1.1824e-04 -1.1729e-04 -1.1047e-04 -1.0742e-04 -1.0103e-04 -1.1729e-04
SIM3  -1.0262e-04 -1.1539e-04  1.0000e+00 -0.0001 -1.1100e-04 -1.1189e-04 -1.1539e-04 -0.0001 -0.0001 -1.1452e-04  1.7466e-02 -0.0001 -1.0736e-04 -1.0828e-04 -1.0919e-04 -1.1365e-04 -1.0262e-04  1.5901e-02 -1.1452e-04 -9.5606e-05 -1.0454e-04 -1.0549e-04 -1.1189e-04 -1.0262e-04 -1.1624e-04 -9.3504e-05 -0.0001 -1.1452e-04 -0.0001 -0.0001 -1.1539e-04 -1.1100e-04  1.5778e-02  1.7148e-02  1.6559e-02 -1.1539e-04 -1.1539e-04 -0.0001 -1.1277e-04 -1.1277e-04 -1.0736e-04 -0.0001 -1.0919e-04 -0.0001 -1.1189e-04 -1.1100e-04 -1.0454e-04 -1.0165e-04 -9.5606e-05  1.6286e-02
SIM4  -1.1164e-04 -1.2552e-04 -1.1878e-04  1.0000 -1.2074e-04 -1.2171e-04 -1.2552e-04 -0.0001 -0.0001 -1.2458e-04 -1.1268e-04 -0.0001 -1.1678e-04 -1.1779e-04  1.5204e-02  1.4598e-02 -1.1164e-04 -1.2363e-04 -1.2458e-04 -1.0400e-04 -1.1372e-04 -1.1475e-04 -1.2171e-04 -1.1164e-04 -1.2645e-04 -1.0172e-04 -0.0001 -1.2458e-04 -0.0001 -0.0001 -1.2552e-04  1.4953e-02 -1.2458e-04 -1.1475e-04 -1.1878e-04 -1.2552e-04 -1.2552e-04 -0.0001 -1.2268e-04 -1.2268e-04 -1.1678e-04 -0.0001 -1.1878e-04 -0.0001  1.4832e-02 -1.2074e-04 -1.1372e-04 -1.1058e-04 -1.0400e-04 -1.2074e-04
SIM5  -1.0432e-04 -1.1729e-04 -1.1100e-04 -0.0001  1.0000e+00 -1.1374e-04 -1.1729e-04 -0.0001 -0.0001 -1.1641e-04 -1.0530e-04 -0.0001 -1.0913e-04 -1.1007e-04  1.6286e-02 -1.1553e-04 -1.0432e-04 -1.1553e-04  1.5518e-02 -9.7186e-05 -1.0627e-04 -1.0723e-04 -1.1374e-04 -1.0432e-04 -1.1817e-04  1.9053e-02 -0.0001 -1.1641e-04 -0.0001 -0.0001  1.5400e-02  1.6018e-02  1.5518e-02 -1.0723e-04 -1.1100e-04 -1.1729e-04 -1.1729e-04 -0.0001 -1.1464e-04  1.5762e-02 -1.0913e-04 -0.0001 -1.1100e-04 -0.0001 -1.1374e-04 -1.1283e-04 -1.0627e-04 -1.0333e-04 -9.7186e-05 -1.1283e-04
SIM6  -1.0516e-04 -1.1824e-04 -1.1189e-04 -0.0001 -1.1374e-04  1.0000e+00 -1.1824e-04 -0.0001 -0.0001 -1.1735e-04 -1.0615e-04 -0.0001 -1.1001e-04 -1.1095e-04 -1.1189e-04 -1.1646e-04 -1.0516e-04 -1.1646e-04 -1.1735e-04 -9.7967e-05  1.6883e-02 -1.0809e-04 -1.1465e-04 -1.0516e-04 -1.1911e-04 -9.5814e-05 -0.0001 -1.1735e-04 -0.0001  0.0150 -1.1824e-04  1.5889e-02 -1.1735e-04 -1.0809e-04 -1.1189e-04 -1.1824e-04 -1.1824e-04 -0.0001 -1.1556e-04 -1.1556e-04 -1.1001e-04  0.0140 -1.1189e-04 -0.0001 -1.1465e-04 -1.1374e-04 -1.0712e-04 -1.0416e-04 -9.7967e-05 -1.1374e-04
SIM7  -1.0845e-04 -1.2193e-04 -1.1539e-04 -0.0001 -1.1729e-04 -1.1824e-04  1.0000e+00 -0.0001 -0.0001 -1.2102e-04 -1.0946e-04 -0.0001 -1.1345e-04 -1.1442e-04 -1.1539e-04 -1.2010e-04 -1.0845e-04  1.5035e-02  1.4919e-02 -1.0103e-04 -1.1047e-04 -1.1147e-04 -1.1824e-04 -1.0845e-04 -1.2284e-04 -9.8809e-05 -0.0001 -1.2102e-04 -0.0001 -0.0001 -1.2193e-04 -1.1729e-04 -1.2102e-04 -1.1147e-04 -1.1539e-04 -1.2193e-04 -1.2193e-04  0.0142 -1.1917e-04 -1.1917e-04 -1.1345e-04 -0.0001 -1.1539e-04 -0.0001  1.5275e-02 -1.1729e-04  1.6365e-02  1.6836e-02 -1.0103e-04 -1.1729e-04
SIM8  -1.1164e-04 -1.2552e-04 -1.1878e-04 -0.0001 -1.2074e-04 -1.2171e-04 -1.2552e-04  1.0000 -0.0001 -1.2458e-04 -1.1268e-04 -0.0001 -1.1678e-04 -1.1779e-04 -1.1878e-04 -1.2363e-04 -1.1164e-04 -1.2363e-04 -1.2458e-04 -1.0400e-04 -1.1372e-04 -1.1475e-04 -1.2171e-04 -1.1164e-04 -1.2645e-04 -1.0172e-04 -0.0001 -1.2458e-04 -0.0001 -0.0001 -1.2552e-04  3.0027e-02 -1.2458e-04 -1.1475e-04  1.5204e-02 -1.2552e-04 -1.2552e-04  0.0138 -1.2268e-04 -1.2268e-04 -1.1678e-04 -0.0001 -1.1878e-04 -0.0001 -1.2171e-04  3.0027e-02  1.5891e-02 -1.1058e-04 -1.0400e-04 -1.2074e-04
SIM9  -1.1242e-04  1.4273e-02 -1.1961e-04 -0.0001 -1.2159e-04 -1.2257e-04 -1.2640e-04 -0.0001  1.0000 -1.2545e-04  1.5926e-02  0.0128 -1.1760e-04 -1.1861e-04  1.5097e-02 -1.2450e-04 -1.1242e-04 -1.2450e-04 -1.2545e-04 -1.0473e-04 -1.1452e-04 -1.1556e-04  1.4727e-02 -1.1242e-04 -1.2734e-04 -1.0243e-04 -0.0001 -1.2545e-04 -0.0001 -0.0001  1.4273e-02 -1.2159e-04 -1.2545e-04 -1.1556e-04 -1.1961e-04  1.4273e-02 -1.2640e-04 -0.0001 -1.2354e-04 -1.2354e-04 -1.1760e-04  0.0130 -1.1961e-04 -0.0001 -1.2257e-04  1.4847e-02 -1.1452e-04 -1.1135e-04 -1.0473e-04 -1.2159e-04
SIM10 -1.0763e-04 -1.2102e-04 -1.1452e-04 -0.0001 -1.1641e-04 -1.1735e-04 -1.2102e-04 -0.0001 -0.0001  1.0000e+00 -1.0864e-04 -0.0001 -1.1260e-04 -1.1356e-04 -1.1452e-04 -1.1920e-04 -1.0763e-04 -1.1920e-04  1.5033e-02 -1.0027e-04 -1.0965e-04 -1.1064e-04  1.5393e-02 -1.0763e-04 -1.2192e-04 -9.8069e-05 -0.0001 -1.2011e-04 -0.0001 -0.0001 -1.2102e-04 -1.1641e-04 -1.2011e-04 -1.1064e-04 -1.1452e-04 -1.2102e-04 -1.2102e-04 -0.0001 -1.1828e-04 -1.1828e-04 -1.1260e-04 -0.0001  1.5778e-02 -0.0001 -1.1735e-04 -1.1641e-04 -1.0965e-04 -1.0661e-04 -1.0027e-04 -1.1641e-04
SIM11 -9.7357e-05 -1.0946e-04  1.7466e-02 -0.0001 -1.0530e-04 -1.0615e-04 -1.0946e-04 -0.0001  0.0159 -1.0864e-04  1.0000e+00 -0.0001 -1.0185e-04 -1.0272e-04 -1.0359e-04 -1.0782e-04 -9.7357e-05 -1.0782e-04  1.6644e-02 -9.0699e-05  1.8252e-02 -1.0007e-04 -1.0615e-04 -9.7357e-05 -1.1028e-04 -8.8705e-05 -0.0001 -1.0864e-04 -0.0001 -0.0001 -1.0946e-04  1.7179e-02 -1.0864e-04 -1.0007e-04 -1.0359e-04 -1.0946e-04 -1.0946e-04 -0.0001  1.6905e-02 -1.0698e-04 -1.0185e-04 -0.0001 -1.0359e-04 -0.0001 -1.0615e-04 -1.0530e-04 -9.9177e-05 -9.6434e-05 -9.0699e-05 -1.0530e-04
SIM12 -1.2070e-04 -1.3571e-04 -1.2843e-04 -0.0001 -1.3055e-04 -1.3160e-04 -1.3571e-04 -0.0001  0.0128 -1.3470e-04 -1.2184e-04  1.0000  1.4288e-02 -1.2735e-04 -1.2843e-04 -1.3367e-04 -1.2070e-04 -1.3367e-04 -1.3470e-04  1.6073e-02  2.9482e-02 -1.2407e-04 -1.3160e-04 -1.2070e-04 -1.3672e-04  1.6440e-02 -0.0001 -1.3470e-04 -0.0001 -0.0001 -1.3571e-04 -1.3055e-04 -1.3470e-04 -1.2407e-04 -1.2843e-04 -1.3571e-04 -1.3571e-04 -0.0001  2.7312e-02 -1.3264e-04 -1.2627e-04 -0.0001 -1.2843e-04 -0.0001 -1.3160e-04 -1.3055e-04 -1.2296e-04 -1.1956e-04 -1.1245e-04 -1.3055e-04
SIM13 -1.0090e-04  1.5930e-02 -1.0736e-04 -0.0001 -1.0913e-04 -1.1001e-04 -1.1345e-04 -0.0001 -0.0001 -1.1260e-04 -1.0185e-04  0.0143  1.0000e+00 -1.0646e-04 -1.0736e-04 -1.1174e-04 -1.0090e-04 -1.1174e-04 -1.1260e-04 -9.3999e-05 -1.0278e-04 -1.0371e-04 -1.1001e-04 -1.0090e-04 -1.1429e-04 -9.1932e-05 -0.0001 -1.1260e-04 -0.0001 -0.0001 -1.1345e-04 -1.0913e-04 -1.1260e-04 -1.0371e-04 -1.0736e-04 -1.1345e-04 -1.1345e-04 -0.0001 -1.1088e-04 -1.1088e-04 -1.0555e-04 -0.0001 -1.0736e-04 -0.0001 -1.1001e-04 -1.0913e-04 -1.0278e-04 -9.9942e-05 -9.3999e-05 -1.0913e-04
SIM14 -1.0176e-04  1.5793e-02 -1.0828e-04 -0.0001 -1.1007e-04 -1.1095e-04 -1.1442e-04 -0.0001 -0.0001 -1.1356e-04 -1.0272e-04 -0.0001 -1.0646e-04  1.0000e+00 -1.0828e-04 -1.1270e-04 -1.0176e-04 -1.1270e-04 -1.1356e-04  1.9102e-02  1.7453e-02  1.7294e-02 -1.1095e-04 -1.0176e-04 -1.1527e-04 -9.2722e-05 -0.0001 -1.1356e-04 -0.0001 -0.0001 -1.1442e-04 -1.1007e-04 -1.1356e-04 -1.0461e-04 -1.0828e-04 -1.1442e-04  3.1699e-02 -0.0001 -1.1183e-04 -1.1183e-04 -1.0646e-04  0.0144 -1.0828e-04 -0.0001 -1.1095e-04 -1.1007e-04 -1.0367e-04 -1.0080e-04 -9.4806e-05 -1.1007e-04
SIM15 -1.0262e-04 -1.1539e-04 -1.0919e-04  0.0152  1.6286e-02 -1.1189e-04 -1.1539e-04 -0.0001  0.0151 -1.1452e-04 -1.0359e-04 -0.0001 -1.0736e-04 -1.0828e-04  1.0000e+00 -1.1365e-04 -1.0262e-04 -1.1365e-04 -1.1452e-04  1.8941e-02 -1.0454e-04 -1.0549e-04  1.6155e-02 -1.0262e-04 -1.1624e-04 -9.3504e-05  0.0153 -1.1452e-04 -0.0001 -0.0001 -1.1539e-04 -1.1100e-04 -1.1452e-04 -1.0549e-04 -1.0919e-04 -1.1539e-04 -1.1539e-04 -0.0001 -1.1277e-04 -1.1277e-04  1.6846e-02 -0.0001 -1.0919e-04 -0.0001 -1.1189e-04 -1.1100e-04  1.7305e-02 -1.0165e-04 -9.5606e-05 -1.1100e-04
SIM16 -1.0681e-04 -1.2010e-04 -1.1365e-04  0.0146 -1.1553e-04 -1.1646e-04 -1.2010e-04 -0.0001 -0.0001 -1.1920e-04 -1.0782e-04 -0.0001 -1.1174e-04 -1.1270e-04 -1.1365e-04  1.0000e+00 -1.0681e-04 -1.1829e-04 -1.1920e-04 -9.9510e-05 -1.0881e-04 -1.0980e-04 -1.1646e-04  1.6932e-02 -1.2099e-04 -9.7323e-05 -0.0001 -1.1920e-04 -0.0001 -0.0001 -1.2010e-04 -1.1553e-04 -1.1920e-04 -1.0980e-04 -1.1365e-04 -1.2010e-04 -1.2010e-04  0.0144 -1.1738e-04 -1.1738e-04 -1.1174e-04 -0.0001 -1.1365e-04 -0.0001 -1.1646e-04 -1.1553e-04 -1.0881e-04 -1.0580e-04 -9.9510e-05 -1.1553e-04
