*********************************************************************
* LD Score Regression (LDSC)
* Version 1.0.1
* (C) 2014-2019 Brendan Bulik-Sullivan and Hilary Finucane
* Broad Institute of MIT and Harvard / MIT Department of Mathematics
* GNU General Public License v3
*********************************************************************
Call: 
./ldsc.py \
--out /data/sbcs/GuoLab/backup/liq17/CRC_TF_TWAS_zhishan2024/NC_revision_OceanCode/v2_NC_revision//84Tracks//ldscores_sim10000//1 \
--bfile /data/sbcs/GuoLab/backup/liq17/ref/Alkesgroup/1000G_EUR_Phase3_plink_hg38/1000G.EUR.QC.1 \
--annot /data/sbcs/GuoLab/backup/liq17/CRC_TF_TWAS_zhishan2024/NC_revision_OceanCode/v2_NC_revision//84Tracks//annots_sim10000//1.annot.txt \
--l2  \
--ld-wind-kb 100.0 

Beginning analysis at Sun Oct 26 21:21:14 2025
Read list of 778603 SNPs from /data/sbcs/GuoLab/backup/liq17/ref/Alkesgroup/1000G_EUR_Phase3_plink_hg38/1000G.EUR.QC.1.bim
Read 50 annotations for 778603 SNPs from /data/sbcs/GuoLab/backup/liq17/CRC_TF_TWAS_zhishan2024/NC_revision_OceanCode/v2_NC_revision//84Tracks//annots_sim10000//1.annot.txt
Read list of 489 individuals from /data/sbcs/GuoLab/backup/liq17/ref/Alkesgroup/1000G_EUR_Phase3_plink_hg38/1000G.EUR.QC.1.fam
Reading genotypes from /data/sbcs/GuoLab/backup/liq17/ref/Alkesgroup/1000G_EUR_Phase3_plink_hg38/1000G.EUR.QC.1.bed
Estimating LD Score.
Writing LD Scores for 778603 SNPs to /data/sbcs/GuoLab/backup/liq17/CRC_TF_TWAS_zhishan2024/NC_revision_OceanCode/v2_NC_revision//84Tracks//ldscores_sim10000//1.l2.ldscore.gz

Summary of LD Scores in /data/sbcs/GuoLab/backup/liq17/CRC_TF_TWAS_zhishan2024/NC_revision_OceanCode/v2_NC_revision//84Tracks//ldscores_sim10000//1.l2.ldscore.gz
         MAF  SIM1L2  SIM2L2  SIM3L2  SIM4L2  SIM5L2  SIM6L2  SIM7L2  SIM8L2  SIM9L2  SIM10L2  SIM11L2  SIM12L2  SIM13L2  SIM14L2  SIM15L2  SIM16L2  SIM17L2  SIM18L2  SIM19L2  SIM20L2  SIM21L2  SIM22L2  SIM23L2  SIM24L2  SIM25L2  SIM26L2  SIM27L2  SIM28L2  SIM29L2  SIM30L2  SIM31L2  SIM32L2  SIM33L2  SIM34L2  SIM35L2  SIM36L2  SIM37L2  SIM38L2  SIM39L2  SIM40L2  SIM41L2  SIM42L2  SIM43L2  SIM44L2  SIM45L2  SIM46L2  SIM47L2  SIM48L2  SIM49L2  SIM50L2
mean  0.1452  0.0632  0.0630  0.0573  0.0637  0.0638  0.0626  0.0626  0.0636  0.0649   0.0609   0.0615   0.0620   0.0649   0.0606   0.0575   0.0617   0.0632   0.0608   0.0593   0.0596   0.0619   0.0650   0.0651   0.0639   0.0662   0.0580   0.0615   0.0634   0.0630   0.0623   0.0666   0.0610   0.0648   0.0651   0.0617   0.0640   0.0595   0.0602   0.0621   0.0640   0.0578   0.0636   0.0659   0.0614   0.0645   0.0623   0.0632   0.0664   0.0575   0.0601
std   0.1490  0.2088  0.2055  0.1989  0.2028  0.2036  0.1985  0.2043  0.2079  0.2145   0.1997   0.2015   0.2058   0.2172   0.2055   0.1932   0.1966   0.2117   0.2077   0.1998   0.1994   0.1979   0.2089   0.2041   0.2082   0.2100   0.1950   0.2063   0.2096   0.2089   0.2060   0.2047   0.1975   0.2043   0.2137   0.2028   0.2102   0.1969   0.2017   0.2097   0.2083   0.1992   0.2037   0.2118   0.2017   0.2097   0.2025   0.2021   0.2137   0.1933   0.1970
min   0.0051 -0.0133 -0.0107 -0.0120 -0.0102 -0.0132 -0.0119 -0.0138 -0.0103 -0.0132  -0.0105  -0.0141  -0.0129  -0.0119  -0.0110  -0.0106  -0.0117  -0.0103  -0.0141  -0.0100  -0.0112  -0.0112  -0.0126  -0.0124  -0.0134  -0.0118  -0.0106  -0.0113  -0.0149  -0.0141  -0.0097  -0.0129  -0.0097  -0.0110  -0.0117  -0.0105  -0.0109  -0.0109  -0.0150  -0.0126  -0.0118  -0.0121  -0.0165  -0.0118  -0.0120  -0.0122  -0.0109  -0.0110  -0.0124  -0.0099  -0.0101
25%   0.0174  0.0000  0.0000  0.0000  0.0000  0.0000  0.0000  0.0000  0.0000  0.0000   0.0000   0.0000   0.0000   0.0000   0.0000   0.0000   0.0000   0.0000   0.0000   0.0000   0.0000   0.0000   0.0000   0.0000   0.0000   0.0000   0.0000   0.0000   0.0000   0.0000   0.0000   0.0000   0.0000   0.0000   0.0000   0.0000   0.0000   0.0000   0.0000   0.0000   0.0000   0.0000   0.0000   0.0000   0.0000   0.0000   0.0000   0.0000   0.0000   0.0000   0.0000
50%   0.0818  0.0000  0.0000  0.0000  0.0000  0.0000  0.0000  0.0000  0.0000  0.0000   0.0000   0.0000   0.0000   0.0000   0.0000   0.0000   0.0000   0.0000   0.0000   0.0000   0.0000   0.0000   0.0000   0.0000   0.0000   0.0000   0.0000   0.0000   0.0000   0.0000   0.0000   0.0000   0.0000   0.0000   0.0000   0.0000   0.0000   0.0000   0.0000   0.0000   0.0000   0.0000   0.0000   0.0000   0.0000   0.0000   0.0000   0.0000   0.0000   0.0000   0.0000
75%   0.2505  0.0104  0.0111  0.0088  0.0113  0.0114  0.0123  0.0119  0.0116  0.0098   0.0115   0.0108   0.0113   0.0109   0.0106   0.0087   0.0116   0.0102   0.0099   0.0094   0.0107   0.0121   0.0111   0.0138   0.0120   0.0133   0.0089   0.0094   0.0113   0.0107   0.0099   0.0121   0.0106   0.0126   0.0117   0.0108   0.0111   0.0094   0.0095   0.0097   0.0115   0.0085   0.0121   0.0109   0.0114   0.0104   0.0108   0.0121   0.0126   0.0088   0.0104
max   0.5000  2.9049  2.9221  3.2235  2.5400  2.4075  2.3608  2.7560  2.2467  2.3957   2.8618   2.4372   2.8796   3.0017   4.0233   3.3101   2.0545   3.6353   2.5943   2.5590   2.0952   2.3659   3.0082   2.5879   2.6325   2.7769   2.7953   2.9420   3.0601   2.9325   2.7006   2.1660   2.5571   2.0614   2.9901   2.4437   3.1060   2.1041   2.7957   2.9660   3.2370   2.9924   2.3542   2.5465   2.6988   2.8937   2.8500   2.2196   2.8613   2.5251   2.4699

MAF/LD Score Correlation Matrix
            MAF  SIM1L2  SIM2L2  SIM3L2  SIM4L2  SIM5L2  SIM6L2  SIM7L2  SIM8L2  SIM9L2  SIM10L2  SIM11L2  SIM12L2  SIM13L2  SIM14L2  SIM15L2  SIM16L2  SIM17L2  SIM18L2  SIM19L2  SIM20L2  SIM21L2  SIM22L2  SIM23L2  SIM24L2  SIM25L2  SIM26L2  SIM27L2  SIM28L2  SIM29L2  SIM30L2  SIM31L2  SIM32L2  SIM33L2  SIM34L2  SIM35L2  SIM36L2  SIM37L2  SIM38L2  SIM39L2  SIM40L2  SIM41L2  SIM42L2  SIM43L2  SIM44L2  SIM45L2  SIM46L2  SIM47L2  SIM48L2  SIM49L2  SIM50L2
MAF      1.0000  0.1292  0.1100  0.0968  0.1337  0.1448  0.1563  0.1200  0.1426  0.1195   0.1140   0.1071   0.1098   0.1053   0.1091   0.1266   0.1270   0.1344   0.1167   0.1101   0.1064   0.1305   0.1411   0.1253   0.1373   0.1214   0.1224   0.0999   0.1310   0.1137   0.1192   0.1460   0.1269   0.1477   0.1331   0.1202   0.1131   0.1328   0.0991   0.0946   0.1201   0.1040   0.1087   0.1266   0.1164   0.1322   0.1416   0.1420   0.1481   0.1173   0.1019
SIM1L2   0.1292  1.0000  0.1311  0.1308  0.1252  0.1531  0.1293  0.1209  0.1393  0.1205   0.1256   0.1765   0.1405   0.1096   0.1469   0.0983   0.1261   0.1497   0.1195   0.1158   0.1283   0.1234   0.1169   0.0991   0.1738   0.1601   0.1592   0.0922   0.1514   0.1635   0.1137   0.1025   0.1308   0.1020   0.1516   0.1559   0.1328   0.1410   0.1000   0.1365   0.1219   0.1197   0.1527   0.1370   0.1471   0.1480   0.1233   0.1668   0.1075   0.1116   0.1179
SIM2L2   0.1100  0.1311  1.0000  0.1508  0.1466  0.1664  0.1210  0.1442  0.1138  0.1213   0.1138   0.1496   0.1766   0.1655   0.1058   0.1302   0.1465   0.1739   0.1329   0.1104   0.1531   0.1524   0.1305   0.1105   0.1538   0.1737   0.1162   0.1349   0.1276   0.1721   0.1655   0.1438   0.1490   0.1025   0.1360   0.1437   0.1418   0.1051   0.1222   0.1450   0.0853   0.1509   0.1598   0.1223   0.1224   0.1582   0.1287   0.1474   0.1606   0.1270   0.0925
SIM3L2   0.0968  0.1308  0.1508  1.0000  0.1258  0.1807  0.1388  0.1354  0.1231  0.1271   0.1306   0.1050   0.1461   0.1366   0.1144   0.1496   0.1352   0.1170   0.1122   0.1159   0.1189   0.1350   0.1422   0.1155   0.1378   0.1153   0.1409   0.1547   0.1077   0.1505   0.1542   0.0829   0.1278   0.1398   0.1715   0.1961   0.1229   0.0933   0.1048   0.1251   0.1554   0.1253   0.1339   0.1232   0.1409   0.1347   0.1229   0.1425   0.1154   0.1524   0.1269
SIM4L2   0.1337  0.1252  0.1466  0.1258  1.0000  0.1350  0.1025  0.1178  0.1387  0.1352   0.1393   0.1937   0.1085   0.1696   0.1043   0.1418   0.1280   0.1662   0.1320   0.1205   0.1194   0.1551   0.1403   0.1161   0.1589   0.1691   0.1459   0.1259   0.0972   0.1109   0.1701   0.1463   0.1327   0.1626   0.1353   0.1421   0.1238   0.1677   0.1123   0.1317   0.1235   0.1228   0.1152   0.1653   0.0982   0.1320   0.1079   0.1688   0.1317   0.1418   0.1240
SIM5L2   0.1448  0.1531  0.1664  0.1807  0.1350  1.0000  0.1269  0.1545  0.1505  0.1237   0.1047   0.1307   0.1528   0.1872   0.1426   0.1372   0.1469   0.1361   0.1446   0.1267   0.1284   0.1392   0.1534   0.1337   0.1144   0.1537   0.1724   0.1324   0.1222   0.1686   0.1546   0.1752   0.1804   0.1233   0.1571   0.1110   0.1533   0.1357   0.1554   0.1614   0.1752   0.1365   0.1675   0.1411   0.1329   0.1528   0.1603   0.1386   0.1518   0.1532   0.1141
SIM6L2   0.1563  0.1293  0.1210  0.1388  0.1025  0.1269  1.0000  0.1264  0.1385  0.1538   0.1062   0.0976   0.1560   0.1859   0.1342   0.1555   0.1024   0.1319   0.1237   0.1143   0.1228   0.1496   0.1583   0.1234   0.1345   0.1076   0.1233   0.1609   0.1465   0.1407   0.1349   0.1290   0.1246   0.1435   0.1249   0.1614   0.1485   0.1195   0.1290   0.1089   0.1449   0.0953   0.1143   0.1434   0.1022   0.1363   0.1458   0.1133   0.1216   0.1630   0.1521
SIM7L2   0.1200  0.1209  0.1442  0.1354  0.1178  0.1545  0.1264  1.0000  0.1217  0.1616   0.1282   0.1377   0.0919   0.1434   0.1463   0.1089   0.1443   0.1659   0.1623   0.1443   0.1391   0.1096   0.1007   0.1525   0.1353   0.1238   0.1423   0.1143   0.1739   0.1448   0.1564   0.1247   0.1601   0.1019   0.1870   0.1165   0.2139   0.1292   0.1228   0.1143   0.1540   0.1216   0.1254   0.1417   0.1197   0.1327   0.1121   0.1448   0.1287   0.1153   0.1065
SIM8L2   0.1426  0.1393  0.1138  0.1231  0.1387  0.1505  0.1385  0.1217  1.0000  0.1288   0.1179   0.1429   0.1315   0.1040   0.1104   0.1665   0.1226   0.1062   0.0899   0.1135   0.1099   0.1253   0.1169   0.1097   0.1131   0.1508   0.1228   0.1499   0.1613   0.1278   0.0784   0.1142   0.1123   0.0765   0.1243   0.1603   0.1107   0.1288   0.1093   0.1035   0.1325   0.0976   0.1559   0.1434   0.1250   0.1303   0.1804   0.1331   0.1795   0.1227   0.1177
SIM9L2   0.1195  0.1205  0.1213  0.1271  0.1352  0.1237  0.1538  0.1616  0.1288  1.0000   0.1570   0.1660   0.1434   0.2022   0.1642   0.1617   0.1174   0.1427   0.1446   0.1577   0.1377   0.1321   0.1528   0.1397   0.1510   0.1448   0.1449   0.1574   0.1392   0.1697   0.1498   0.1344   0.1329   0.1645   0.1290   0.1913   0.1871   0.1658   0.1456   0.1096   0.1708   0.1327   0.1103   0.1689   0.1237   0.1686   0.1104   0.1266   0.1831   0.1507   0.1376
SIM10L2  0.1140  0.1256  0.1138  0.1306  0.1393  0.1047  0.1062  0.1282  0.1179  0.1570   1.0000   0.1500   0.1401   0.1312   0.1290   0.1617   0.0903   0.1484   0.0902   0.1417   0.0833   0.1192   0.1107   0.1134   0.1790   0.1574   0.1445   0.1335   0.1466   0.1154   0.1411   0.1451   0.1462   0.1197   0.1888   0.1356   0.1744   0.1618   0.0874   0.1341   0.1039   0.0808   0.1164   0.1262   0.1563   0.1259   0.1297   0.1330   0.1467   0.1095   0.0980
SIM11L2  0.1071  0.1765  0.1496  0.1050  0.1937  0.1307  0.0976  0.1377  0.1429  0.1660   0.1500   1.0000   0.1541   0.1770   0.1089   0.1334   0.1556   0.1673   0.1378   0.1345   0.1400   0.1297   0.1368   0.1549   0.1745   0.1485   0.1491   0.1647   0.1705   0.1208   0.1567   0.1413   0.1307   0.1305   0.1493   0.1591   0.1602   0.1394   0.1603   0.1765   0.1113   0.1098   0.1262   0.1269   0.1263   0.1532   0.1584   0.1415   0.2184   0.1277   0.0966
SIM12L2  0.1098  0.1405  0.1766  0.1461  0.1085  0.1528  0.1560  0.0919  0.1315  0.1434   0.1401   0.1541   1.0000   0.1413   0.1144   0.1429   0.0960   0.1504   0.0852   0.1153   0.1376   0.1191   0.1413   0.1316   0.1420   0.1660   0.1546   0.1817   0.1448   0.1265   0.1365   0.1620   0.1449   0.1490   0.1205   0.1682   0.1531   0.1422   0.1244   0.1183   0.1361   0.1230   0.1592   0.1575   0.1281   0.1356   0.1559   0.1016   0.1910   0.1090   0.1597
SIM13L2  0.1053  0.1096  0.1655  0.1366  0.1696  0.1872  0.1859  0.1434  0.1040  0.2022   0.1312   0.1770   0.1413   1.0000   0.0928   0.1070   0.1095   0.1296   0.1365   0.1619   0.0925   0.1385   0.1459   0.1409   0.1544   0.1270   0.1448   0.1373   0.1835   0.1173   0.1812   0.1216   0.1710   0.1186   0.1795   0.1603   0.1748   0.1549   0.1542   0.1446   0.0947   0.1231   0.1522   0.1411   0.1230   0.1478   0.1114   0.1371   0.1790   0.1292   0.1157
SIM14L2  0.1091  0.1469  0.1058  0.1144  0.1043  0.1426  0.1342  0.1463  0.1104  0.1642   0.1290   0.1089   0.1144   0.0928   1.0000   0.1394   0.1353   0.1220   0.1810   0.1169   0.1143   0.1280   0.1130   0.1442   0.1353   0.1325   0.1447   0.1240   0.1078   0.1306   0.1327   0.1392   0.1165   0.1444   0.1509   0.1548   0.1273   0.1089   0.0888   0.1573   0.1550   0.0849   0.1269   0.1504   0.1372   0.1210   0.1244   0.1161   0.1316   0.1446   0.1155
SIM15L2  0.1266  0.0983  0.1302  0.1496  0.1418  0.1372  0.1555  0.1089  0.1665  0.1617   0.1617   0.1334   0.1429   0.1070   0.1394   1.0000   0.1586   0.0922   0.1523   0.1206   0.1103   0.1304   0.1182   0.1228   0.1180   0.1150   0.1521   0.1623   0.0968   0.1872   0.1510   0.1229   0.1334   0.1072   0.1330   0.1605   0.0907   0.1129   0.0960   0.0976   0.1453   0.1261   0.1103   0.1665   0.0950   0.1047   0.1548   0.1131   0.1545   0.1411   0.1322
SIM16L2  0.1270  0.1261  0.1465  0.1352  0.1280  0.1469  0.1024  0.1443  0.1226  0.1174   0.0903   0.1556   0.0960   0.1095   0.1353   0.1586   1.0000   0.1427   0.1728   0.1132   0.0973   0.1297   0.1117   0.1200   0.1306   0.0939   0.1121   0.1167   0.1094   0.1612   0.1606   0.1770   0.1443   0.1155   0.1528   0.1665   0.1240   0.1681   0.1183   0.1643   0.1200   0.1890   0.1386   0.1470   0.1456   0.1065   0.1263   0.1506   0.1450   0.1208   0.1367
SIM17L2  0.1344  0.1497  0.1739  0.1170  0.1662  0.1361  0.1319  0.1659  0.1062  0.1427   0.1484   0.1673   0.1504   0.1296   0.1220   0.0922   0.1427   1.0000   0.1327   0.1308   0.1141   0.1605   0.1283   0.1291   0.1564   0.1213   0.1391   0.1685   0.1501   0.1164   0.1454   0.1457   0.1241   0.1414   0.1819   0.1560   0.1801   0.1146   0.1689   0.1210   0.1081   0.0926   0.0955   0.1231   0.1019   0.1836   0.1425   0.1475   0.1396   0.1470   0.0960
SIM18L2  0.1167  0.1195  0.1329  0.1122  0.1320  0.1446  0.1237  0.1623  0.0899  0.1446   0.0902   0.1378   0.0852   0.1365   0.1810   0.1523   0.1728   0.1327   1.0000   0.1158   0.1079   0.1710   0.1358   0.1192   0.1251   0.1263   0.1044   0.1613   0.1155   0.1120   0.1370   0.1635   0.1434   0.1462   0.1185   0.1205   0.1313   0.1183   0.1425   0.1827   0.0957   0.1366   0.1129   0.1493   0.1635   0.1085   0.1207   0.1167   0.1430   0.0916   0.1230
SIM19L2  0.1101  0.1158  0.1104  0.1159  0.1205  0.1267  0.1143  0.1443  0.1135  0.1577   0.1417   0.1345   0.1153   0.1619   0.1169   0.1206   0.1132   0.1308   0.1158   1.0000   0.1185   0.1220   0.1353   0.1375   0.1458   0.2012   0.1987   0.1370   0.1344   0.1479   0.1503   0.1375   0.1658   0.1432   0.1447   0.1880   0.1530   0.1249   0.1159   0.1700   0.1316   0.1053   0.1360   0.1356   0.1195   0.1388   0.1348   0.1135   0.1195   0.1502   0.1155
SIM20L2  0.1064  0.1283  0.1531  0.1189  0.1194  0.1284  0.1228  0.1391  0.1099  0.1377   0.0833   0.1400   0.1376   0.0925   0.1143   0.1103   0.0973   0.1141   0.1079   0.1185   1.0000   0.1502   0.1230   0.1272   0.1443   0.1012   0.1229   0.1581   0.1224   0.1386   0.1190   0.1130   0.0997   0.1356   0.1017   0.1119   0.0791   0.1249   0.1433   0.1231   0.1363   0.1212   0.1048   0.1317   0.1023   0.1491   0.1483   0.1177   0.1500   0.1164   0.0953
SIM21L2  0.1305  0.1234  0.1524  0.1350  0.1551  0.1392  0.1496  0.1096  0.1253  0.1321   0.1192   0.1297   0.1191   0.1385   0.1280   0.1304   0.1297   0.1605   0.1710   0.1220   0.1502   1.0000   0.1543   0.1083   0.1406   0.1241   0.1364   0.1420   0.1776   0.1534   0.1274   0.1609   0.1419   0.1633   0.1404   0.1435   0.1328   0.1022   0.1356   0.1514   0.1080   0.1191   0.1230   0.1357   0.0996   0.1422   0.1664   0.1609   0.1667   0.1352   0.1617
SIM22L2  0.1411  0.1169  0.1305  0.1422  0.1403  0.1534  0.1583  0.1007  0.1169  0.1528   0.1107   0.1368   0.1413   0.1459   0.1130   0.1182   0.1117   0.1283   0.1358   0.1353   0.1230   0.1543   1.0000   0.1090   0.1334   0.1153   0.1584   0.1400   0.1587   0.0947   0.1364   0.1614   0.1388   0.1326   0.1345   0.1814   0.1300   0.1148   0.1359   0.1542   0.1850   0.1337   0.1542   0.1646   0.1327   0.1376   0.1395   0.1353   0.1810   0.1406   0.1244
SIM23L2  0.1253  0.0991  0.1105  0.1155  0.1161  0.1337  0.1234  0.1525  0.1097  0.1397   0.1134   0.1549   0.1316   0.1409   0.1442   0.1228   0.1200   0.1291   0.1192   0.1375   0.1272   0.1083   0.1090   1.0000   0.1495   0.1050   0.1395   0.1338   0.1462   0.1080   0.1344   0.1617   0.1166   0.1241   0.1213   0.1508   0.1207   0.1260   0.1467   0.1002   0.1174   0.1098   0.0965   0.1489   0.1318   0.1383   0.1154   0.1504   0.1116   0.1304   0.1005
SIM24L2  0.1373  0.1738  0.1538  0.1378  0.1589  0.1144  0.1345  0.1353  0.1131  0.1510   0.1790   0.1745   0.1420   0.1544   0.1353   0.1180   0.1306   0.1564   0.1251   0.1458   0.1443   0.1406   0.1334   0.1495   1.0000   0.1861   0.1465   0.1845   0.1407   0.1391   0.1423   0.1532   0.1527   0.1250   0.1704   0.1727   0.1722   0.1450   0.1388   0.1424   0.1450   0.1358   0.1265   0.1413   0.1780   0.1852   0.1954   0.1651   0.1294   0.1366   0.1390
SIM25L2  0.1214  0.1601  0.1737  0.1153  0.1691  0.1537  0.1076  0.1238  0.1508  0.1448   0.1574   0.1485   0.1660   0.1270   0.1325   0.1150   0.0939   0.1213   0.1263   0.2012   0.1012   0.1241   0.1153   0.1050   0.1861   1.0000   0.1594   0.1416   0.1393   0.1444   0.1492   0.1395   0.1642   0.1253   0.1396   0.1549   0.1739   0.1552   0.1137   0.1395   0.0990   0.1195   0.1357   0.1548   0.1350   0.1334   0.1486   0.1131   0.1558   0.1112   0.1137
SIM26L2  0.1224  0.1592  0.1162  0.1409  0.1459  0.1724  0.1233  0.1423  0.1228  0.1449   0.1445   0.1491   0.1546   0.1448   0.1447   0.1521   0.1121   0.1391   0.1044   0.1987   0.1229   0.1364   0.1584   0.1395   0.1465   0.1594   1.0000   0.1286   0.1862   0.1154   0.1219   0.1470   0.1440   0.1321   0.1199   0.1653   0.1403   0.1528   0.1256   0.1225   0.1436   0.1179   0.1334   0.1437   0.1077   0.1408   0.1395   0.1330   0.1654   0.1395   0.1057
SIM27L2  0.0999  0.0922  0.1349  0.1547  0.1259  0.1324  0.1609  0.1143  0.1499  0.1574   0.1335   0.1647   0.1817   0.1373   0.1240   0.1623   0.1167   0.1685   0.1613   0.1370   0.1581   0.1420   0.1400   0.1338   0.1845   0.1416   0.1286   1.0000   0.1371   0.1135   0.1371   0.1719   0.1698   0.1547   0.1541   0.1504   0.1248   0.0783   0.1535   0.1543   0.1185   0.1487   0.1265   0.1504   0.1303   0.1288   0.1632   0.1253   0.1637   0.1331   0.1247
SIM28L2  0.1310  0.1514  0.1276  0.1077  0.0972  0.1222  0.1465  0.1739  0.1613  0.1392   0.1466   0.1705   0.1448   0.1835   0.1078   0.0968   0.1094   0.1501   0.1155   0.1344   0.1224   0.1776   0.1587   0.1462   0.1407   0.1393   0.1862   0.1371   1.0000   0.0967   0.1395   0.1494   0.1326   0.1175   0.1395   0.1626   0.1535   0.1253   0.1482   0.1110   0.1434   0.0872   0.1548   0.1485   0.1509   0.1272   0.1244   0.1654   0.1695   0.1402   0.1008
SIM29L2  0.1137  0.1635  0.1721  0.1505  0.1109  0.1686  0.1407  0.1448  0.1278  0.1697   0.1154   0.1208   0.1265   0.1173   0.1306   0.1872   0.1612   0.1164   0.1120   0.1479   0.1386   0.1534   0.0947   0.1080   0.1391   0.1444   0.1154   0.1135   0.0967   1.0000   0.1097   0.1149   0.1447   0.0999   0.1270   0.1855   0.1204   0.1376   0.0724   0.1162   0.1402   0.1412   0.1491   0.1214   0.1046   0.1226   0.1379   0.1090   0.1191   0.1558   0.1454
SIM30L2  0.1192  0.1137  0.1655  0.1542  0.1701  0.1546  0.1349  0.1564  0.0784  0.1498   0.1411   0.1567   0.1365   0.1812   0.1327   0.1510   0.1606   0.1454   0.1370   0.1503   0.1190   0.1274   0.1364   0.1344   0.1423   0.1492   0.1219   0.1371   0.1395   0.1097   1.0000   0.1547   0.1588   0.1090   0.1731   0.1661   0.1764   0.1312   0.1570   0.1433   0.1270   0.1516   0.1326   0.1397   0.1114   0.1736   0.1186   0.1259   0.1427   0.1597   0.1164
SIM31L2  0.1460  0.1025  0.1438  0.0829  0.1463  0.1752  0.1290  0.1247  0.1142  0.1344   0.1451   0.1413   0.1620   0.1216   0.1392   0.1229   0.1770   0.1457   0.1635   0.1375   0.1130   0.1609   0.1614   0.1617   0.1532   0.1395   0.1470   0.1719   0.1494   0.1149   0.1547   1.0000   0.1422   0.1221   0.1195   0.1284   0.1299   0.1268   0.1274   0.1457   0.1403   0.1178   0.1239   0.1973   0.1663   0.1484   0.1491   0.1228   0.1649   0.1352   0.1444
SIM32L2  0.1269  0.1308  0.1490  0.1278  0.1327  0.1804  0.1246  0.1601  0.1123  0.1329   0.1462   0.1307   0.1449   0.1710   0.1165   0.1334   0.1443   0.1241   0.1434   0.1658   0.0997   0.1419   0.1388   0.1166   0.1527   0.1642   0.1440   0.1698   0.1326   0.1447   0.1588   0.1422   1.0000   0.1196   0.1330   0.1472   0.1720   0.1258   0.1126   0.1581   0.1180   0.1234   0.1711   0.1646   0.1214   0.1522   0.1396   0.1397   0.1638   0.1065   0.1444
SIM33L2  0.1477  0.1020  0.1025  0.1398  0.1626  0.1233  0.1435  0.1019  0.0765  0.1645   0.1197   0.1305   0.1490   0.1186   0.1444   0.1072   0.1155   0.1414   0.1462   0.1432   0.1356   0.1633   0.1326   0.1241   0.1250   0.1253   0.1321   0.1547   0.1175   0.0999   0.1090   0.1221   0.1196   1.0000   0.1227   0.1444   0.1382   0.1128   0.1582   0.1271   0.1409   0.0903   0.1149   0.1612   0.1101   0.1550   0.1538   0.1286   0.1572   0.1359   0.1680
SIM34L2  0.1331  0.1516  0.1360  0.1715  0.1353  0.1571  0.1249  0.1870  0.1243  0.1290   0.1888   0.1493   0.1205   0.1795   0.1509   0.1330   0.1528   0.1819   0.1185   0.1447   0.1017   0.1404   0.1345   0.1213   0.1704   0.1396   0.1199   0.1541   0.1395   0.1270   0.1731   0.1195   0.1330   0.1227   1.0000   0.1353   0.1556   0.1086   0.1440   0.1313   0.1347   0.0776   0.1537   0.1017   0.1730   0.1176   0.1529   0.1351   0.1437   0.1639   0.1279
SIM35L2  0.1202  0.1559  0.1437  0.1961  0.1421  0.1110  0.1614  0.1165  0.1603  0.1913   0.1356   0.1591   0.1682   0.1603   0.1548   0.1605   0.1665   0.1560   0.1205   0.1880   0.1119   0.1435   0.1814   0.1508   0.1727   0.1549   0.1653   0.1504   0.1626   0.1855   0.1661   0.1284   0.1472   0.1444   0.1353   1.0000   0.1562   0.1002   0.1272   0.1697   0.1182   0.1392   0.1640   0.1217   0.1288   0.1122   0.1685   0.1054   0.2028   0.1642   0.1349
SIM36L2  0.1131  0.1328  0.1418  0.1229  0.1238  0.1533  0.1485  0.2139  0.1107  0.1871   0.1744   0.1602   0.1531   0.1748   0.1273   0.0907   0.1240   0.1801   0.1313   0.1530   0.0791   0.1328   0.1300   0.1207   0.1722   0.1739   0.1403   0.1248   0.1535   0.1204   0.1764   0.1299   0.1720   0.1382   0.1556   0.1562   1.0000   0.1389   0.1407   0.1144   0.1146   0.0799   0.1387   0.1115   0.0998   0.1668   0.1300   0.1281   0.2068   0.1164   0.0943
SIM37L2  0.1328  0.1410  0.1051  0.0933  0.1677  0.1357  0.1195  0.1292  0.1288  0.1658   0.1618   0.1394   0.1422   0.1549   0.1089   0.1129   0.1681   0.1146   0.1183   0.1249   0.1249   0.1022   0.1148   0.1260   0.1450   0.1552   0.1528   0.0783   0.1253   0.1376   0.1312   0.1268   0.1258   0.1128   0.1086   0.1002   0.1389   1.0000   0.1242   0.1358   0.1342   0.0924   0.1176   0.1498   0.1020   0.1150   0.1063   0.1235   0.1150   0.0765   0.1282
SIM38L2  0.0991  0.1000  0.1222  0.1048  0.1123  0.1554  0.1290  0.1228  0.1093  0.1456   0.0874   0.1603   0.1244   0.1542   0.0888   0.0960   0.1183   0.1689   0.1425   0.1159   0.1433   0.1356   0.1359   0.1467   0.1388   0.1137   0.1256   0.1535   0.1482   0.0724   0.1570   0.1274   0.1126   0.1582   0.1440   0.1272   0.1407   0.1242   1.0000   0.1572   0.1213   0.1280   0.1379   0.1507   0.1094   0.1510   0.1450   0.1293   0.1740   0.1384   0.1283
SIM39L2  0.0946  0.1365  0.1450  0.1251  0.1317  0.1614  0.1089  0.1143  0.1035  0.1096   0.1341   0.1765   0.1183   0.1446   0.1573   0.0976   0.1643   0.1210   0.1827   0.1700   0.1231   0.1514   0.1542   0.1002   0.1424   0.1395   0.1225   0.1543   0.1110   0.1162   0.1433   0.1457   0.1581   0.1271   0.1313   0.1697   0.1144   0.1358   0.1572   1.0000   0.1057   0.1801   0.1571   0.1430   0.1251   0.1275   0.1668   0.1230   0.1645   0.1400   0.1240
SIM40L2  0.1201  0.1219  0.0853  0.1554  0.1235  0.1752  0.1449  0.1540  0.1325  0.1708   0.1039   0.1113   0.1361   0.0947   0.1550   0.1453   0.1200   0.1081   0.0957   0.1316   0.1363   0.1080   0.1850   0.1174   0.1450   0.0990   0.1436   0.1185   0.1434   0.1402   0.1270   0.1403   0.1180   0.1409   0.1347   0.1182   0.1146   0.1342   0.1213   0.1057   1.0000   0.1126   0.1432   0.1308   0.1258   0.1396   0.1132   0.1301   0.0949   0.1434   0.0987
SIM41L2  0.1040  0.1197  0.1509  0.1253  0.1228  0.1365  0.0953  0.1216  0.0976  0.1327   0.0808   0.1098   0.1230   0.1231   0.0849   0.1261   0.1890   0.0926   0.1366   0.1053   0.1212   0.1191   0.1337   0.1098   0.1358   0.1195   0.1179   0.1487   0.0872   0.1412   0.1516   0.1178   0.1234   0.0903   0.0776   0.1392   0.0799   0.0924   0.1280   0.1801   0.1126   1.0000   0.0745   0.1094   0.1388   0.0994   0.1207   0.0997   0.1481   0.0892   0.1293
SIM42L2  0.1087  0.1527  0.1598  0.1339  0.1152  0.1675  0.1143  0.1254  0.1559  0.1103   0.1164   0.1262   0.1592   0.1522   0.1269   0.1103   0.1386   0.0955   0.1129   0.1360   0.1048   0.1230   0.1542   0.0965   0.1265   0.1357   0.1334   0.1265   0.1548   0.1491   0.1326   0.1239   0.1711   0.1149   0.1537   0.1640   0.1387   0.1176   0.1379   0.1571   0.1432   0.0745   1.0000   0.1426   0.1416   0.1043   0.1139   0.1424   0.1193   0.1216   0.1200
SIM43L2  0.1266  0.1370  0.1223  0.1232  0.1653  0.1411  0.1434  0.1417  0.1434  0.1689   0.1262   0.1269   0.1575   0.1411   0.1504   0.1665   0.1470   0.1231   0.1493   0.1356   0.1317   0.1357   0.1646   0.1489   0.1413   0.1548   0.1437   0.1504   0.1485   0.1214   0.1397   0.1973   0.1646   0.1612   0.1017   0.1217   0.1115   0.1498   0.1507   0.1430   0.1308   0.1094   0.1426   1.0000   0.1542   0.1222   0.1455   0.1136   0.1585   0.1236   0.1728
SIM44L2  0.1164  0.1471  0.1224  0.1409  0.0982  0.1329  0.1022  0.1197  0.1250  0.1237   0.1563   0.1263   0.1281   0.1230   0.1372   0.0950   0.1456   0.1019   0.1635   0.1195   0.1023   0.0996   0.1327   0.1318   0.1780   0.1350   0.1077   0.1303   0.1509   0.1046   0.1114   0.1663   0.1214   0.1101   0.1730   0.1288   0.0998   0.1020   0.1094   0.1251   0.1258   0.1388   0.1416   0.1542   1.0000   0.1435   0.1319   0.1272   0.1447   0.0973   0.1020
SIM45L2  0.1322  0.1480  0.1582  0.1347  0.1320  0.1528  0.1363  0.1327  0.1303  0.1686   0.1259   0.1532   0.1356   0.1478   0.1210   0.1047   0.1065   0.1836   0.1085   0.1388   0.1491   0.1422   0.1376   0.1383   0.1852   0.1334   0.1408   0.1288   0.1272   0.1226   0.1736   0.1484   0.1522   0.1550   0.1176   0.1122   0.1668   0.1150   0.1510   0.1275   0.1396   0.0994   0.1043   0.1222   0.1435   1.0000   0.1472   0.1147   0.1441   0.1325   0.1385
SIM46L2  0.1416  0.1233  0.1287  0.1229  0.1079  0.1603  0.1458  0.1121  0.1804  0.1104   0.1297   0.1584   0.1559   0.1114   0.1244   0.1548   0.1263   0.1425   0.1207   0.1348   0.1483   0.1664   0.1395   0.1154   0.1954   0.1486   0.1395   0.1632   0.1244   0.1379   0.1186   0.1491   0.1396   0.1538   0.1529   0.1685   0.1300   0.1063   0.1450   0.1668   0.1132   0.1207   0.1139   0.1455   0.1319   0.1472   1.0000   0.1388   0.1608   0.1491   0.1124
SIM47L2  0.1420  0.1668  0.1474  0.1425  0.1688  0.1386  0.1133  0.1448  0.1331  0.1266   0.1330   0.1415   0.1016   0.1371   0.1161   0.1131   0.1506   0.1475   0.1167   0.1135   0.1177   0.1609   0.1353   0.1504   0.1651   0.1131   0.1330   0.1253   0.1654   0.1090   0.1259   0.1228   0.1397   0.1286   0.1351   0.1054   0.1281   0.1235   0.1293   0.1230   0.1301   0.0997   0.1424   0.1136   0.1272   0.1147   0.1388   1.0000   0.1141   0.1411   0.1207
SIM48L2  0.1481  0.1075  0.1606  0.1154  0.1317  0.1518  0.1216  0.1287  0.1795  0.1831   0.1467   0.2184   0.1910   0.1790   0.1316   0.1545   0.1450   0.1396   0.1430   0.1195   0.1500   0.1667   0.1810   0.1116   0.1294   0.1558   0.1654   0.1637   0.1695   0.1191   0.1427   0.1649   0.1638   0.1572   0.1437   0.2028   0.2068   0.1150   0.1740   0.1645   0.0949   0.1481   0.1193   0.1585   0.1447   0.1441   0.1608   0.1141   1.0000   0.1111   0.1535
SIM49L2  0.1173  0.1116  0.1270  0.1524  0.1418  0.1532  0.1630  0.1153  0.1227  0.1507   0.1095   0.1277   0.1090   0.1292   0.1446   0.1411   0.1208   0.1470   0.0916   0.1502   0.1164   0.1352   0.1406   0.1304   0.1366   0.1112   0.1395   0.1331   0.1402   0.1558   0.1597   0.1352   0.1065   0.1359   0.1639   0.1642   0.1164   0.0765   0.1384   0.1400   0.1434   0.0892   0.1216   0.1236   0.0973   0.1325   0.1491   0.1411   0.1111   1.0000   0.1092
SIM50L2  0.1019  0.1179  0.0925  0.1269  0.1240  0.1141  0.1521  0.1065  0.1177  0.1376   0.0980   0.0966   0.1597   0.1157   0.1155   0.1322   0.1367   0.0960   0.1230   0.1155   0.0953   0.1617   0.1244   0.1005   0.1390   0.1137   0.1057   0.1247   0.1008   0.1454   0.1164   0.1444   0.1444   0.1680   0.1279   0.1349   0.0943   0.1282   0.1283   0.1240   0.0987   0.1293   0.1200   0.1728   0.1020   0.1385   0.1124   0.1207   0.1535   0.1092   1.0000

LD Score Matrix Condition Number
4.4381

Annotation Correlation Matrix
         SIM1    SIM2    SIM3    SIM4    SIM5    SIM6    SIM7    SIM8    SIM9   SIM10   SIM11   SIM12   SIM13   SIM14   SIM15   SIM16   SIM17   SIM18   SIM19   SIM20   SIM21   SIM22   SIM23   SIM24   SIM25   SIM26   SIM27   SIM28   SIM29   SIM30   SIM31   SIM32   SIM33   SIM34   SIM35   SIM36   SIM37   SIM38   SIM39   SIM40   SIM41   SIM42   SIM43   SIM44   SIM45   SIM46   SIM47   SIM48   SIM49   SIM50
SIM1   1.0000  0.0112  0.0175  0.0161  0.0209  0.0193  0.0119  0.0123  0.0163  0.0148  0.0125  0.0109  0.0121  0.0163  0.0065  0.0149  0.0206  0.0147  0.0218  0.0172  0.0133  0.0110  0.0108  0.0097  0.0183  0.0203  0.0126  0.0242  0.0148  0.0152  0.0123  0.0141  0.0124  0.0157  0.0089  0.0149  0.0177  0.0027  0.0171  0.0086  0.0167  0.0110  0.0122  0.0147  0.0176  0.0161  0.0125  0.0137  0.0166  0.0112
SIM2   0.0112  1.0000  0.0076  0.0209  0.0135  0.0120  0.0154  0.0159  0.0125  0.0196  0.0137  0.0169  0.0156  0.0150  0.0115  0.0185  0.0121  0.0159  0.0104  0.0098  0.0181  0.0098  0.0155  0.0061  0.0206  0.0102  0.0150  0.0145  0.0135  0.0152  0.0195  0.0203  0.0112  0.0097  0.0125  0.0148  0.0102  0.0052  0.0146  0.0146  0.0154  0.0158  0.0061  0.0086  0.0101  0.0136  0.0137  0.0197  0.0165  0.0136
SIM3   0.0175  0.0076  1.0000  0.0076  0.0187  0.0146  0.0204  0.0136  0.0090  0.0113  0.0102  0.0196  0.0135  0.0165  0.0092  0.0064  0.0087  0.0088  0.0208  0.0198  0.0147  0.0148  0.0169  0.0099  0.0111  0.0129  0.0078  0.0196  0.0137  0.0167  0.0063  0.0130  0.0089  0.0135  0.0115  0.0101  0.0103  0.0154  0.0051  0.0161  0.0118  0.0087  0.0111  0.0149  0.0115  0.0200  0.0102  0.0212  0.0181  0.0176
SIM4   0.0161  0.0209  0.0076  1.0000  0.0160  0.0145  0.0107  0.0111  0.0113  0.0148  0.0162  0.0217  0.0145  0.0138  0.0128  0.0149  0.0158  0.0123  0.0155  0.0160  0.0133  0.0147  0.0108  0.0157  0.0158  0.0115  0.0188  0.0134  0.0148  0.0077  0.0184  0.0078  0.0088  0.0097  0.0138  0.0112  0.0127  0.0190  0.0159  0.0110  0.0167  0.0098  0.0206  0.0135  0.0102  0.0149  0.0113  0.0137  0.0090  0.0125
SIM5   0.0209  0.0135  0.0187  0.0160  1.0000  0.0096  0.0130  0.0134  0.0100  0.0111  0.0210  0.0156  0.0132  0.0100  0.0165  0.0123  0.0133  0.0074  0.0053  0.0038  0.0144  0.0134  0.0202  0.0192  0.0145  0.0115  0.0150  0.0169  0.0232  0.0139  0.0183  0.0177  0.0209  0.0097  0.0149  0.0123  0.0201  0.0126  0.0073  0.0170  0.0154  0.0206  0.0145  0.0206  0.0150  0.0160  0.0185  0.0111  0.0127  0.0185
SIM6   0.0193  0.0120  0.0146  0.0145  0.0096  1.0000  0.0162  0.0155  0.0158  0.0204  0.0145  0.0141  0.0176  0.0206  0.0173  0.0204  0.0142  0.0238  0.0163  0.0143  0.0059  0.0166  0.0093  0.0130  0.0107  0.0100  0.0147  0.0200  0.0144  0.0209  0.0167  0.0100  0.0121  0.0118  0.0206  0.0168  0.0099  0.0136  0.0107  0.0107  0.0163  0.0095  0.0118  0.0084  0.0195  0.0157  0.0097  0.0157  0.0137  0.0121
SIM7   0.0119  0.0154  0.0204  0.0107  0.0130  0.0162  1.0000  0.0211  0.0192  0.0142  0.0156  0.0151  0.0185  0.0240  0.0099  0.0154  0.0187  0.0177  0.0149  0.0189  0.0093  0.0071  0.0069  0.0232  0.0164  0.0219  0.0217  0.0082  0.0142  0.0098  0.0071  0.0159  0.0107  0.0162  0.0192  0.0166  0.0098  0.0074  0.0129  0.0199  0.0161  0.0106  0.0094  0.0153  0.0217  0.0167  0.0227  0.0167  0.0220  0.0167
SIM8   0.0123  0.0159  0.0136  0.0111  0.0134  0.0155  0.0211  1.0000  0.0136  0.0219  0.0111  0.0215  0.0119  0.0124  0.0114  0.0135  0.0108  0.0061  0.0103  0.0061  0.0167  0.0157  0.0177  0.0179  0.0180  0.0064  0.0112  0.0156  0.0110  0.0076  0.0146  0.0114  0.0098  0.0084  0.0161  0.0135  0.0150  0.0175  0.0204  0.0157  0.0140  0.0157  0.0156  0.0157  0.0088  0.0159  0.0172  0.0098  0.0164  0.0184
SIM9   0.0163  0.0125  0.0090  0.0113  0.0100  0.0158  0.0192  0.0136  1.0000  0.0162  0.0114  0.0159  0.0146  0.0164  0.0155  0.0162  0.0099  0.0173  0.0182  0.0137  0.0062  0.0063  0.0145  0.0074  0.0197  0.0116  0.0190  0.0123  0.0199  0.0179  0.0186  0.0104  0.0113  0.0123  0.0127  0.0113  0.0116  0.0154  0.0209  0.0221  0.0118  0.0111  0.0123  0.0185  0.0077  0.0126  0.0126  0.0089  0.0155  0.0138
SIM10  0.0148  0.0196  0.0113  0.0148  0.0111  0.0204  0.0142  0.0219  0.0162  1.0000  0.0075  0.0037  0.0073  0.0100  0.0153  0.0123  0.0145  0.0135  0.0167  0.0159  0.0109  0.0134  0.0107  0.0145  0.0086  0.0115  0.0138  0.0169  0.0123  0.0214  0.0110  0.0203  0.0172  0.0228  0.0150  0.0111  0.0226  0.0152  0.0122  0.0134  0.0179  0.0170  0.0169  0.0134  0.0113  0.0124  0.0088  0.0221  0.0103  0.0148
SIM11  0.0125  0.0137  0.0102  0.0162  0.0210  0.0145  0.0156  0.0111  0.0114  0.0075  1.0000  0.0122  0.0170  0.0139  0.0154  0.0149  0.0159  0.0148  0.0181  0.0148  0.0110  0.0160  0.0180  0.0086  0.0147  0.0179  0.0152  0.0158  0.0136  0.0115  0.0136  0.0141  0.0088  0.0098  0.0164  0.0150  0.0203  0.0216  0.0111  0.0111  0.0104  0.0232  0.0086  0.0075  0.0115  0.0137  0.0113  0.0125  0.0179  0.0137
SIM12  0.0109  0.0169  0.0196  0.0217  0.0156  0.0141  0.0151  0.0215  0.0159  0.0037  0.0122  1.0000  0.0095  0.0159  0.0113  0.0169  0.0225  0.0108  0.0139  0.0132  0.0130  0.0143  0.0140  0.0118  0.0143  0.0149  0.0135  0.0189  0.0109  0.0124  0.0203  0.0113  0.0109  0.0130  0.0147  0.0205  0.0148  0.0100  0.0178  0.0108  0.0163  0.0131  0.0202  0.0131  0.0075  0.0145  0.0158  0.0073  0.0162  0.0218
SIM13  0.0121  0.0156  0.0135  0.0145  0.0132  0.0176  0.0185  0.0119  0.0146  0.0073  0.0170  0.0095  1.0000  0.0134  0.0186  0.0085  0.0107  0.0096  0.0138  0.0096  0.0094  0.0131  0.0151  0.0177  0.0190  0.0210  0.0183  0.0224  0.0180  0.0173  0.0084  0.0161  0.0193  0.0153  0.0122  0.0061  0.0184  0.0099  0.0131  0.0202  0.0151  0.0143  0.0178  0.0143  0.0135  0.0121  0.0158  0.0157  0.0174  0.0157
SIM14  0.0163  0.0150  0.0165  0.0138  0.0100  0.0206  0.0240  0.0124  0.0164  0.0100  0.0139  0.0159  0.0134  1.0000  0.0193  0.0162  0.0196  0.0173  0.0105  0.0173  0.0110  0.0087  0.0133  0.0123  0.0123  0.0243  0.0165  0.0195  0.0223  0.0091  0.0112  0.0129  0.0175  0.0122  0.0139  0.0249  0.0141  0.0091  0.0087  0.0197  0.0079  0.0160  0.0160  0.0160  0.0090  0.0076  0.0163  0.0237  0.0155  0.0163
SIM15  0.0065  0.0115  0.0092  0.0128  0.0165  0.0173  0.0099  0.0114  0.0155  0.0153  0.0154  0.0113  0.0186  0.0193  1.0000  0.0203  0.0187  0.0102  0.0094  0.0164  0.0100  0.0151  0.0148  0.0150  0.0076  0.0106  0.0181  0.0138  0.0227  0.0118  0.0077  0.0067  0.0203  0.0125  0.0155  0.0115  0.0156  0.0093  0.0138  0.0101  0.0133  0.0052  0.0138  0.0126  0.0181  0.0141  0.0116  0.0191  0.0067  0.0153
SIM16  0.0149  0.0185  0.0064  0.0149  0.0123  0.0204  0.0154  0.0135  0.0162  0.0123  0.0149  0.0169  0.0085  0.0162  0.0203  1.0000  0.0170  0.0147  0.0116  0.0123  0.0109  0.0182  0.0119  0.0097  0.0110  0.0115  0.0151  0.0121  0.0148  0.0102  0.0183  0.0165  0.0185  0.0241  0.0224  0.0124  0.0152  0.0152  0.0098  0.0086  0.0154  0.0182  0.0182  0.0086  0.0126  0.0161  0.0100  0.0100  0.0166  0.0100
SIM17  0.0206  0.0121  0.0087  0.0158  0.0133  0.0142  0.0187  0.0108  0.0099  0.0145  0.0159  0.0225  0.0107  0.0196  0.0187  0.0170  1.0000  0.0168  0.0077  0.0061  0.0166  0.0072  0.0106  0.0143  0.0143  0.0138  0.0075  0.0107  0.0109  0.0137  0.0180  0.0088  0.0110  0.0237  0.0220  0.0170  0.0112  0.0137  0.0227  0.0120  0.0201  0.0108  0.0214  0.0096  0.0148  0.0170  0.0219  0.0146  0.0113  0.0134
SIM18  0.0147  0.0159  0.0088  0.0123  0.0074  0.0238  0.0177  0.0061  0.0173  0.0135  0.0148  0.0108  0.0096  0.0173  0.0102  0.0147  0.0168  1.0000  0.0115  0.0170  0.0191  0.0133  0.0130  0.0192  0.0145  0.0164  0.0113  0.0085  0.0134  0.0114  0.0122  0.0202  0.0172  0.0179  0.0173  0.0123  0.0138  0.0151  0.0109  0.0085  0.0103  0.0181  0.0085  0.0133  0.0113  0.0111  0.0111  0.0184  0.0127  0.0087
SIM19  0.0218  0.0104  0.0208  0.0155  0.0053  0.0163  0.0149  0.0103  0.0182  0.0167  0.0181  0.0139  0.0138  0.0105  0.0094  0.0116  0.0077  0.0115  1.0000  0.0141  0.0139  0.0165  0.0100  0.0052  0.0140  0.0133  0.0170  0.0201  0.0091  0.0145  0.0103  0.0120  0.0117  0.0089  0.0246  0.0180  0.0158  0.0132  0.0140  0.0127  0.0134  0.0165  0.0127  0.0102  0.0106  0.0167  0.0092  0.0167  0.0185  0.0104
SIM20  0.0172  0.0098  0.0198  0.0160  0.0038  0.0143  0.0189  0.0061  0.0137  0.0159  0.0148  0.0132  0.0096  0.0173  0.0164  0.0123  0.0061  0.0170  0.0141  1.0000  0.0227  0.0061  0.0130  0.0180  0.0109  0.0127  0.0150  0.0180  0.0110  0.0238  0.0134  0.0139  0.0123  0.0084  0.0149  0.0147  0.0113  0.0138  0.0145  0.0205  0.0166  0.0133  0.0109  0.0254  0.0088  0.0075  0.0099  0.0135  0.0164  0.0111
SIM21  0.0133  0.0181  0.0147  0.0133  0.0144  0.0059  0.0093  0.0167  0.0062  0.0109  0.0110  0.0130  0.0094  0.0110  0.0100  0.0109  0.0166  0.0191  0.0139  0.0227  1.0000  0.0273  0.0128  0.0201  0.0084  0.0088  0.0147  0.0166  0.0097  0.0100  0.0144  0.0162  0.0157  0.0200  0.0171  0.0097  0.0209  0.0185  0.0167  0.0108  0.0138  0.0190  0.0154  0.0119  0.0135  0.0205  0.0170  0.0097  0.0113  0.0121
SIM22  0.0110  0.0098  0.0148  0.0147  0.0134  0.0166  0.0071  0.0157  0.0063  0.0134  0.0160  0.0143  0.0131  0.0087  0.0151  0.0182  0.0072  0.0133  0.0165  0.0061  0.0273  1.0000  0.0188  0.0155  0.0156  0.0101  0.0038  0.0131  0.0146  0.0175  0.0109  0.0176  0.0134  0.0107  0.0172  0.0159  0.0063  0.0212  0.0144  0.0156  0.0127  0.0120  0.0132  0.0228  0.0112  0.0122  0.0159  0.0110  0.0126  0.0159
SIM23  0.0108  0.0155  0.0169  0.0108  0.0202  0.0093  0.0069  0.0177  0.0145  0.0107  0.0180  0.0140  0.0151  0.0133  0.0148  0.0119  0.0106  0.0130  0.0100  0.0130  0.0128  0.0188  1.0000  0.0140  0.0118  0.0111  0.0097  0.0164  0.0166  0.0111  0.0189  0.0099  0.0096  0.0140  0.0133  0.0096  0.0207  0.0123  0.0071  0.0130  0.0186  0.0188  0.0234  0.0177  0.0146  0.0167  0.0108  0.0167  0.0221  0.0132
SIM24  0.0097  0.0061  0.0099  0.0157  0.0192  0.0130  0.0232  0.0179  0.0074  0.0145  0.0086  0.0118  0.0177  0.0123  0.0150  0.0097  0.0143  0.0192  0.0052  0.0180  0.0201  0.0155  0.0140  1.0000  0.0096  0.0100  0.0160  0.0225  0.0168  0.0161  0.0084  0.0088  0.0169  0.0248  0.0183  0.0085  0.0148  0.0149  0.0131  0.0179  0.0139  0.0155  0.0143  0.0203  0.0160  0.0169  0.0194  0.0109  0.0113  0.0146
SIM25  0.0183  0.0206  0.0111  0.0158  0.0145  0.0107  0.0164  0.0180  0.0197  0.0086  0.0147  0.0143  0.0190  0.0123  0.0076  0.0110  0.0143  0.0145  0.0140  0.0109  0.0084  0.0156  0.0118  0.0096  1.0000  0.0212  0.0112  0.0084  0.0205  0.0137  0.0145  0.0064  0.0170  0.0131  0.0209  0.0206  0.0088  0.0137  0.0192  0.0132  0.0102  0.0049  0.0203  0.0132  0.0087  0.0158  0.0050  0.0170  0.0101  0.0146
