*********************************************************************
* LD Score Regression (LDSC)
* Version 1.0.1
* (C) 2014-2019 Brendan Bulik-Sullivan and Hilary Finucane
* Broad Institute of MIT and Harvard / MIT Department of Mathematics
* GNU General Public License v3
*********************************************************************
Call: 
./ldsc.py \
--out /data/sbcs/GuoLab/backup/liq17/CRC_TF_TWAS_zhishan2024/NC_revision_OceanCode/v2_NC_revision//84Tracks//ldscores_sim10000//10 \
--bfile /data/sbcs/GuoLab/backup/liq17/ref/Alkesgroup/1000G_EUR_Phase3_plink_hg38/1000G.EUR.QC.10 \
--annot /data/sbcs/GuoLab/backup/liq17/CRC_TF_TWAS_zhishan2024/NC_revision_OceanCode/v2_NC_revision//84Tracks//annots_sim10000//10.annot.txt \
--l2  \
--ld-wind-kb 100.0 

Beginning analysis at Sun Oct 26 23:36:59 2025
Read list of 510396 SNPs from /data/sbcs/GuoLab/backup/liq17/ref/Alkesgroup/1000G_EUR_Phase3_plink_hg38/1000G.EUR.QC.10.bim
Read 50 annotations for 510396 SNPs from /data/sbcs/GuoLab/backup/liq17/CRC_TF_TWAS_zhishan2024/NC_revision_OceanCode/v2_NC_revision//84Tracks//annots_sim10000//10.annot.txt
Read list of 489 individuals from /data/sbcs/GuoLab/backup/liq17/ref/Alkesgroup/1000G_EUR_Phase3_plink_hg38/1000G.EUR.QC.10.fam
Reading genotypes from /data/sbcs/GuoLab/backup/liq17/ref/Alkesgroup/1000G_EUR_Phase3_plink_hg38/1000G.EUR.QC.10.bed
Estimating LD Score.
Writing LD Scores for 510396 SNPs to /data/sbcs/GuoLab/backup/liq17/CRC_TF_TWAS_zhishan2024/NC_revision_OceanCode/v2_NC_revision//84Tracks//ldscores_sim10000//10.l2.ldscore.gz

Summary of LD Scores in /data/sbcs/GuoLab/backup/liq17/CRC_TF_TWAS_zhishan2024/NC_revision_OceanCode/v2_NC_revision//84Tracks//ldscores_sim10000//10.l2.ldscore.gz
         MAF  SIM1L2  SIM2L2  SIM3L2  SIM4L2  SIM5L2  SIM6L2  SIM7L2  SIM8L2  SIM9L2  SIM10L2  SIM11L2  SIM12L2  SIM13L2  SIM14L2  SIM15L2  SIM16L2  SIM17L2  SIM18L2  SIM19L2  SIM20L2  SIM21L2  SIM22L2  SIM23L2  SIM24L2  SIM25L2  SIM26L2  SIM27L2  SIM28L2  SIM29L2  SIM30L2  SIM31L2  SIM32L2  SIM33L2  SIM34L2  SIM35L2  SIM36L2  SIM37L2  SIM38L2  SIM39L2  SIM40L2  SIM41L2  SIM42L2  SIM43L2  SIM44L2  SIM45L2  SIM46L2  SIM47L2  SIM48L2  SIM49L2  SIM50L2
mean  0.1474  0.0666  0.0669  0.0645  0.0640  0.0547  0.0612  0.0675  0.0677  0.0607   0.0576   0.0675   0.0592   0.0711   0.0719   0.0698   0.0701   0.0657   0.0677   0.0698   0.0667   0.0768   0.0652   0.0686   0.0685   0.0647   0.0710   0.0661   0.0718   0.0661   0.0619   0.0678   0.0730   0.0660   0.0672   0.0688   0.0655   0.0731   0.0677   0.0632   0.0606   0.0813   0.0676   0.0693   0.0611   0.0687   0.0758   0.0632   0.0650   0.0615   0.0717
std   0.1486  0.2148  0.2067  0.2000  0.1986  0.1829  0.1956  0.2085  0.2133  0.1949   0.1870   0.2166   0.1988   0.2156   0.2228   0.2158   0.2081   0.2133   0.2081   0.2191   0.2141   0.2315   0.2095   0.2180   0.2121   0.2079   0.2101   0.2104   0.2197   0.2118   0.1995   0.2173   0.2221   0.2089   0.2169   0.2200   0.2052   0.2262   0.2148   0.2037   0.1982   0.2431   0.2088   0.2145   0.1919   0.2262   0.2203   0.2133   0.2072   0.1958   0.2085
min   0.0051 -0.0115 -0.0101 -0.0105 -0.0110 -0.0160 -0.0108 -0.0120 -0.0134 -0.0119  -0.0105  -0.0109  -0.0118  -0.0127  -0.0138  -0.0126  -0.0138  -0.0103  -0.0095  -0.0111  -0.0129  -0.0110  -0.0107  -0.0112  -0.0100  -0.0117  -0.0112  -0.0158  -0.0117  -0.0108  -0.0113  -0.0107  -0.0132  -0.0096  -0.0127  -0.0150  -0.0099  -0.0108  -0.0114  -0.0111  -0.0141  -0.0145  -0.0127  -0.0108  -0.0104  -0.0143  -0.0110  -0.0123  -0.0098  -0.0114  -0.0101
25%   0.0194  0.0000  0.0000  0.0000  0.0000  0.0000  0.0000  0.0000  0.0000  0.0000   0.0000   0.0000   0.0000   0.0000   0.0000   0.0000   0.0000   0.0000   0.0000   0.0000   0.0000   0.0000   0.0000   0.0000   0.0000   0.0000   0.0000   0.0000   0.0000   0.0000   0.0000   0.0000   0.0000   0.0000   0.0000   0.0000   0.0000   0.0000   0.0000   0.0000   0.0000   0.0000   0.0000   0.0000   0.0000   0.0000   0.0000   0.0000   0.0000   0.0000   0.0000
50%   0.0869  0.0000  0.0000  0.0000  0.0000  0.0000  0.0000  0.0000  0.0000  0.0000   0.0000   0.0000   0.0000   0.0000   0.0000   0.0000   0.0000   0.0000   0.0000   0.0000   0.0000   0.0000   0.0000   0.0000   0.0000   0.0000   0.0000   0.0000   0.0000   0.0000   0.0000   0.0000   0.0000   0.0000   0.0000   0.0000   0.0000   0.0000   0.0000   0.0000   0.0000   0.0000   0.0000   0.0000   0.0000   0.0000   0.0000   0.0000   0.0000   0.0000   0.0000
75%   0.2505  0.0125  0.0144  0.0148  0.0149  0.0101  0.0129  0.0151  0.0155  0.0122   0.0117   0.0159   0.0113   0.0177   0.0178   0.0146   0.0171   0.0153   0.0172   0.0155   0.0140   0.0197   0.0136   0.0135   0.0170   0.0147   0.0189   0.0151   0.0200   0.0146   0.0131   0.0132   0.0177   0.0143   0.0157   0.0155   0.0154   0.0167   0.0151   0.0130   0.0106   0.0223   0.0155   0.0156   0.0134   0.0125   0.0203   0.0111   0.0127   0.0125   0.0210
max   0.5000  2.1581  2.8313  2.0000  2.2730  2.0000  2.5808  2.2080  2.1255  2.3212   2.0033   2.7997   2.3759   2.3270   3.0000   2.5767   2.4095   2.4902   2.6317   2.9901   2.1446   2.3209   3.0005   2.3827   2.7515   2.5599   2.0348   2.8332   2.9987   2.4508   2.4084   2.4196   3.0000   2.8269   2.8779   2.9475   2.1218   2.0502   3.0592   2.4610   2.7822   3.3196   2.5346   2.2355   2.3616   3.4543   2.5272   2.8576   2.8060   2.6957   2.7074

MAF/LD Score Correlation Matrix
            MAF  SIM1L2  SIM2L2  SIM3L2  SIM4L2  SIM5L2  SIM6L2  SIM7L2  SIM8L2  SIM9L2  SIM10L2  SIM11L2  SIM12L2  SIM13L2  SIM14L2  SIM15L2  SIM16L2  SIM17L2  SIM18L2  SIM19L2  SIM20L2  SIM21L2  SIM22L2  SIM23L2  SIM24L2  SIM25L2  SIM26L2  SIM27L2  SIM28L2  SIM29L2  SIM30L2  SIM31L2  SIM32L2  SIM33L2  SIM34L2  SIM35L2  SIM36L2  SIM37L2  SIM38L2  SIM39L2  SIM40L2  SIM41L2  SIM42L2  SIM43L2  SIM44L2  SIM45L2  SIM46L2  SIM47L2  SIM48L2  SIM49L2  SIM50L2
MAF      1.0000  0.1149  0.1291  0.1423  0.1404  0.1127  0.1219  0.1493  0.1232  0.1217   0.1454   0.0970   0.1086   0.1373   0.1413   0.1350   0.1233   0.1175   0.1117   0.1083   0.1324   0.1177   0.1375   0.1158   0.1303   0.1357   0.1216   0.1351   0.1493   0.1394   0.1450   0.0949   0.1394   0.1354   0.1320   0.0949   0.1616   0.1486   0.1505   0.1375   0.1447   0.1333   0.1469   0.1342   0.1286   0.1112   0.1472   0.1061   0.1368   0.1289   0.1619
SIM1L2   0.1149  1.0000  0.0984  0.1804  0.1009  0.1325  0.1515  0.1440  0.0724  0.1150   0.1343   0.1693   0.0413   0.1457   0.1434   0.1366   0.1318   0.1006   0.1514   0.1688   0.1102   0.1850   0.1196   0.0904   0.1124   0.1366   0.1504   0.1042   0.1180   0.1220   0.1591   0.1462   0.1906   0.1576   0.1238   0.1525   0.1191   0.1879   0.1246   0.1723   0.1116   0.2066   0.1108   0.1400   0.0975   0.1719   0.1045   0.2230   0.1859   0.1487   0.1247
SIM2L2   0.1291  0.0984  1.0000  0.1065  0.0892  0.0948  0.1468  0.1065  0.1106  0.0740   0.1309   0.1549   0.1113   0.1511   0.1377   0.2240   0.1284   0.1467   0.1761   0.1339   0.1155   0.1251   0.1091   0.1268   0.1392   0.1444   0.1670   0.1594   0.1568   0.1287   0.1115   0.1214   0.1183   0.1634   0.1761   0.1611   0.1248   0.1988   0.1496   0.1281   0.1560   0.1306   0.1645   0.1425   0.1030   0.1383   0.1720   0.1413   0.1419   0.1457   0.1651
SIM3L2   0.1423  0.1804  0.1065  1.0000  0.1147  0.1261  0.1476  0.1249  0.1379  0.1106   0.1500   0.0782   0.1059   0.1265   0.1416   0.1449   0.1471   0.1447   0.1245   0.1335   0.1678   0.1840   0.1192   0.2008   0.1109   0.1401   0.1601   0.1209   0.0948   0.1319   0.1605   0.1027   0.0997   0.1283   0.1139   0.1302   0.0732   0.1099   0.1190   0.1126   0.1878   0.1564   0.1236   0.1490   0.1157   0.0978   0.1393   0.1277   0.1718   0.1715   0.1675
SIM4L2   0.1404  0.1009  0.0892  0.1147  1.0000  0.1046  0.0936  0.1703  0.1303  0.1504   0.1389   0.1093   0.1175   0.1268   0.1041   0.1427   0.1129   0.1045   0.1544   0.0983   0.1416   0.1126   0.1297   0.1419   0.1226   0.1333   0.1120   0.1250   0.0799   0.1515   0.1342   0.1294   0.1263   0.1629   0.1017   0.1359   0.0926   0.1416   0.1367   0.1359   0.1025   0.1471   0.1756   0.1061   0.1570   0.1574   0.1344   0.1437   0.1579   0.0949   0.1479
SIM5L2   0.1127  0.1325  0.0948  0.1261  0.1046  1.0000  0.1624  0.1146  0.0667  0.0811   0.1127   0.1534   0.0763   0.1266   0.1064   0.1343   0.1302   0.1358   0.1401   0.1572   0.1206   0.1326   0.1158   0.1364   0.1305   0.1044   0.1121   0.1062   0.0988   0.1427   0.0837   0.1491   0.1142   0.1195   0.0812   0.1411   0.1066   0.1385   0.0984   0.1455   0.0688   0.1136   0.0794   0.1178   0.0870   0.1181   0.1120   0.1131   0.1137   0.0957   0.0813
SIM6L2   0.1219  0.1515  0.1468  0.1476  0.0936  0.1624  1.0000  0.1131  0.0873  0.0975   0.1419   0.1518   0.1122   0.1507   0.1118   0.0993   0.1831   0.1747   0.1619   0.1303   0.1080   0.1075   0.1397   0.1590   0.1258   0.1495   0.1354   0.1333   0.1416   0.1138   0.1324   0.1516   0.1635   0.1524   0.0799   0.1208   0.1082   0.1383   0.0979   0.1887   0.1411   0.1609   0.1415   0.1339   0.0908   0.1323   0.1458   0.1547   0.1794   0.1188   0.1427
SIM7L2   0.1493  0.1440  0.1065  0.1249  0.1703  0.1146  0.1131  1.0000  0.0758  0.1577   0.1444   0.0846   0.0906   0.1646   0.1215   0.1213   0.1704   0.0764   0.1388   0.1555   0.1476   0.1490   0.0879   0.1045   0.1539   0.0928   0.1412   0.1475   0.1557   0.1957   0.1597   0.1531   0.1950   0.1537   0.1305   0.1198   0.1550   0.1421   0.1941   0.1720   0.1391   0.1713   0.1229   0.1402   0.1516   0.1841   0.1588   0.2282   0.1743   0.2217   0.1414
SIM8L2   0.1232  0.0724  0.1106  0.1379  0.1303  0.0667  0.0873  0.0758  1.0000  0.1002   0.1481   0.1050   0.1068   0.1228   0.1092   0.1375   0.1436   0.1211   0.1576   0.0906   0.0922   0.1715   0.1935   0.1322   0.1451   0.1322   0.1442   0.1385   0.1468   0.0956   0.1618   0.1220   0.1246   0.1249   0.1261   0.1578   0.0858   0.1261   0.1270   0.1255   0.0930   0.1213   0.1227   0.1402   0.1270   0.1498   0.1210   0.0980   0.1505   0.1318   0.1563
SIM9L2   0.1217  0.1150  0.0740  0.1106  0.1504  0.0811  0.0975  0.1577  0.1002  1.0000   0.1110   0.1467   0.0938   0.0974   0.0900   0.1456   0.1629   0.0974   0.1300   0.1004   0.1391   0.2267   0.0800   0.1422   0.1415   0.1239   0.1426   0.0706   0.0988   0.0728   0.1017   0.1176   0.1425   0.1174   0.0980   0.1587   0.1108   0.1585   0.1399   0.1064   0.1428   0.1319   0.1193   0.0912   0.1073   0.0961   0.1335   0.1372   0.1123   0.1220   0.1161
SIM10L2  0.1454  0.1343  0.1309  0.1500  0.1389  0.1127  0.1419  0.1444  0.1481  0.1110   1.0000   0.1395   0.1314   0.1522   0.1005   0.1398   0.1265   0.1415   0.0999   0.1043   0.1324   0.1165   0.0788   0.2144   0.1300   0.0960   0.1256   0.1471   0.1864   0.1566   0.1151   0.0788   0.1020   0.1298   0.0812   0.1331   0.1216   0.1398   0.1800   0.1145   0.1081   0.1100   0.1639   0.1000   0.1567   0.1505   0.1638   0.1221   0.1218   0.1230   0.1687
SIM11L2  0.0970  0.1693  0.1549  0.0782  0.1093  0.1534  0.1518  0.0846  0.1050  0.1467   0.1395   1.0000   0.1340   0.1194   0.0788   0.1866   0.1107   0.1203   0.1164   0.1720   0.1297   0.1362   0.1271   0.1337   0.0868   0.1772   0.1286   0.1411   0.1689   0.1197   0.0739   0.1007   0.0796   0.1603   0.1468   0.2474   0.1245   0.2246   0.0950   0.1519   0.0905   0.1340   0.1663   0.1289   0.0995   0.1972   0.1009   0.1213   0.1624   0.1200   0.1478
SIM12L2  0.1086  0.0413  0.1113  0.1059  0.1175  0.0763  0.1122  0.0906  0.1068  0.0938   0.1314   0.1340   1.0000   0.1129   0.1177   0.1360   0.1207   0.0910   0.1116   0.1154   0.0902   0.1161   0.1007   0.1014   0.1381   0.1225   0.0720   0.1046   0.1514   0.1652   0.0975   0.0940   0.1096   0.0762   0.1076   0.1466   0.1088   0.1236   0.1021   0.0945   0.1255   0.1393   0.1776   0.0906   0.1702   0.0908   0.1314   0.1386   0.1171   0.1333   0.0890
SIM13L2  0.1373  0.1457  0.1511  0.1265  0.1268  0.1266  0.1507  0.1646  0.1228  0.0974   0.1522   0.1194   0.1129   1.0000   0.1568   0.1179   0.1612   0.1956   0.1857   0.1520   0.1442   0.1507   0.1233   0.1417   0.1262   0.1502   0.1477   0.1475   0.1988   0.2000   0.1833   0.1245   0.1424   0.1284   0.1193   0.1678   0.1468   0.1470   0.1706   0.1256   0.1134   0.1409   0.1376   0.1533   0.1119   0.1119   0.1586   0.1156   0.1829   0.1490   0.2125
SIM14L2  0.1413  0.1434  0.1377  0.1416  0.1041  0.1064  0.1118  0.1215  0.1092  0.0900   0.1005   0.0788   0.1177   0.1568   1.0000   0.1293   0.1409   0.1294   0.1212   0.1721   0.1789   0.1848   0.1313   0.0794   0.1553   0.1260   0.1778   0.1105   0.1473   0.1646   0.1462   0.1350   0.1285   0.0787   0.2091   0.1308   0.1670   0.1283   0.0930   0.1554   0.1574   0.2021   0.1647   0.1210   0.1145   0.1056   0.1371   0.1669   0.1853   0.1209   0.1164
SIM15L2  0.1350  0.1366  0.2240  0.1449  0.1427  0.1343  0.0993  0.1213  0.1375  0.1456   0.1398   0.1866   0.1360   0.1179   0.1293   1.0000   0.1497   0.1367   0.1899   0.1508   0.1103   0.1241   0.1344   0.1492   0.1267   0.0660   0.1430   0.1429   0.1821   0.1490   0.0990   0.1948   0.0986   0.1566   0.1348   0.1607   0.1009   0.1829   0.1451   0.1561   0.1660   0.1688   0.1506   0.1227   0.1486   0.2154   0.1489   0.2043   0.1805   0.1345   0.1238
SIM16L2  0.1233  0.1318  0.1284  0.1471  0.1129  0.1302  0.1831  0.1704  0.1436  0.1629   0.1265   0.1107   0.1207   0.1612   0.1409   0.1497   1.0000   0.1200   0.1881   0.1752   0.1494   0.1718   0.1613   0.1795   0.1849   0.1602   0.1678   0.1349   0.1210   0.1463   0.1479   0.1793   0.1656   0.1510   0.1038   0.1777   0.1312   0.1576   0.1566   0.1725   0.1868   0.1777   0.1641   0.1442   0.1146   0.1975   0.1660   0.2338   0.1656   0.1659   0.1811
SIM17L2  0.1175  0.1006  0.1467  0.1447  0.1045  0.1358  0.1747  0.0764  0.1211  0.0974   0.1415   0.1203   0.0910   0.1956   0.1294   0.1367   0.1200   1.0000   0.1538   0.1276   0.1075   0.1322   0.1818   0.1661   0.1194   0.0977   0.1475   0.1038   0.1269   0.1286   0.1724   0.1156   0.1638   0.1027   0.1619   0.1954   0.1225   0.1540   0.1928   0.1782   0.0677   0.2127   0.1000   0.1601   0.1033   0.1180   0.1251   0.1013   0.1444   0.1535   0.1212
SIM18L2  0.1117  0.1514  0.1761  0.1245  0.1544  0.1401  0.1619  0.1388  0.1576  0.1300   0.0999   0.1164   0.1116   0.1857   0.1212   0.1899   0.1881   0.1538   1.0000   0.1182   0.0912   0.1885   0.1450   0.1483   0.1543   0.1254   0.2316   0.1613   0.1442   0.1396   0.1538   0.1844   0.1483   0.2015   0.1645   0.1571   0.1162   0.1738   0.1354   0.1981   0.1023   0.1535   0.1507   0.1908   0.1029   0.1788   0.1445   0.2353   0.1631   0.1351   0.1325
SIM19L2  0.1083  0.1688  0.1339  0.1335  0.0983  0.1572  0.1303  0.1555  0.0906  0.1004   0.1043   0.1720   0.1154   0.1520   0.1721   0.1508   0.1752   0.1276   0.1182   1.0000   0.1385   0.1733   0.1124   0.1356   0.0762   0.0953   0.1342   0.1199   0.0606   0.1346   0.1126   0.1529   0.1103   0.1310   0.1190   0.1742   0.1080   0.1652   0.1538   0.1481   0.1572   0.1463   0.1412   0.1454   0.1004   0.1595   0.0965   0.1577   0.1187   0.1387   0.1538
SIM20L2  0.1324  0.1102  0.1155  0.1678  0.1416  0.1206  0.1080  0.1476  0.0922  0.1391   0.1324   0.1297   0.0902   0.1442   0.1789   0.1103   0.1494   0.1075   0.0912   0.1385   1.0000   0.1156   0.1374   0.1734   0.1950   0.1545   0.1234   0.1276   0.1557   0.1410   0.0880   0.1309   0.1096   0.1033   0.1360   0.1172   0.0816   0.1326   0.1334   0.1561   0.1247   0.1186   0.1662   0.1199   0.1143   0.1243   0.1599   0.1429   0.1017   0.1429   0.1586
SIM21L2  0.1177  0.1850  0.1251  0.1840  0.1126  0.1326  0.1075  0.1490  0.1715  0.2267   0.1165   0.1362   0.1161   0.1507   0.1848   0.1241   0.1718   0.1322   0.1885   0.1733   0.1156   1.0000   0.0788   0.1574   0.1307   0.1320   0.1769   0.0749   0.1687   0.1354   0.1509   0.1650   0.1849   0.1461   0.1567   0.1828   0.1054   0.1355   0.1525   0.1288   0.1490   0.1851   0.1599   0.2269   0.1028   0.1885   0.1421   0.1542   0.1686   0.1294   0.1442
SIM22L2  0.1375  0.1196  0.1091  0.1192  0.1297  0.1158  0.1397  0.0879  0.1935  0.0800   0.0788   0.1271   0.1007   0.1233   0.1313   0.1344   0.1613   0.1818   0.1450   0.1124   0.1374   0.0788   1.0000   0.1234   0.0952   0.0848   0.1309   0.1138   0.1221   0.1081   0.1657   0.1221   0.1267   0.1405   0.1391   0.1942   0.1279   0.1536   0.1715   0.1821   0.0969   0.1346   0.0981   0.1440   0.1039   0.1236   0.1487   0.1698   0.1421   0.1198   0.1750
SIM23L2  0.1158  0.0904  0.1268  0.2008  0.1419  0.1364  0.1590  0.1045  0.1322  0.1422   0.2144   0.1337   0.1014   0.1417   0.0794   0.1492   0.1795   0.1661   0.1483   0.1356   0.1734   0.1574   0.1234   1.0000   0.1488   0.1276   0.0978   0.1197   0.1322   0.1148   0.1159   0.1755   0.1654   0.1670   0.0905   0.1220   0.1266   0.0946   0.1775   0.1231   0.1484   0.1644   0.1376   0.1983   0.1293   0.1697   0.1780   0.1104   0.1335   0.1174   0.1740
SIM24L2  0.1303  0.1124  0.1392  0.1109  0.1226  0.1305  0.1258  0.1539  0.1451  0.1415   0.1300   0.0868   0.1381   0.1262   0.1553   0.1267   0.1849   0.1194   0.1543   0.0762   0.1950   0.1307   0.0952   0.1488   1.0000   0.1646   0.1683   0.1059   0.1259   0.1494   0.1071   0.1101   0.1635   0.1100   0.1037   0.1450   0.1335   0.1188   0.1620   0.1292   0.1212   0.1434   0.1649   0.0972   0.1518   0.1114   0.1602   0.1266   0.1603   0.1169   0.1290
SIM25L2  0.1357  0.1366  0.1444  0.1401  0.1333  0.1044  0.1495  0.0928  0.1322  0.1239   0.0960   0.1772   0.1225   0.1502   0.1260   0.0660   0.1602   0.0977   0.1254   0.0953   0.1545   0.1320   0.0848   0.1276   0.1646   1.0000   0.0985   0.1339   0.0829   0.1387   0.1235   0.1170   0.1484   0.0911   0.0809   0.0859   0.0888   0.1337   0.1089   0.1412   0.1136   0.1352   0.1126   0.1323   0.1047   0.0942   0.1434   0.0849   0.1291   0.1440   0.1965
SIM26L2  0.1216  0.1504  0.1670  0.1601  0.1120  0.1121  0.1354  0.1412  0.1442  0.1426   0.1256   0.1286   0.0720   0.1477   0.1778   0.1430   0.1678   0.1475   0.2316   0.1342   0.1234   0.1769   0.1309   0.0978   0.1683   0.0985   1.0000   0.1673   0.1319   0.1540   0.1527   0.1585   0.1433   0.1540   0.1452   0.1518   0.1582   0.2068   0.1596   0.1865   0.1603   0.1441   0.1343   0.1483   0.0953   0.1926   0.1402   0.1969   0.1571   0.1565   0.1726
SIM27L2  0.1351  0.1042  0.1594  0.1209  0.1250  0.1062  0.1333  0.1475  0.1385  0.0706   0.1471   0.1411   0.1046   0.1475   0.1105   0.1429   0.1349   0.1038   0.1613   0.1199   0.1276   0.0749   0.1138   0.1197   0.1059   0.1339   0.1673   1.0000   0.1226   0.1501   0.1272   0.1432   0.1148   0.1140   0.1103   0.1053   0.0913   0.2168   0.0952   0.0865   0.1448   0.1053   0.1389   0.1475   0.1367   0.1273   0.1813   0.1164   0.1448   0.0908   0.1701
SIM28L2  0.1493  0.1180  0.1568  0.0948  0.0799  0.0988  0.1416  0.1557  0.1468  0.0988   0.1864   0.1689   0.1514   0.1988   0.1473   0.1821   0.1210   0.1269   0.1442   0.0606   0.1557   0.1687   0.1221   0.1322   0.1259   0.0829   0.1319   0.1226   1.0000   0.1271   0.1126   0.0861   0.1462   0.1242   0.1215   0.1627   0.1966   0.1873   0.1318   0.1422   0.1170   0.1200   0.1677   0.1468   0.1246   0.1692   0.1722   0.1480   0.1666   0.1171   0.0953
SIM29L2  0.1394  0.1220  0.1287  0.1319  0.1515  0.1427  0.1138  0.1957  0.0956  0.0728   0.1566   0.1197   0.1652   0.2000   0.1646   0.1490   0.1463   0.1286   0.1396   0.1346   0.1410   0.1354   0.1081   0.1148   0.1494   0.1387   0.1540   0.1501   0.1271   1.0000   0.1445   0.1554   0.1173   0.1492   0.1554   0.1956   0.1307   0.1798   0.1518   0.1367   0.1581   0.2003   0.1708   0.1127   0.1380   0.1311   0.1997   0.1464   0.1994   0.1477   0.1806
SIM30L2  0.1450  0.1591  0.1115  0.1605  0.1342  0.0837  0.1324  0.1597  0.1618  0.1017   0.1151   0.0739   0.0975   0.1833   0.1462   0.0990   0.1479   0.1724   0.1538   0.1126   0.0880   0.1509   0.1657   0.1159   0.1071   0.1235   0.1527   0.1272   0.1126   0.1445   1.0000   0.1334   0.1417   0.1535   0.1825   0.1347   0.1430   0.1442   0.1668   0.1135   0.1293   0.2137   0.1086   0.1500   0.1129   0.1046   0.1583   0.1248   0.1194   0.1243   0.1550
SIM31L2  0.0949  0.1462  0.1214  0.1027  0.1294  0.1491  0.1516  0.1531  0.1220  0.1176   0.0788   0.1007   0.0940   0.1245   0.1350   0.1948   0.1793   0.1156   0.1844   0.1529   0.1309   0.1650   0.1221   0.1755   0.1101   0.1170   0.1585   0.1432   0.0861   0.1554   0.1334   1.0000   0.0980   0.2069   0.1022   0.1140   0.1071   0.1421   0.1421   0.1442   0.1309   0.1806   0.1616   0.1561   0.1195   0.2045   0.1661   0.1906   0.1195   0.1405   0.1578
SIM32L2  0.1394  0.1906  0.1183  0.0997  0.1263  0.1142  0.1635  0.1950  0.1246  0.1425   0.1020   0.0796   0.1096   0.1424   0.1285   0.0986   0.1656   0.1638   0.1483   0.1103   0.1096   0.1849   0.1267   0.1654   0.1635   0.1484   0.1433   0.1148   0.1462   0.1173   0.1417   0.0980   1.0000   0.1302   0.1154   0.1419   0.1467   0.1495   0.1670   0.1772   0.1203   0.1712   0.1631   0.1635   0.0924   0.0884   0.0939   0.1623   0.1691   0.1298   0.1546
SIM33L2  0.1354  0.1576  0.1634  0.1283  0.1629  0.1195  0.1524  0.1537  0.1249  0.1174   0.1298   0.1603   0.0762   0.1284   0.0787   0.1566   0.1510   0.1027   0.2015   0.1310   0.1033   0.1461   0.1405   0.1670   0.1100   0.0911   0.1540   0.1140   0.1242   0.1492   0.1535   0.2069   0.1302   1.0000   0.1317   0.1123   0.1288   0.1595   0.1569   0.1545   0.1426   0.1902   0.1577   0.1550   0.1253   0.2167   0.1553   0.2281   0.1246   0.1863   0.1881
SIM34L2  0.1320  0.1238  0.1761  0.1139  0.1017  0.0812  0.0799  0.1305  0.1261  0.0980   0.0812   0.1468   0.1076   0.1193   0.2091   0.1348   0.1038   0.1619   0.1645   0.1190   0.1360   0.1567   0.1391   0.0905   0.1037   0.0809   0.1452   0.1103   0.1215   0.1554   0.1825   0.1022   0.1154   0.1317   1.0000   0.1786   0.1804   0.1537   0.0557   0.1104   0.1301   0.1328   0.1399   0.1212   0.1034   0.1671   0.1415   0.1507   0.1589   0.1796   0.1457
SIM35L2  0.0949  0.1525  0.1611  0.1302  0.1359  0.1411  0.1208  0.1198  0.1578  0.1587   0.1331   0.2474   0.1466   0.1678   0.1308   0.1607   0.1777   0.1954   0.1571   0.1742   0.1172   0.1828   0.1942   0.1220   0.1450   0.0859   0.1518   0.1053   0.1627   0.1956   0.1347   0.1140   0.1419   0.1123   0.1786   1.0000   0.1429   0.1798   0.1647   0.1748   0.1164   0.1933   0.2087   0.1253   0.1038   0.1403   0.1270   0.1441   0.1847   0.1895   0.1381
SIM36L2  0.1616  0.1191  0.1248  0.0732  0.0926  0.1066  0.1082  0.1550  0.0858  0.1108   0.1216   0.1245   0.1088   0.1468   0.1670   0.1009   0.1312   0.1225   0.1162   0.1080   0.0816   0.1054   0.1279   0.1266   0.1335   0.0888   0.1582   0.0913   0.1966   0.1307   0.1430   0.1071   0.1467   0.1288   0.1804   0.1429   1.0000   0.1690   0.1202   0.1743   0.0873   0.1118   0.1248   0.1113   0.1051   0.1553   0.1707   0.1059   0.1700   0.1505   0.0904
SIM37L2  0.1486  0.1879  0.1988  0.1099  0.1416  0.1385  0.1383  0.1421  0.1261  0.1585   0.1398   0.2246   0.1236   0.1470   0.1283   0.1829   0.1576   0.1540   0.1738   0.1652   0.1326   0.1355   0.1536   0.0946   0.1188   0.1337   0.2068   0.2168   0.1873   0.1798   0.1442   0.1421   0.1495   0.1595   0.1537   0.1798   0.1690   1.0000   0.1193   0.1810   0.1253   0.1159   0.1284   0.1420   0.0967   0.2395   0.1578   0.1757   0.1732   0.1563   0.1579
SIM38L2  0.1505  0.1246  0.1496  0.1190  0.1367  0.0984  0.0979  0.1941  0.1270  0.1399   0.1800   0.0950   0.1021   0.1706   0.0930   0.1451   0.1566   0.1928   0.1354   0.1538   0.1334   0.1525   0.1715   0.1775   0.1620   0.1089   0.1596   0.0952   0.1318   0.1518   0.1668   0.1421   0.1670   0.1569   0.0557   0.1647   0.1202   0.1193   1.0000   0.1188   0.1562   0.2031   0.1769   0.1960   0.1193   0.1235   0.1429   0.1423   0.1557   0.1347   0.1977
SIM39L2  0.1375  0.1723  0.1281  0.1126  0.1359  0.1455  0.1887  0.1720  0.1255  0.1064   0.1145   0.1519   0.0945   0.1256   0.1554   0.1561   0.1725   0.1782   0.1981   0.1481   0.1561   0.1288   0.1821   0.1231   0.1292   0.1412   0.1865   0.0865   0.1422   0.1367   0.1135   0.1442   0.1772   0.1545   0.1104   0.1748   0.1743   0.1810   0.1188   1.0000   0.1162   0.1756   0.1276   0.1268   0.1040   0.1865   0.1087   0.2513   0.1376   0.1338   0.1827
SIM40L2  0.1447  0.1116  0.1560  0.1878  0.1025  0.0688  0.1411  0.1391  0.0930  0.1428   0.1081   0.0905   0.1255   0.1134   0.1574   0.1660   0.1868   0.0677   0.1023   0.1572   0.1247   0.1490   0.0969   0.1484   0.1212   0.1136   0.1603   0.1448   0.1170   0.1581   0.1293   0.1309   0.1203   0.1426   0.1301   0.1164   0.0873   0.1253   0.1562   0.1162   1.0000   0.1536   0.1183   0.1296   0.1214   0.0639   0.1627   0.1711   0.1631   0.1647   0.1465
SIM41L2  0.1333  0.2066  0.1306  0.1564  0.1471  0.1136  0.1609  0.1713  0.1213  0.1319   0.1100   0.1340   0.1393   0.1409   0.2021   0.1688   0.1777   0.2127   0.1535   0.1463   0.1186   0.1851   0.1346   0.1644   0.1434   0.1352   0.1441   0.1053   0.1200   0.2003   0.2137   0.1806   0.1712   0.1902   0.1328   0.1933   0.1118   0.1159   0.2031   0.1756   0.1536   1.0000   0.1556   0.2146   0.1625   0.1033   0.1708   0.1988   0.1735   0.1801   0.1459
SIM42L2  0.1469  0.1108  0.1645  0.1236  0.1756  0.0794  0.1415  0.1229  0.1227  0.1193   0.1639   0.1663   0.1776   0.1376   0.1647   0.1506   0.1641   0.1000   0.1507   0.1412   0.1662   0.1599   0.0981   0.1376   0.1649   0.1126   0.1343   0.1389   0.1677   0.1708   0.1086   0.1616   0.1631   0.1577   0.1399   0.2087   0.1248   0.1284   0.1769   0.1276   0.1183   0.1556   1.0000   0.1396   0.1194   0.1836   0.1429   0.1851   0.1708   0.1396   0.1505
SIM43L2  0.1342  0.1400  0.1425  0.1490  0.1061  0.1178  0.1339  0.1402  0.1402  0.0912   0.1000   0.1289   0.0906   0.1533   0.1210   0.1227   0.1442   0.1601   0.1908   0.1454   0.1199   0.2269   0.1440   0.1983   0.0972   0.1323   0.1483   0.1475   0.1468   0.1127   0.1500   0.1561   0.1635   0.1550   0.1212   0.1253   0.1113   0.1420   0.1960   0.1268   0.1296   0.2146   0.1396   1.0000   0.0964   0.1450   0.1372   0.1394   0.1923   0.1192   0.1482
SIM44L2  0.1286  0.0975  0.1030  0.1157  0.1570  0.0870  0.0908  0.1516  0.1270  0.1073   0.1567   0.0995   0.1702   0.1119   0.1145   0.1486   0.1146   0.1033   0.1029   0.1004   0.1143   0.1028   0.1039   0.1293   0.1518   0.1047   0.0953   0.1367   0.1246   0.1380   0.1129   0.1195   0.0924   0.1253   0.1034   0.1038   0.1051   0.0967   0.1193   0.1040   0.1214   0.1625   0.1194   0.0964   1.0000   0.1146   0.1153   0.1299   0.1227   0.0815   0.1247
SIM45L2  0.1112  0.1719  0.1383  0.0978  0.1574  0.1181  0.1323  0.1841  0.1498  0.0961   0.1505   0.1972   0.0908   0.1119   0.1056   0.2154   0.1975   0.1180   0.1788   0.1595   0.1243   0.1885   0.1236   0.1697   0.1114   0.0942   0.1926   0.1273   0.1692   0.1311   0.1046   0.2045   0.0884   0.2167   0.1671   0.1403   0.1553   0.2395   0.1235   0.1865   0.0639   0.1033   0.1836   0.1450   0.1146   1.0000   0.1141   0.2454   0.1849   0.1793   0.1474
SIM46L2  0.1472  0.1045  0.1720  0.1393  0.1344  0.1120  0.1458  0.1588  0.1210  0.1335   0.1638   0.1009   0.1314   0.1586   0.1371   0.1489   0.1660   0.1251   0.1445   0.0965   0.1599   0.1421   0.1487   0.1780   0.1602   0.1434   0.1402   0.1813   0.1722   0.1997   0.1583   0.1661   0.0939   0.1553   0.1415   0.1270   0.1707   0.1578   0.1429   0.1087   0.1627   0.1708   0.1429   0.1372   0.1153   0.1141   1.0000   0.1321   0.1173   0.1642   0.1827
SIM47L2  0.1061  0.2230  0.1413  0.1277  0.1437  0.1131  0.1547  0.2282  0.0980  0.1372   0.1221   0.1213   0.1386   0.1156   0.1669   0.2043   0.2338   0.1013   0.2353   0.1577   0.1429   0.1542   0.1698   0.1104   0.1266   0.0849   0.1969   0.1164   0.1480   0.1464   0.1248   0.1906   0.1623   0.2281   0.1507   0.1441   0.1059   0.1757   0.1423   0.2513   0.1711   0.1988   0.1851   0.1394   0.1299   0.2454   0.1321   1.0000   0.1751   0.2036   0.1827
SIM48L2  0.1368  0.1859  0.1419  0.1718  0.1579  0.1137  0.1794  0.1743  0.1505  0.1123   0.1218   0.1624   0.1171   0.1829   0.1853   0.1805   0.1656   0.1444   0.1631   0.1187   0.1017   0.1686   0.1421   0.1335   0.1603   0.1291   0.1571   0.1448   0.1666   0.1994   0.1194   0.1195   0.1691   0.1246   0.1589   0.1847   0.1700   0.1732   0.1557   0.1376   0.1631   0.1735   0.1708   0.1923   0.1227   0.1849   0.1173   0.1751   1.0000   0.1820   0.1709
SIM49L2  0.1289  0.1487  0.1457  0.1715  0.0949  0.0957  0.1188  0.2217  0.1318  0.1220   0.1230   0.1200   0.1333   0.1490   0.1209   0.1345   0.1659   0.1535   0.1351   0.1387   0.1429   0.1294   0.1198   0.1174   0.1169   0.1440   0.1565   0.0908   0.1171   0.1477   0.1243   0.1405   0.1298   0.1863   0.1796   0.1895   0.1505   0.1563   0.1347   0.1338   0.1647   0.1801   0.1396   0.1192   0.0815   0.1793   0.1642   0.2036   0.1820   1.0000   0.1355
SIM50L2  0.1619  0.1247  0.1651  0.1675  0.1479  0.0813  0.1427  0.1414  0.1563  0.1161   0.1687   0.1478   0.0890   0.2125   0.1164   0.1238   0.1811   0.1212   0.1325   0.1538   0.1586   0.1442   0.1750   0.1740   0.1290   0.1965   0.1726   0.1701   0.0953   0.1806   0.1550   0.1578   0.1546   0.1881   0.1457   0.1381   0.0904   0.1579   0.1977   0.1827   0.1465   0.1459   0.1505   0.1482   0.1247   0.1474   0.1827   0.1827   0.1709   0.1355   1.0000

LD Score Matrix Condition Number
4.8353

Annotation Correlation Matrix
         SIM1    SIM2    SIM3    SIM4    SIM5    SIM6    SIM7    SIM8    SIM9   SIM10   SIM11   SIM12   SIM13   SIM14   SIM15   SIM16   SIM17   SIM18   SIM19   SIM20   SIM21   SIM22   SIM23   SIM24   SIM25   SIM26   SIM27   SIM28   SIM29   SIM30   SIM31   SIM32   SIM33   SIM34   SIM35   SIM36   SIM37   SIM38   SIM39   SIM40   SIM41   SIM42   SIM43   SIM44   SIM45   SIM46   SIM47   SIM48   SIM49   SIM50
SIM1   1.0000  0.0047  0.0200  0.0104  0.0049  0.0086  0.0105  0.0083  0.0110  0.0188  0.0140  0.0126  0.0249  0.0118  0.0104  0.0156  0.0127  0.0121  0.0158  0.0141  0.0181  0.0107  0.0120  0.0258  0.0141  0.0081  0.0179  0.0120  0.0214  0.0127  0.0144  0.0173  0.0163  0.0178  0.0122  0.0084  0.0210  0.0105  0.0129  0.0050  0.0281  0.0067  0.0065  0.0205  0.0104  0.0062  0.0163  0.0128  0.0224  0.0172
SIM2   0.0047  1.0000  0.0085  0.0141  0.0146  0.0124  0.0066  0.0195  0.0129  0.0088  0.0064  0.0222  0.0192  0.0265  0.0179  0.0192  0.0087  0.0101  0.0212  0.0102  0.0180  0.0223  0.0175  0.0199  0.0140  0.0154  0.0084  0.0101  0.0157  0.0107  0.0162  0.0227  0.0200  0.0177  0.0177  0.0084  0.0190  0.0257  0.0109  0.0230  0.0135  0.0163  0.0158  0.0087  0.0198  0.0098  0.0200  0.0244  0.0145  0.0116
SIM3   0.0200  0.0085  1.0000  0.0159  0.0106  0.0200  0.0160  0.0156  0.0069  0.0146  0.0138  0.0143  0.0154  0.0099  0.0084  0.0209  0.0067  0.0064  0.0211  0.0158  0.0103  0.0106  0.0247  0.0084  0.0288  0.0189  0.0102  0.0211  0.0156  0.0144  0.0085  0.0080  0.0123  0.0120  0.0157  0.0121  0.0153  0.0161  0.0187  0.0089  0.0152  0.0104  0.0157  0.0184  0.0159  0.0061  0.0047  0.0087  0.0067  0.0170
SIM4   0.0104  0.0141  0.0159  1.0000  0.0086  0.0123  0.0140  0.0155  0.0266  0.0126  0.0175  0.0085  0.0245  0.0189  0.0064  0.0190  0.0086  0.0156  0.0155  0.0157  0.0140  0.0163  0.0173  0.0216  0.0268  0.0080  0.0138  0.0173  0.0229  0.0259  0.0160  0.0207  0.0103  0.0119  0.0138  0.0083  0.0206  0.0122  0.0108  0.0069  0.0169  0.0142  0.0045  0.0202  0.0139  0.0097  0.0179  0.0106  0.0162  0.0133
SIM5   0.0049  0.0146  0.0106  0.0086  1.0000  0.0166  0.0068  0.0142  0.0153  0.0111  0.0123  0.0128  0.0140  0.0233  0.0144  0.0103  0.0109  0.0218  0.0065  0.0124  0.0106  0.0089  0.0179  0.0165  0.0162  0.0157  0.0124  0.0179  0.0141  0.0228  0.0224  0.0064  0.0068  0.0124  0.0277  0.0182  0.0157  0.0068  0.0111  0.0153  0.0156  0.0088  0.0142  0.0149  0.0106  0.0064  0.0146  0.0130  0.0188  0.0064
SIM6   0.0086  0.0124  0.0200  0.0123  0.0166  1.0000  0.0105  0.0121  0.0090  0.0148  0.0008  0.0106  0.0138  0.0229  0.0085  0.0194  0.0146  0.0158  0.0120  0.0273  0.0085  0.0146  0.0120  0.0085  0.0159  0.0136  0.0179  0.0120  0.0120  0.0205  0.0067  0.0136  0.0220  0.0159  0.0103  0.0103  0.0136  0.0124  0.0149  0.0211  0.0099  0.0183  0.0027  0.0127  0.0142  0.0099  0.0163  0.0206  0.0126  0.0208
SIM7   0.0105  0.0066  0.0160  0.0140  0.0068  0.0105  1.0000  0.0101  0.0030  0.0206  0.0176  0.0105  0.0063  0.0099  0.0065  0.0210  0.0086  0.0175  0.0137  0.0214  0.0084  0.0087  0.0119  0.0141  0.0102  0.0062  0.0196  0.0100  0.0119  0.0203  0.0237  0.0153  0.0085  0.0083  0.0064  0.0159  0.0135  0.0180  0.0187  0.0149  0.0134  0.0162  0.0101  0.0203  0.0103  0.0080  0.0256  0.0185  0.0183  0.0116
SIM8   0.0083  0.0195  0.0156  0.0155  0.0142  0.0121  0.0101  1.0000  0.0184  0.0086  0.0062  0.0178  0.0223  0.0132  0.0137  0.0187  0.0141  0.0171  0.0116  0.0154  0.0156  0.0122  0.0061  0.0082  0.0008  0.0220  0.0191  0.0134  0.0044  0.0047  0.0083  0.0096  0.0139  0.0208  0.0172  0.0155  0.0220  0.0194  0.0086  0.0087  0.0131  0.0140  0.0135  0.0066  0.0082  0.0166  0.0064  0.0180  0.0197  0.0184
SIM9   0.0110  0.0129  0.0069  0.0266  0.0153  0.0090  0.0030  0.0184  1.0000  0.0175  0.0146  0.0071  0.0143  0.0104  0.0206  0.0124  0.0091  0.0184  0.0106  0.0049  0.0188  0.0071  0.0163  0.0109  0.0107  0.0161  0.0127  0.0086  0.0106  0.0152  0.0149  0.0237  0.0129  0.0204  0.0146  0.0147  0.0123  0.0229  0.0134  0.0094  0.0009  0.0090  0.0223  0.0092  0.0128  0.0179  0.0090  0.0112  0.0172  0.0160
SIM10  0.0188  0.0088  0.0146  0.0126  0.0111  0.0148  0.0206  0.0086  0.0175  1.0000  0.0125  0.0030  0.0123  0.0178  0.0087  0.0142  0.0130  0.0163  0.0296  0.0048  0.0127  0.0190  0.0123  0.0147  0.0164  0.0084  0.0164  0.0143  0.0181  0.0110  0.0029  0.0121  0.0069  0.0067  0.0144  0.0165  0.0159  0.0167  0.0092  0.0032  0.0195  0.0109  0.0201  0.0251  0.0224  0.0083  0.0108  0.0071  0.0090  0.0251
SIM11  0.0140  0.0064  0.0138  0.0175  0.0123  0.0008  0.0176  0.0062  0.0146  0.0125  1.0000  0.0197  0.0206  0.0079  0.0193  0.0242  0.0085  0.0117  0.0207  0.0173  0.0120  0.0142  0.0171  0.0045  0.0246  0.0132  0.0173  0.0116  0.0135  0.0142  0.0195  0.0114  0.0214  0.0044  0.0191  0.0155  0.0186  0.0102  0.0087  0.0185  0.0113  0.0140  0.0117  0.0085  0.0082  0.0096  0.0083  0.0124  0.0028  0.0096
SIM12  0.0126  0.0222  0.0143  0.0085  0.0128  0.0106  0.0105  0.0178  0.0071  0.0030  0.0197  1.0000  0.0195  0.0119  0.0104  0.0101  0.0088  0.0103  0.0083  0.0218  0.0124  0.0128  0.0083  0.0144  0.0122  0.0155  0.0028  0.0083  0.0140  0.0049  0.0106  0.0156  0.0106  0.0217  0.0084  0.0161  0.0118  0.0144  0.0150  0.0091  0.0099  0.0126  0.0122  0.0128  0.0066  0.0155  0.0144  0.0128  0.0225  0.0118
SIM13  0.0249  0.0192  0.0154  0.0245  0.0140  0.0138  0.0063  0.0223  0.0143  0.0123  0.0206  0.0195  1.0000  0.0060  0.0208  0.0221  0.0214  0.0133  0.0204  0.0316  0.0136  0.0196  0.0132  0.0173  0.0134  0.0236  0.0153  0.0294  0.0294  0.0196  0.0174  0.0218  0.0118  0.0152  0.0152  0.0098  0.0147  0.0118  0.0142  0.0105  0.0164  0.0119  0.0188  0.0178  0.0172  0.0182  0.0137  0.0160  0.0195  0.0129
SIM14  0.0118  0.0265  0.0099  0.0189  0.0233  0.0229  0.0099  0.0132  0.0104  0.0178  0.0079  0.0119  0.0060  1.0000  0.0134  0.0237  0.0045  0.0150  0.0203  0.0097  0.0135  0.0176  0.0131  0.0044  0.0151  0.0181  0.0152  0.0238  0.0132  0.0195  0.0136  0.0094  0.0136  0.0097  0.0151  0.0188  0.0059  0.0081  0.0198  0.0143  0.0128  0.0119  0.0168  0.0251  0.0134  0.0024  0.0173  0.0121  0.0175  0.0093
SIM15  0.0104  0.0179  0.0084  0.0064  0.0144  0.0085  0.0065  0.0137  0.0206  0.0087  0.0193  0.0104  0.0208  0.0134  1.0000  0.0117  0.0105  0.0248  0.0081  0.0120  0.0084  0.0259  0.0063  0.0178  0.0119  0.0206  0.0213  0.0191  0.0155  0.0067  0.0084  0.0170  0.0122  0.0119  0.0175  0.0157  0.0116  0.0141  0.0068  0.0128  0.0169  0.0123  0.0137  0.0202  0.0139  0.0097  0.0141  0.0106  0.0124  0.0115
SIM16  0.0156  0.0192  0.0209  0.0190  0.0103  0.0194  0.0210  0.0187  0.0124  0.0142  0.0242  0.0101  0.0221  0.0237  0.0117  1.0000  0.0083  0.0241  0.0115  0.0171  0.0155  0.0140  0.0078  0.0081  0.0170  0.0147  0.0171  0.0150  0.0205  0.0234  0.0137  0.0095  0.0155  0.0080  0.0152  0.0098  0.0077  0.0155  0.0181  0.0163  0.0112  0.0119  0.0188  0.0121  0.0154  0.0182  0.0118  0.0084  0.0139  0.0234
SIM17  0.0127  0.0087  0.0067  0.0086  0.0109  0.0146  0.0086  0.0141  0.0091  0.0130  0.0085  0.0088  0.0214  0.0045  0.0105  0.0083  1.0000  0.0122  0.0178  0.0085  0.0125  0.0168  0.0234  0.0067  0.0123  0.0156  0.0200  0.0235  0.0141  0.0128  0.0087  0.0138  0.0145  0.0161  0.0142  0.0085  0.0156  0.0223  0.0091  0.0031  0.0174  0.0107  0.0160  0.0208  0.0124  0.0193  0.0203  0.0189  0.0167  0.0155
SIM18  0.0121  0.0101  0.0064  0.0156  0.0218  0.0158  0.0175  0.0171  0.0184  0.0163  0.0117  0.0103  0.0133  0.0150  0.0248  0.0241  0.0122  1.0000  0.0134  0.0081  0.0138  0.0179  0.0188  0.0157  0.0118  0.0238  0.0136  0.0062  0.0153  0.0160  0.0176  0.0114  0.0120  0.0081  0.0026  0.0192  0.0060  0.0083  0.0125  0.0126  0.0184  0.0083  0.0117  0.0104  0.0119  0.0113  0.0251  0.0123  0.0160  0.0060
SIM19  0.0158  0.0212  0.0211  0.0155  0.0065  0.0120  0.0137  0.0116  0.0106  0.0296  0.0207  0.0083  0.0204  0.0203  0.0081  0.0115  0.0178  0.0134  1.0000  0.0154  0.0230  0.0122  0.0079  0.0063  0.0153  0.0166  0.0135  0.0061  0.0170  0.0141  0.0082  0.0149  0.0101  0.0153  0.0190  0.0099  0.0149  0.0194  0.0105  0.0184  0.0130  0.0158  0.0134  0.0103  0.0118  0.0095  0.0156  0.0161  0.0084  0.0236
SIM20  0.0141  0.0102  0.0158  0.0157  0.0124  0.0273  0.0214  0.0154  0.0049  0.0048  0.0173  0.0218  0.0316  0.0097  0.0120  0.0171  0.0085  0.0081  0.0154  1.0000  0.0139  0.0124  0.0062  0.0196  0.0211  0.0187  0.0156  0.0081  0.0099  0.0219  0.0084  0.0061  0.0140  0.0118  0.0193  0.0082  0.0187  0.0253  0.0107  0.0127  0.0203  0.0141  0.0192  0.0181  0.0157  0.0132  0.0102  0.0163  0.0180  0.0132
SIM21  0.0181  0.0180  0.0103  0.0140  0.0106  0.0085  0.0084  0.0156  0.0188  0.0127  0.0120  0.0124  0.0136  0.0135  0.0084  0.0155  0.0125  0.0138  0.0230  0.0139  1.0000  0.0125  0.0266  0.0084  0.0214  0.0189  0.0102  0.0100  0.0101  0.0125  0.0294  0.0190  0.0123  0.0139  0.0102  0.0046  0.0262  0.0161  0.0187  0.0089  0.0170  0.0201  0.0138  0.0126  0.0234  0.0080  0.0104  0.0126  0.0106 -0.0011
SIM22  0.0107  0.0223  0.0106  0.0163  0.0089  0.0146  0.0087  0.0122  0.0071  0.0190  0.0142  0.0128  0.0196  0.0176  0.0259  0.0140  0.0168  0.0179  0.0122  0.0124  0.0125  1.0000  0.0084  0.0067  0.0123  0.0119  0.0066  0.0216  0.0103  0.0188  0.0068  0.0064  0.0145  0.0276  0.0181  0.0182  0.0212  0.0126  0.0191  0.0092  0.0267  0.0225  0.0180  0.0168  0.0105  0.0174  0.0282  0.0110  0.0167  0.0137
SIM23  0.0120  0.0175  0.0247  0.0173  0.0179  0.0120  0.0119  0.0061  0.0163  0.0123  0.0171  0.0083  0.0132  0.0131  0.0063  0.0078  0.0234  0.0188  0.0079  0.0062  0.0266  0.0084  1.0000  0.0155  0.0098  0.0184  0.0153  0.0169  0.0115  0.0122  0.0212  0.0184  0.0064  0.0225  0.0189  0.0062  0.0024  0.0119  0.0086  0.0125  0.0200  0.0195  0.0152  0.0103  0.0118  0.0165  0.0175  0.0217  0.0065  0.0130
SIM24  0.0258  0.0199  0.0084  0.0216  0.0165  0.0085  0.0141  0.0082  0.0109  0.0147  0.0045  0.0144  0.0173  0.0044  0.0178  0.0081  0.0067  0.0157  0.0063  0.0196  0.0084  0.0067  0.0155  1.0000  0.0102  0.0207  0.0139  0.0045  0.0175  0.0280  0.0237  0.0153  0.0104  0.0157  0.0064  0.0065  0.0226  0.0180  0.0089  0.0109  0.0224  0.0124  0.0101  0.0087  0.0140  0.0152  0.0066  0.0185  0.0202  0.0116
SIM25  0.0141  0.0140  0.0288  0.0268  0.0162  0.0159  0.0102  0.0008  0.0107  0.0164  0.0246  0.0122  0.0134  0.0151  0.0119  0.0170  0.0123  0.0118  0.0153  0.0211  0.0214  0.0123  0.0098  0.0102  1.0000  0.0168  0.0156  0.0099  0.0154  0.0219  0.0065  0.0133  0.0102  0.0155  0.0082  0.0119  0.0168  0.0177  0.0106  0.0127  0.0132  0.0103  0.0081  0.0085  0.0119  0.0186  0.0102  0.0124  0.0085  0.0132
