*********************************************************************
* LD Score Regression (LDSC)
* Version 1.0.1
* (C) 2014-2019 Brendan Bulik-Sullivan and Hilary Finucane
* Broad Institute of MIT and Harvard / MIT Department of Mathematics
* GNU General Public License v3
*********************************************************************
Call: 
./ldsc.py \
--out /data/sbcs/GuoLab/backup/liq17/CRC_TF_TWAS_zhishan2024/NC_revision_OceanCode/v2_NC_revision//84Tracks//ldscores_sim10000//11 \
--bfile /data/sbcs/GuoLab/backup/liq17/ref/Alkesgroup/1000G_EUR_Phase3_plink_hg38/1000G.EUR.QC.11 \
--annot /data/sbcs/GuoLab/backup/liq17/CRC_TF_TWAS_zhishan2024/NC_revision_OceanCode/v2_NC_revision//84Tracks//annots_sim10000//11.annot.txt \
--l2  \
--ld-wind-kb 100.0 

Beginning analysis at Sun Oct 26 23:49:58 2025
Read list of 493753 SNPs from /data/sbcs/GuoLab/backup/liq17/ref/Alkesgroup/1000G_EUR_Phase3_plink_hg38/1000G.EUR.QC.11.bim
Read 50 annotations for 493753 SNPs from /data/sbcs/GuoLab/backup/liq17/CRC_TF_TWAS_zhishan2024/NC_revision_OceanCode/v2_NC_revision//84Tracks//annots_sim10000//11.annot.txt
Read list of 489 individuals from /data/sbcs/GuoLab/backup/liq17/ref/Alkesgroup/1000G_EUR_Phase3_plink_hg38/1000G.EUR.QC.11.fam
Reading genotypes from /data/sbcs/GuoLab/backup/liq17/ref/Alkesgroup/1000G_EUR_Phase3_plink_hg38/1000G.EUR.QC.11.bed
Estimating LD Score.
Writing LD Scores for 493753 SNPs to /data/sbcs/GuoLab/backup/liq17/CRC_TF_TWAS_zhishan2024/NC_revision_OceanCode/v2_NC_revision//84Tracks//ldscores_sim10000//11.l2.ldscore.gz

Summary of LD Scores in /data/sbcs/GuoLab/backup/liq17/CRC_TF_TWAS_zhishan2024/NC_revision_OceanCode/v2_NC_revision//84Tracks//ldscores_sim10000//11.l2.ldscore.gz
         MAF  SIM1L2  SIM2L2  SIM3L2  SIM4L2  SIM5L2  SIM6L2  SIM7L2  SIM8L2  SIM9L2  SIM10L2  SIM11L2  SIM12L2  SIM13L2  SIM14L2  SIM15L2  SIM16L2  SIM17L2  SIM18L2  SIM19L2  SIM20L2  SIM21L2  SIM22L2  SIM23L2  SIM24L2  SIM25L2  SIM26L2  SIM27L2  SIM28L2  SIM29L2  SIM30L2  SIM31L2  SIM32L2  SIM33L2  SIM34L2  SIM35L2  SIM36L2  SIM37L2  SIM38L2  SIM39L2  SIM40L2  SIM41L2  SIM42L2  SIM43L2  SIM44L2  SIM45L2  SIM46L2  SIM47L2  SIM48L2  SIM49L2  SIM50L2
mean  0.1509  0.0628  0.0572  0.0582  0.0566  0.0554  0.0592  0.0601  0.0606  0.0622   0.0524   0.0607   0.0594   0.0641   0.0640   0.0621   0.0664   0.0532   0.0570   0.0581   0.0591   0.0647   0.0525   0.0618   0.0595   0.0609   0.0522   0.0547   0.0590   0.0619   0.0557   0.0625   0.0558   0.0624   0.0660   0.0631   0.0579   0.0496   0.0623   0.0603   0.0644   0.0677   0.0614   0.0578   0.0671   0.0605   0.0608   0.0652   0.0701   0.0554   0.0586
std   0.1499  0.2047  0.2001  0.1971  0.1871  0.1873  0.2038  0.2005  0.1997  0.2042   0.1895   0.2171   0.2015   0.2051   0.2168   0.2008   0.2165   0.1820   0.1910   0.1986   0.1936   0.2197   0.1842   0.2035   0.1988   0.2002   0.1782   0.1892   0.1999   0.2044   0.1937   0.2085   0.1875   0.2023   0.2104   0.2107   0.2024   0.1779   0.2072   0.2006   0.2071   0.2132   0.2079   0.1972   0.2096   0.1917   0.2037   0.2147   0.2192   0.1915   0.1954
min   0.0051 -0.0148 -0.0130 -0.0108 -0.0101 -0.0113 -0.0113 -0.0109 -0.0125 -0.0141  -0.0101  -0.0114  -0.0124  -0.0092  -0.0134  -0.0097  -0.0097  -0.0109  -0.0120  -0.0136  -0.0116  -0.0103  -0.0123  -0.0099  -0.0097  -0.0093  -0.0100  -0.0097  -0.0104  -0.0140  -0.0113  -0.0130  -0.0141  -0.0097  -0.0128  -0.0106  -0.0114  -0.0117  -0.0104  -0.0093  -0.0123  -0.0106  -0.0133  -0.0119  -0.0135  -0.0115  -0.0118  -0.0120  -0.0126  -0.0116  -0.0117
25%   0.0194  0.0000  0.0000  0.0000  0.0000  0.0000  0.0000  0.0000  0.0000  0.0000   0.0000   0.0000   0.0000   0.0000   0.0000   0.0000   0.0000   0.0000   0.0000   0.0000   0.0000   0.0000   0.0000   0.0000   0.0000   0.0000   0.0000   0.0000   0.0000   0.0000   0.0000   0.0000   0.0000   0.0000   0.0000   0.0000   0.0000   0.0000   0.0000   0.0000   0.0000   0.0000   0.0000   0.0000   0.0000   0.0000   0.0000   0.0000   0.0000   0.0000   0.0000
50%   0.0920  0.0000  0.0000  0.0000  0.0000  0.0000  0.0000  0.0000  0.0000  0.0000   0.0000   0.0000   0.0000   0.0000   0.0000   0.0000   0.0000   0.0000   0.0000   0.0000   0.0000   0.0000   0.0000   0.0000   0.0000   0.0000   0.0000   0.0000   0.0000   0.0000   0.0000   0.0000   0.0000   0.0000   0.0000   0.0000   0.0000   0.0000   0.0000   0.0000   0.0000   0.0000   0.0000   0.0000   0.0000   0.0000   0.0000   0.0000   0.0000   0.0000   0.0000
75%   0.2628  0.0099  0.0084  0.0090  0.0093  0.0085  0.0086  0.0085  0.0095  0.0118   0.0066   0.0089   0.0093   0.0137   0.0087   0.0111   0.0118   0.0074   0.0082   0.0088   0.0104   0.0103   0.0061   0.0106   0.0101   0.0105   0.0077   0.0078   0.0083   0.0103   0.0079   0.0095   0.0083   0.0108   0.0114   0.0105   0.0077   0.0064   0.0091   0.0082   0.0116   0.0134   0.0083   0.0078   0.0124   0.0116   0.0087   0.0114   0.0124   0.0076   0.0088
max   0.5000  2.2423  3.0000  2.3088  2.2890  2.4627  2.8866  2.1959  2.1632  2.9948   2.6578   3.8440   3.3049   2.4533   2.6815   2.2431   2.9840   2.0828   2.0130   2.2479   2.2047   2.9573   2.0506   2.3109   2.8814   2.2095   2.4239   2.8527   2.9982   2.2392   2.9173   2.8293   2.0451   3.3682   2.7931   2.5977   2.9553   2.1482   2.4622   2.0265   2.8767   3.1580   3.0912   2.5815   2.2087   2.0132   2.9907   2.9959   2.1275   2.7082   2.1650

MAF/LD Score Correlation Matrix
            MAF  SIM1L2  SIM2L2  SIM3L2  SIM4L2  SIM5L2  SIM6L2  SIM7L2  SIM8L2  SIM9L2  SIM10L2  SIM11L2  SIM12L2  SIM13L2  SIM14L2  SIM15L2  SIM16L2  SIM17L2  SIM18L2  SIM19L2  SIM20L2  SIM21L2  SIM22L2  SIM23L2  SIM24L2  SIM25L2  SIM26L2  SIM27L2  SIM28L2  SIM29L2  SIM30L2  SIM31L2  SIM32L2  SIM33L2  SIM34L2  SIM35L2  SIM36L2  SIM37L2  SIM38L2  SIM39L2  SIM40L2  SIM41L2  SIM42L2  SIM43L2  SIM44L2  SIM45L2  SIM46L2  SIM47L2  SIM48L2  SIM49L2  SIM50L2
MAF      1.0000  0.1109  0.1347  0.0915  0.1221  0.1104  0.1539  0.1344  0.1196  0.1425   0.0971   0.1083   0.1150   0.1182   0.0956   0.1380   0.1453   0.1036   0.1475   0.0986   0.1422   0.1300   0.1126   0.1241   0.1379   0.1452   0.1221   0.0969   0.1272   0.1157   0.1257   0.1240   0.1161   0.1147   0.1414   0.1084   0.1068   0.1166   0.1049   0.1183   0.1307   0.1547   0.1362   0.1410   0.1262   0.1591   0.1291   0.1245   0.1306   0.1327   0.1100
SIM1L2   0.1109  1.0000  0.1519  0.1318  0.0820  0.1629  0.1094  0.1361  0.1503  0.1475   0.1104   0.1569   0.1187   0.1977   0.1608   0.1418   0.0887   0.1223   0.1298   0.1701   0.1192   0.1680   0.1176   0.1558   0.0949   0.1334   0.0989   0.1214   0.1406   0.1315   0.0975   0.1665   0.1643   0.1347   0.1245   0.1250   0.1090   0.1332   0.2068   0.1825   0.1545   0.1451   0.1978   0.1171   0.0721   0.1268   0.1533   0.1327   0.1307   0.1391   0.1054
SIM2L2   0.1347  0.1519  1.0000  0.1040  0.1114  0.1609  0.1741  0.1077  0.1723  0.1411   0.1681   0.1835   0.0920   0.0803   0.1576   0.0916   0.1482   0.1650   0.0947   0.1434   0.1766   0.1557   0.1127   0.1405   0.0906   0.0954   0.1183   0.1352   0.1173   0.1165   0.1044   0.0993   0.1471   0.1539   0.1169   0.1815   0.1369   0.1692   0.1551   0.1422   0.1348   0.1907   0.1623   0.1631   0.1421   0.1673   0.1677   0.1721   0.1617   0.1909   0.1283
SIM3L2   0.0915  0.1318  0.1040  1.0000  0.1620  0.1094  0.1840  0.1379  0.1445  0.1523   0.0902   0.1027   0.1572   0.1432   0.1860   0.1626   0.0918   0.1475   0.1067   0.1511   0.0869   0.1581   0.1089   0.1394   0.1967   0.1176   0.1173   0.1512   0.1479   0.1588   0.1467   0.1951   0.1169   0.1294   0.1551   0.1330   0.1502   0.1342   0.1769   0.1155   0.1938   0.1181   0.1550   0.1346   0.1034   0.1523   0.2151   0.1247   0.1813   0.1241   0.1387
SIM4L2   0.1221  0.0820  0.1114  0.1620  1.0000  0.0875  0.1462  0.1119  0.1221  0.1573   0.1090   0.1333   0.1548   0.1818   0.1576   0.1535   0.0973   0.0956   0.0735   0.1037   0.1144   0.2141   0.0932   0.1597   0.0999   0.1003   0.0552   0.1480   0.1726   0.1605   0.1065   0.1276   0.0984   0.0995   0.1672   0.1483   0.1220   0.0962   0.1361   0.1382   0.1416   0.1120   0.1395   0.1402   0.1445   0.1386   0.1440   0.1324   0.1451   0.1220   0.1062
SIM5L2   0.1104  0.1629  0.1609  0.1094  0.0875  1.0000  0.1922  0.1444  0.1185  0.1367   0.1203   0.1320   0.0778   0.2065   0.1474   0.1072   0.1335   0.0594   0.1013   0.1148   0.1484   0.1468   0.1460   0.1346   0.1546   0.1571   0.1547   0.0900   0.1582   0.1330   0.1022   0.1378   0.1335   0.1201   0.1634   0.0553   0.1130   0.1274   0.1345   0.1528   0.1628   0.1728   0.1690   0.1995   0.1341   0.1512   0.1626   0.1831   0.1624   0.1080   0.1293
SIM6L2   0.1539  0.1094  0.1741  0.1840  0.1462  0.1922  1.0000  0.1573  0.1355  0.2028   0.0999   0.1449   0.1282   0.1764   0.2478   0.1635   0.1781   0.1483   0.1124   0.1190   0.1351   0.2083   0.1291   0.1341   0.1332   0.0892   0.1870   0.1888   0.2156   0.2202   0.1466   0.1542   0.1434   0.1786   0.1562   0.1854   0.2234   0.1735   0.1514   0.2114   0.2245   0.1783   0.1195   0.1564   0.1734   0.1676   0.1814   0.1930   0.2477   0.1266   0.1536
SIM7L2   0.1344  0.1361  0.1077  0.1379  0.1119  0.1444  0.1573  1.0000  0.1004  0.1791   0.2019   0.1458   0.1479   0.1194   0.2082   0.1156   0.1866   0.0666   0.1450   0.0953   0.1182   0.1490   0.1429   0.1801   0.1041   0.1137   0.0944   0.1010   0.1723   0.1363   0.1036   0.1999   0.1199   0.1385   0.1820   0.1635   0.1524   0.1090   0.1090   0.2011   0.1338   0.1434   0.1199   0.1548   0.1546   0.1543   0.0960   0.1865   0.1264   0.0932   0.1724
SIM8L2   0.1196  0.1503  0.1723  0.1445  0.1221  0.1185  0.1355  0.1004  1.0000  0.1752   0.1087   0.1208   0.1185   0.1621   0.2292   0.1364   0.1445   0.1206   0.1805   0.1781   0.1502   0.1664   0.1077   0.1426   0.1403   0.1477   0.1363   0.1429   0.1559   0.1377   0.1323   0.1093   0.1235   0.1765   0.1781   0.1435   0.1957   0.1203   0.1815   0.1399   0.1437   0.1104   0.1806   0.1502   0.1189   0.1709   0.1215   0.2205   0.1439   0.0984   0.1342
SIM9L2   0.1425  0.1475  0.1411  0.1523  0.1573  0.1367  0.2028  0.1791  0.1752  1.0000   0.0860   0.1211   0.1559   0.1404   0.1601   0.1447   0.1674   0.1010   0.1534   0.0778   0.1218   0.1692   0.1120   0.1429   0.1541   0.1041   0.1233   0.1256   0.2022   0.1287   0.0826   0.1409   0.0784   0.1496   0.1598   0.0880   0.1479   0.1064   0.1034   0.2117   0.1585   0.1770   0.1876   0.1873   0.1757   0.1844   0.1255   0.2028   0.1345   0.1203   0.1380
SIM10L2  0.0971  0.1104  0.1681  0.0902  0.1090  0.1203  0.0999  0.2019  0.1087  0.0860   1.0000   0.1375   0.0733   0.0978   0.1940   0.1100   0.1680   0.0850   0.0849   0.1008   0.0928   0.0792   0.1626   0.1209   0.1227   0.0828   0.0659   0.1286   0.1051   0.0950   0.0810   0.2525   0.1412   0.1764   0.1260   0.2024   0.1169   0.0762   0.0946   0.2458   0.1161   0.1439   0.1258   0.0949   0.1273   0.1115   0.1373   0.0922   0.1118   0.0943   0.1106
SIM11L2  0.1083  0.1569  0.1835  0.1027  0.1333  0.1320  0.1449  0.1458  0.1208  0.1211   0.1375   1.0000   0.1017   0.1603   0.1560   0.0926   0.1422   0.1190   0.1437   0.1131   0.1546   0.1549   0.0927   0.1576   0.1533   0.1348   0.0865   0.1098   0.1399   0.1204   0.1339   0.1326   0.1422   0.1233   0.1583   0.1387   0.1535   0.1382   0.1306   0.1750   0.1195   0.1585   0.1418   0.1692   0.1237   0.0878   0.1905   0.1345   0.1396   0.0657   0.1993
SIM12L2  0.1150  0.1187  0.0920  0.1572  0.1548  0.0778  0.1282  0.1479  0.1185  0.1559   0.0733   0.1017   1.0000   0.1514   0.0980   0.1271   0.1462   0.1372   0.1045   0.1483   0.1662   0.1433   0.1028   0.1193   0.1396   0.1170   0.1333   0.1392   0.1061   0.0957   0.0898   0.1413   0.0872   0.1559   0.1174   0.1306   0.1327   0.0855   0.1303   0.1173   0.1113   0.1055   0.0977   0.1290   0.1217   0.1480   0.1504   0.0905   0.1278   0.1217   0.2191
SIM13L2  0.1182  0.1977  0.0803  0.1432  0.1818  0.2065  0.1764  0.1194  0.1621  0.1404   0.0978   0.1603   0.1514   1.0000   0.1209   0.1509   0.1336   0.1027   0.1341   0.1490   0.1097   0.1371   0.1499   0.2092   0.1496   0.1204   0.1179   0.1323   0.1323   0.1579   0.1302   0.2021   0.1297   0.1417   0.1483   0.1146   0.1190   0.1356   0.2180   0.1129   0.2291   0.2024   0.1013   0.1117   0.1533   0.1428   0.1777   0.1576   0.1470   0.1101   0.2058
SIM14L2  0.0956  0.1608  0.1576  0.1860  0.1576  0.1474  0.2478  0.2082  0.2292  0.1601   0.1940   0.1560   0.0980   0.1209   1.0000   0.1943   0.1808   0.1196   0.1483   0.1392   0.1071   0.2060   0.1626   0.1484   0.1107   0.1534   0.1485   0.1837   0.1542   0.1718   0.1341   0.1938   0.1299   0.2001   0.1905   0.1814   0.2319   0.1507   0.1755   0.2785   0.1387   0.1228   0.1627   0.1489   0.1669   0.1511   0.1801   0.2007   0.2353   0.0683   0.1371
SIM15L2  0.1380  0.1418  0.0916  0.1626  0.1535  0.1072  0.1635  0.1156  0.1364  0.1447   0.1100   0.0926   0.1271   0.1509   0.1943   1.0000   0.1369   0.1038   0.0984   0.1703   0.1071   0.1898   0.0703   0.1462   0.1872   0.1329   0.1216   0.1264   0.1390   0.1382   0.1417   0.1678   0.1234   0.1442   0.1230   0.1620   0.1821   0.1152   0.2130   0.1443   0.1718   0.2249   0.1290   0.1391   0.1489   0.1346   0.1631   0.1185   0.1494   0.1732   0.1192
SIM16L2  0.1453  0.0887  0.1482  0.0918  0.0973  0.1335  0.1781  0.1866  0.1445  0.1674   0.1680   0.1422   0.1462   0.1336   0.1808   0.1369   1.0000   0.1649   0.1512   0.1130   0.2424   0.1870   0.1603   0.1357   0.1303   0.1054   0.1195   0.0897   0.1830   0.1425   0.0952   0.1630   0.1369   0.1978   0.1333   0.1684   0.1877   0.1631   0.1342   0.1772   0.1624   0.1478   0.1496   0.1577   0.1378   0.1340   0.1752   0.1910   0.1882   0.0989   0.1660
SIM17L2  0.1036  0.1223  0.1650  0.1475  0.0956  0.0594  0.1483  0.0666  0.1206  0.1010   0.0850   0.1190   0.1372   0.1027   0.1196   0.1038   0.1649   1.0000   0.0925   0.1112   0.1357   0.1847   0.1134   0.0731   0.1134   0.1087   0.1027   0.1095   0.1656   0.1406   0.1138   0.1700   0.1056   0.1602   0.0934   0.1068   0.1437   0.1420   0.1186   0.1322   0.0959   0.1236   0.1164   0.1048   0.1149   0.1408   0.1813   0.1409   0.1401   0.1023   0.0652
SIM18L2  0.1475  0.1298  0.0947  0.1067  0.0735  0.1013  0.1124  0.1450  0.1805  0.1534   0.0849   0.1437   0.1045   0.1341   0.1483   0.0984   0.1512   0.0925   1.0000   0.1499   0.1200   0.1814   0.0873   0.1484   0.1196   0.0998   0.1167   0.1218   0.1424   0.1135   0.0954   0.1393   0.1067   0.1086   0.1446   0.1311   0.1508   0.1204   0.1086   0.1461   0.1261   0.1532   0.1120   0.1613   0.1149   0.1352   0.0986   0.1438   0.1216   0.1416   0.1553
SIM19L2  0.0986  0.1701  0.1434  0.1511  0.1037  0.1148  0.1190  0.0953  0.1781  0.0778   0.1008   0.1131   0.1483   0.1490   0.1392   0.1703   0.1130   0.1112   0.1499   1.0000   0.1686   0.1890   0.0680   0.1204   0.1910   0.1744   0.1112   0.0953   0.1003   0.1220   0.1001   0.1511   0.1255   0.1031   0.1463   0.1393   0.1321   0.0868   0.1849   0.1281   0.1483   0.1349   0.1597   0.1199   0.1528   0.1357   0.1475   0.1732   0.1549   0.1188   0.1298
SIM20L2  0.1422  0.1192  0.1766  0.0869  0.1144  0.1484  0.1351  0.1182  0.1502  0.1218   0.0928   0.1546   0.1662   0.1097   0.1071   0.1071   0.2424   0.1357   0.1200   0.1686   1.0000   0.1077   0.0918   0.1720   0.1245   0.1138   0.0722   0.1230   0.1357   0.1046   0.1290   0.1730   0.1055   0.1201   0.1253   0.1071   0.0942   0.1418   0.1761   0.1224   0.1381   0.1312   0.1556   0.1205   0.1128   0.1142   0.1592   0.1502   0.1360   0.1939   0.1554
SIM21L2  0.1300  0.1680  0.1557  0.1581  0.2141  0.1468  0.2083  0.1490  0.1664  0.1692   0.0792   0.1549   0.1433   0.1371   0.2060   0.1898   0.1870   0.1847   0.1814   0.1890   0.1077   1.0000   0.1026   0.1194   0.1634   0.1518   0.1212   0.1311   0.1584   0.1812   0.1346   0.1510   0.1417   0.1540   0.1232   0.1490   0.1797   0.1584   0.1444   0.1882   0.1234   0.1467   0.1373   0.1511   0.1901   0.1820   0.1584   0.1844   0.2010   0.1205   0.1387
SIM22L2  0.1126  0.1176  0.1127  0.1089  0.0932  0.1460  0.1291  0.1429  0.1077  0.1120   0.1626   0.0927   0.1028   0.1499   0.1626   0.0703   0.1603   0.1134   0.0873   0.0680   0.0918   0.1026   1.0000   0.1319   0.0999   0.1370   0.1437   0.1109   0.1064   0.1052   0.1526   0.1337   0.0996   0.2190   0.1224   0.1329   0.1224   0.0817   0.1098   0.1891   0.1162   0.0999   0.2073   0.1249   0.0977   0.0947   0.1118   0.1691   0.1314   0.1541   0.1156
SIM23L2  0.1241  0.1558  0.1405  0.1394  0.1597  0.1346  0.1341  0.1801  0.1426  0.1429   0.1209   0.1576   0.1193   0.2092   0.1484   0.1462   0.1357   0.0731   0.1484   0.1204   0.1720   0.1194   0.1319   1.0000   0.1252   0.1182   0.0978   0.0678   0.1301   0.1346   0.1319   0.1400   0.1307   0.1351   0.1298   0.1135   0.0925   0.0862   0.1656   0.1723   0.1398   0.1393   0.1451   0.1957   0.1045   0.1736   0.1418   0.1897   0.1122   0.0784   0.1373
SIM24L2  0.1379  0.0949  0.0906  0.1967  0.0999  0.1546  0.1332  0.1041  0.1403  0.1541   0.1227   0.1533   0.1396   0.1496   0.1107   0.1872   0.1303   0.1134   0.1196   0.1910   0.1245   0.1634   0.0999   0.1252   1.0000   0.1386   0.0628   0.1170   0.1386   0.1545   0.1341   0.2080   0.1182   0.0832   0.1744   0.1172   0.1828   0.0909   0.1584   0.1170   0.1597   0.1619   0.1745   0.0932   0.1421   0.1502   0.1428   0.1464   0.1423   0.1415   0.1677
SIM25L2  0.1452  0.1334  0.0954  0.1176  0.1003  0.1571  0.0892  0.1137  0.1477  0.1041   0.0828   0.1348   0.1170   0.1204   0.1534   0.1329   0.1054   0.1087   0.0998   0.1744   0.1138   0.1518   0.1370   0.1182   0.1386   1.0000   0.1180   0.0725   0.0956   0.0842   0.0994   0.1034   0.1139   0.1062   0.2087   0.1288   0.1480   0.1336   0.1035   0.1071   0.1142   0.1507   0.1419   0.1545   0.1250   0.1526   0.1107   0.1385   0.1410   0.0870   0.1459
SIM26L2  0.1221  0.0989  0.1183  0.1173  0.0552  0.1547  0.1870  0.0944  0.1363  0.1233   0.0659   0.0865   0.1333   0.1179   0.1485   0.1216   0.1195   0.1027   0.1167   0.1112   0.0722   0.1212   0.1437   0.0978   0.0628   0.1180   1.0000   0.1129   0.1318   0.1411   0.1280   0.1123   0.0994   0.1421   0.1085   0.1762   0.1264   0.1336   0.0695   0.1279   0.1292   0.1076   0.0651   0.1008   0.0847   0.1071   0.1524   0.1152   0.1356   0.0626   0.1021
SIM27L2  0.0969  0.1214  0.1352  0.1512  0.1480  0.0900  0.1888  0.1010  0.1429  0.1256   0.1286   0.1098   0.1392   0.1323   0.1837   0.1264   0.0897   0.1095   0.1218   0.0953   0.1230   0.1311   0.1109   0.0678   0.1170   0.0725   0.1129   1.0000   0.1221   0.1269   0.1185   0.2028   0.0650   0.1715   0.0992   0.1157   0.1174   0.1784   0.1581   0.1330   0.0770   0.1256   0.1557   0.1200   0.1315   0.1160   0.1514   0.1449   0.1995   0.0925   0.1104
SIM28L2  0.1272  0.1406  0.1173  0.1479  0.1726  0.1582  0.2156  0.1723  0.1559  0.2022   0.1051   0.1399   0.1061   0.1323   0.1542   0.1390   0.1830   0.1656   0.1424   0.1003   0.1357   0.1584   0.1064   0.1301   0.1386   0.0956   0.1318   0.1221   1.0000   0.1888   0.1414   0.2233   0.1219   0.1178   0.1931   0.1929   0.1536   0.1876   0.1435   0.1812   0.1782   0.1773   0.1660   0.1755   0.0987   0.1710   0.1390   0.1801   0.1828   0.1210   0.1577
SIM29L2  0.1157  0.1315  0.1165  0.1588  0.1605  0.1330  0.2202  0.1363  0.1377  0.1287   0.0950   0.1204   0.0957   0.1579   0.1718   0.1382   0.1425   0.1406   0.1135   0.1220   0.1046   0.1812   0.1052   0.1346   0.1545   0.0842   0.1411   0.1269   0.1888   1.0000   0.1209   0.2260   0.1738   0.1371   0.1541   0.1471   0.1929   0.1529   0.1872   0.1382   0.1182   0.1245   0.1259   0.1315   0.1362   0.1414   0.1199   0.1215   0.1939   0.1128   0.1779
SIM30L2  0.1257  0.0975  0.1044  0.1467  0.1065  0.1022  0.1466  0.1036  0.1323  0.0826   0.0810   0.1339   0.0898   0.1302   0.1341   0.1417   0.0952   0.1138   0.0954   0.1001   0.1290   0.1346   0.1526   0.1319   0.1341   0.0994   0.1280   0.1185   0.1414   0.1209   1.0000   0.1300   0.1489   0.0884   0.0844   0.1114   0.0822   0.1178   0.0820   0.1166   0.1152   0.1352   0.1306   0.1277   0.0895   0.0950   0.1483   0.1401   0.1001   0.1237   0.0993
SIM31L2  0.1240  0.1665  0.0993  0.1951  0.1276  0.1378  0.1542  0.1999  0.1093  0.1409   0.2525   0.1326   0.1413   0.2021   0.1938   0.1678   0.1630   0.1700   0.1393   0.1511   0.1730   0.1510   0.1337   0.1400   0.2080   0.1034   0.1123   0.2028   0.2233   0.2260   0.1300   1.0000   0.1372   0.1848   0.2417   0.2054   0.1105   0.1632   0.1989   0.1605   0.1827   0.2151   0.1843   0.1317   0.1107   0.1755   0.2137   0.1780   0.1469   0.1070   0.1427
SIM32L2  0.1161  0.1643  0.1471  0.1169  0.0984  0.1335  0.1434  0.1199  0.1235  0.0784   0.1412   0.1422   0.0872   0.1297   0.1299   0.1234   0.1369   0.1056   0.1067   0.1255   0.1055   0.1417   0.0996   0.1307   0.1182   0.1139   0.0994   0.0650   0.1219   0.1738   0.1489   0.1372   1.0000   0.1067   0.1331   0.0813   0.2160   0.1761   0.1711   0.1451   0.1306   0.1642   0.1341   0.0848   0.1412   0.1504   0.1394   0.1411   0.1273   0.0943   0.1248
SIM33L2  0.1147  0.1347  0.1539  0.1294  0.0995  0.1201  0.1786  0.1385  0.1765  0.1496   0.1764   0.1233   0.1559   0.1417   0.2001   0.1442   0.1978   0.1602   0.1086   0.1031   0.1201   0.1540   0.2190   0.1351   0.0832   0.1062   0.1421   0.1715   0.1178   0.1371   0.0884   0.1848   0.1067   1.0000   0.0900   0.1513   0.1235   0.1059   0.1628   0.1846   0.1012   0.1109   0.1705   0.1566   0.1387   0.1678   0.1313   0.2030   0.1660   0.0935   0.1286
SIM34L2  0.1414  0.1245  0.1169  0.1551  0.1672  0.1634  0.1562  0.1820  0.1781  0.1598   0.1260   0.1583   0.1174   0.1483   0.1905   0.1230   0.1333   0.0934   0.1446   0.1463   0.1253   0.1232   0.1224   0.1298   0.1744   0.2087   0.1085   0.0992   0.1931   0.1541   0.0844   0.2417   0.1331   0.0900   1.0000   0.1495   0.1378   0.1215   0.1599   0.1628   0.1771   0.1674   0.1610   0.1254   0.1358   0.1879   0.1706   0.1249   0.1618   0.1060   0.1595
SIM35L2  0.1084  0.1250  0.1815  0.1330  0.1483  0.0553  0.1854  0.1635  0.1435  0.0880   0.2024   0.1387   0.1306   0.1146   0.1814   0.1620   0.1684   0.1068   0.1311   0.1393   0.1071   0.1490   0.1329   0.1135   0.1172   0.1288   0.1762   0.1157   0.1929   0.1471   0.1114   0.2054   0.0813   0.1513   0.1495   1.0000   0.1275   0.1187   0.1320   0.1806   0.1248   0.1583   0.1544   0.1402   0.0776   0.1248   0.1448   0.1621   0.1252   0.1269   0.1770
SIM36L2  0.1068  0.1090  0.1369  0.1502  0.1220  0.1130  0.2234  0.1524  0.1957  0.1479   0.1169   0.1535   0.1327   0.1190   0.2319   0.1821   0.1877   0.1437   0.1508   0.1321   0.0942   0.1797   0.1224   0.0925   0.1828   0.1480   0.1264   0.1174   0.1536   0.1929   0.0822   0.1105   0.2160   0.1235   0.1378   0.1275   1.0000   0.1539   0.1539   0.1612   0.1476   0.1357   0.1459   0.1351   0.1447   0.1164   0.1193   0.1654   0.1963   0.1558   0.1676
SIM37L2  0.1166  0.1332  0.1692  0.1342  0.0962  0.1274  0.1735  0.1090  0.1203  0.1064   0.0762   0.1382   0.0855   0.1356   0.1507   0.1152   0.1631   0.1420   0.1204   0.0868   0.1418   0.1584   0.0817   0.0862   0.0909   0.1336   0.1336   0.1784   0.1876   0.1529   0.1178   0.1632   0.1761   0.1059   0.1215   0.1187   0.1539   1.0000   0.1672   0.1204   0.1236   0.1454   0.1012   0.1118   0.1112   0.1535   0.1482   0.1231   0.2091   0.1237   0.1077
SIM38L2  0.1049  0.2068  0.1551  0.1769  0.1361  0.1345  0.1514  0.1090  0.1815  0.1034   0.0946   0.1306   0.1303   0.2180   0.1755   0.2130   0.1342   0.1186   0.1086   0.1849   0.1761   0.1444   0.1098   0.1656   0.1584   0.1035   0.0695   0.1581   0.1435   0.1872   0.0820   0.1989   0.1711   0.1628   0.1599   0.1320   0.1539   0.1672   1.0000   0.1310   0.1675   0.1933   0.1875   0.1256   0.1396   0.1314   0.1459   0.1461   0.1737   0.1176   0.0966
SIM39L2  0.1183  0.1825  0.1422  0.1155  0.1382  0.1528  0.2114  0.2011  0.1399  0.2117   0.2458   0.1750   0.1173   0.1129   0.2785   0.1443   0.1772   0.1322   0.1461   0.1281   0.1224   0.1882   0.1891   0.1723   0.1170   0.1071   0.1279   0.1330   0.1812   0.1382   0.1166   0.1605   0.1451   0.1846   0.1628   0.1806   0.1612   0.1204   0.1310   1.0000   0.1613   0.1239   0.1966   0.1639   0.1507   0.1496   0.1854   0.1387   0.1392   0.1625   0.1285
SIM40L2  0.1307  0.1545  0.1348  0.1938  0.1416  0.1628  0.2245  0.1338  0.1437  0.1585   0.1161   0.1195   0.1113   0.2291   0.1387   0.1718   0.1624   0.0959   0.1261   0.1483   0.1381   0.1234   0.1162   0.1398   0.1597   0.1142   0.1292   0.0770   0.1782   0.1182   0.1152   0.1827   0.1306   0.1012   0.1771   0.1248   0.1476   0.1236   0.1675   0.1613   1.0000   0.1940   0.1087   0.1204   0.1303   0.1332   0.1876   0.1360   0.1303   0.1716   0.1583
SIM41L2  0.1547  0.1451  0.1907  0.1181  0.1120  0.1728  0.1783  0.1434  0.1104  0.1770   0.1439   0.1585   0.1055   0.2024   0.1228   0.2249   0.1478   0.1236   0.1532   0.1349   0.1312   0.1467   0.0999   0.1393   0.1619   0.1507   0.1076   0.1256   0.1773   0.1245   0.1352   0.2151   0.1642   0.1109   0.1674   0.1583   0.1357   0.1454   0.1933   0.1239   0.1940   1.0000   0.1603   0.1452   0.1434   0.1444   0.1764   0.1813   0.1442   0.1678   0.1559
SIM42L2  0.1362  0.1978  0.1623  0.1550  0.1395  0.1690  0.1195  0.1199  0.1806  0.1876   0.1258   0.1418   0.0977   0.1013   0.1627   0.1290   0.1496   0.1164   0.1120   0.1597   0.1556   0.1373   0.2073   0.1451   0.1745   0.1419   0.0651   0.1557   0.1660   0.1259   0.1306   0.1843   0.1341   0.1705   0.1610   0.1544   0.1459   0.1012   0.1875   0.1966   0.1087   0.1603   1.0000   0.1668   0.0924   0.1843   0.1381   0.1826   0.1402   0.1070   0.0993
SIM43L2  0.1410  0.1171  0.1631  0.1346  0.1402  0.1995  0.1564  0.1548  0.1502  0.1873   0.0949   0.1692   0.1290   0.1117   0.1489   0.1391   0.1577   0.1048   0.1613   0.1199   0.1205   0.1511   0.1249   0.1957   0.0932   0.1545   0.1008   0.1200   0.1755   0.1315   0.1277   0.1317   0.0848   0.1566   0.1254   0.1402   0.1351   0.1118   0.1256   0.1639   0.1204   0.1452   0.1668   1.0000   0.1326   0.1855   0.1579   0.1762   0.1361   0.1011   0.1894
SIM44L2  0.1262  0.0721  0.1421  0.1034  0.1445  0.1341  0.1734  0.1546  0.1189  0.1757   0.1273   0.1237   0.1217   0.1533   0.1669   0.1489   0.1378   0.1149   0.1149   0.1528   0.1128   0.1901   0.0977   0.1045   0.1421   0.1250   0.0847   0.1315   0.0987   0.1362   0.0895   0.1107   0.1412   0.1387   0.1358   0.0776   0.1447   0.1112   0.1396   0.1507   0.1303   0.1434   0.0924   0.1326   1.0000   0.1193   0.1771   0.1679   0.1813   0.1376   0.1096
SIM45L2  0.1591  0.1268  0.1673  0.1523  0.1386  0.1512  0.1676  0.1543  0.1709  0.1844   0.1115   0.0878   0.1480   0.1428   0.1511   0.1346   0.1340   0.1408   0.1352   0.1357   0.1142   0.1820   0.0947   0.1736   0.1502   0.1526   0.1071   0.1160   0.1710   0.1414   0.0950   0.1755   0.1504   0.1678   0.1879   0.1248   0.1164   0.1535   0.1314   0.1496   0.1332   0.1444   0.1843   0.1855   0.1193   1.0000   0.1755   0.1349   0.1011   0.1001   0.1132
SIM46L2  0.1291  0.1533  0.1677  0.2151  0.1440  0.1626  0.1814  0.0960  0.1215  0.1255   0.1373   0.1905   0.1504   0.1777   0.1801   0.1631   0.1752   0.1813   0.0986   0.1475   0.1592   0.1584   0.1118   0.1418   0.1428   0.1107   0.1524   0.1514   0.1390   0.1199   0.1483   0.2137   0.1394   0.1313   0.1706   0.1448   0.1193   0.1482   0.1459   0.1854   0.1876   0.1764   0.1381   0.1579   0.1771   0.1755   1.0000   0.1214   0.1700   0.1061   0.1623
SIM47L2  0.1245  0.1327  0.1721  0.1247  0.1324  0.1831  0.1930  0.1865  0.2205  0.2028   0.0922   0.1345   0.0905   0.1576   0.2007   0.1185   0.1910   0.1409   0.1438   0.1732   0.1502   0.1844   0.1691   0.1897   0.1464   0.1385   0.1152   0.1449   0.1801   0.1215   0.1401   0.1780   0.1411   0.2030   0.1249   0.1621   0.1654   0.1231   0.1461   0.1387   0.1360   0.1813   0.1826   0.1762   0.1679   0.1349   0.1214   1.0000   0.1842   0.0906   0.1356
SIM48L2  0.1306  0.1307  0.1617  0.1813  0.1451  0.1624  0.2477  0.1264  0.1439  0.1345   0.1118   0.1396   0.1278   0.1470   0.2353   0.1494   0.1882   0.1401   0.1216   0.1549   0.1360   0.2010   0.1314   0.1122   0.1423   0.1410   0.1356   0.1995   0.1828   0.1939   0.1001   0.1469   0.1273   0.1660   0.1618   0.1252   0.1963   0.2091   0.1737   0.1392   0.1303   0.1442   0.1402   0.1361   0.1813   0.1011   0.1700   0.1842   1.0000   0.0849   0.1432
SIM49L2  0.1327  0.1391  0.1909  0.1241  0.1220  0.1080  0.1266  0.0932  0.0984  0.1203   0.0943   0.0657   0.1217   0.1101   0.0683   0.1732   0.0989   0.1023   0.1416   0.1188   0.1939   0.1205   0.1541   0.0784   0.1415   0.0870   0.0626   0.0925   0.1210   0.1128   0.1237   0.1070   0.0943   0.0935   0.1060   0.1269   0.1558   0.1237   0.1176   0.1625   0.1716   0.1678   0.1070   0.1011   0.1376   0.1001   0.1061   0.0906   0.0849   1.0000   0.1516
SIM50L2  0.1100  0.1054  0.1283  0.1387  0.1062  0.1293  0.1536  0.1724  0.1342  0.1380   0.1106   0.1993   0.2191   0.2058   0.1371   0.1192   0.1660   0.0652   0.1553   0.1298   0.1554   0.1387   0.1156   0.1373   0.1677   0.1459   0.1021   0.1104   0.1577   0.1779   0.0993   0.1427   0.1248   0.1286   0.1595   0.1770   0.1676   0.1077   0.0966   0.1285   0.1583   0.1559   0.0993   0.1894   0.1096   0.1132   0.1623   0.1356   0.1432   0.1516   1.0000

LD Score Matrix Condition Number
4.8221

Annotation Correlation Matrix
         SIM1    SIM2    SIM3    SIM4    SIM5    SIM6    SIM7    SIM8    SIM9   SIM10   SIM11   SIM12   SIM13   SIM14   SIM15   SIM16   SIM17   SIM18   SIM19   SIM20   SIM21   SIM22   SIM23   SIM24   SIM25   SIM26   SIM27   SIM28   SIM29   SIM30   SIM31   SIM32   SIM33   SIM34   SIM35   SIM36   SIM37   SIM38   SIM39   SIM40   SIM41   SIM42   SIM43   SIM44   SIM45   SIM46   SIM47   SIM48   SIM49   SIM50
SIM1   1.0000  0.0099  0.0099  0.0163  0.0098  0.0161  0.0292  0.0231  0.0222  0.0100  0.0163  0.0140  0.0156  0.0098  0.0249  0.0164  0.0098  0.0080  0.0118  0.0181  0.0137  0.0105  0.0120  0.0098  0.0141  0.0100  0.0170  0.0100  0.0162  0.0162  0.0162  0.0206  0.0164  0.0138  0.0118  0.0161  0.0149  0.0119  0.0103  0.0161  0.0138  0.0162  0.0081  0.0072  0.0078  0.0186  0.0181  0.0153  0.0099  0.0096
SIM2   0.0099  1.0000  0.0078  0.0187  0.0142  0.0292  0.0208  0.0167  0.0182  0.0167  0.0230  0.0270  0.0074  0.0142  0.0012  0.0013  0.0230  0.0059  0.0162  0.0204  0.0075  0.0198  0.0165  0.0099  0.0077  0.0168  0.0059  0.0101  0.0229  0.0120  0.0164  0.0143  0.0122  0.0289  0.0141  0.0185  0.0150  0.0163  0.0150  0.0142  0.0055  0.0251  0.0127  0.0073  0.0123  0.0101  0.0119  0.0052  0.0144  0.0140
SIM3   0.0099  0.0078  1.0000  0.0142  0.0077  0.0140  0.0142  0.0144  0.0266  0.0035  0.0121  0.0183  0.0073  0.0120  0.0142  0.0121  0.0186  0.0058  0.0204  0.0160  0.0138  0.0105  0.0142  0.0141  0.0077  0.0167  0.0104  0.0166  0.0184  0.0120  0.0120  0.0142  0.0164  0.0139  0.0119  0.0033  0.0195  0.0055  0.0081  0.0205  0.0139  0.0120  0.0194  0.0114  0.0166  0.0078  0.0182  0.0215  0.0078  0.0118
SIM4   0.0163  0.0187  0.0142  1.0000  0.0141  0.0119  0.0163  0.0100  0.0117  0.0100  0.0120  0.0119  0.0197  0.0162  0.0185  0.0056  0.0099  0.0080  0.0246  0.0075  0.0138  0.0196  0.0077  0.0055  0.0206  0.0144  0.0126  0.0231  0.0162  0.0141  0.0120  0.0120  0.0207  0.0202  0.0247  0.0140  0.0149  0.0098  0.0171  0.0140 -0.0010  0.0120  0.0171  0.0238  0.0318  0.0165  0.0118  0.0112  0.0273  0.0097
SIM5   0.0098  0.0142  0.0077  0.0141  1.0000  0.0224  0.0162  0.0143  0.0180  0.0274  0.0120  0.0076  0.0279  0.0162  0.0205  0.0207  0.0077  0.0236  0.0096  0.0096  0.0095  0.0036  0.0249  0.0247  0.0162  0.0209  0.0058  0.0143  0.0076  0.0161  0.0226  0.0098  0.0206  0.0285  0.0118  0.0140  0.0148  0.0225  0.0080  0.0182  0.0138  0.0162  0.0193  0.0298  0.0121  0.0142  0.0138  0.0132  0.0012  0.0075
SIM6   0.0161  0.0292  0.0140  0.0119  0.0224  1.0000  0.0140  0.0229  0.0074  0.0142  0.0097  0.0244  0.0174  0.0118  0.0097  0.0162  0.0140  0.0101  0.0201  0.0179  0.0136  0.0081  0.0076  0.0224  0.0075  0.0121  0.0124  0.0163  0.0139  0.0118  0.0182  0.0097  0.0076  0.0241  0.0075  0.0075  0.0259  0.0223  0.0146  0.0096  0.0095  0.0182  0.0147  0.0112  0.0185  0.0120  0.0200  0.0252  0.0098  0.0032
SIM7   0.0292  0.0208  0.0142  0.0163  0.0162  0.0140  1.0000  0.0122  0.0180  0.0165  0.0142  0.0033  0.0073  0.0205  0.0120  0.0185  0.0228  0.0147  0.0118  0.0265  0.0242  0.0128  0.0077  0.0140  0.0098  0.0166  0.0126  0.0078  0.0226  0.0183  0.0055  0.0077  0.0099  0.0117  0.0140  0.0119  0.0059  0.0161  0.0148  0.0076  0.0075  0.0162  0.0171  0.0237  0.0143  0.0121  0.0223  0.0173  0.0121  0.0139
SIM8   0.0231  0.0167  0.0144  0.0100  0.0143  0.0229  0.0122  1.0000  0.0162  0.0124  0.0078  0.0185  0.0221  0.0208  0.0165  0.0079  0.0144  0.0195  0.0098  0.0141  0.0183  0.0176  0.0144  0.0186  0.0252  0.0258  0.0196  0.0190  0.0099  0.0143  0.0100  0.0188  0.0122  0.0119  0.0056  0.0143  0.0083  0.0077  0.0151  0.0121  0.0162  0.0165  0.0196  0.0116  0.0057  0.0145  0.0356  0.0156  0.0101  0.0184
SIM9   0.0222  0.0182  0.0266  0.0117  0.0180  0.0074  0.0180  0.0162  1.0000  0.0076  0.0244  0.0157  0.0152  0.0179  0.0201  0.0118  0.0181  0.0122  0.0094  0.0218  0.0134  0.0102  0.0202  0.0074  0.0095  0.0098  0.0145  0.0204  0.0116  0.0053  0.0053  0.0096  0.0223  0.0238  0.0095  0.0304  0.0256  0.0095  0.0079  0.0116  0.0135  0.0159  0.0123  0.0232  0.0268  0.0118  0.0177  0.0109  0.0054  0.0094
SIM10  0.0100  0.0167  0.0035  0.0100  0.0274  0.0142  0.0165  0.0124  0.0076  1.0000  0.0100  0.0099  0.0137  0.0078  0.0143  0.0254  0.0144  0.0240  0.0314  0.0098  0.0204  0.0037  0.0122  0.0164  0.0099  0.0013  0.0059  0.0234  0.0165  0.0186  0.0230  0.0166  0.0144  0.0205  0.0099  0.0164  0.0083  0.0099  0.0264  0.0121  0.0184  0.0121  0.0128  0.0220  0.0145  0.0167  0.0098  0.0073  0.0101  0.0205
SIM11  0.0163  0.0230  0.0121  0.0120  0.0120  0.0097  0.0142  0.0078  0.0244  0.0100  1.0000  0.0055  0.0115  0.0119  0.0185  0.0099  0.0077  0.0148  0.0076  0.0118  0.0138  0.0082  0.0055  0.0098  0.0120  0.0101  0.0171  0.0056  0.0119  0.0119  0.0141  0.0012  0.0229  0.0075  0.0161  0.0140  0.0172  0.0205  0.0081  0.0055  0.0096  0.0098  0.0081  0.0134  0.0013  0.0187  0.0096  0.0133  0.0078  0.0224
SIM12  0.0140  0.0270  0.0183  0.0119  0.0076  0.0244  0.0033  0.0185  0.0157  0.0099  0.0055  1.0000  0.0236  0.0118  0.0118  0.0205  0.0076  0.0168  0.0138  0.0179  0.0115  0.0036  0.0140  0.0245  0.0160  0.0186  0.0191  0.0098  0.0054  0.0096  0.0075  0.0076  0.0076  0.0074  0.0075  0.0160  0.0147  0.0139  0.0191  0.0160  0.0011  0.0203  0.0102  0.0092  0.0250  0.0184  0.0116  0.0071  0.0184  0.0158
SIM13  0.0156  0.0074  0.0073  0.0197  0.0279  0.0174  0.0073  0.0221  0.0152  0.0137  0.0115  0.0236  1.0000  0.0072  0.0135  0.0115  0.0156  0.0141  0.0153  0.0173  0.0192  0.0100  0.0115  0.0216  0.0134  0.0138  0.0141  0.0053  0.0155  0.0216  0.0196  0.0073  0.0094  0.0172  0.0154  0.0134  0.0099  0.0134  0.0163  0.0072  0.0193  0.0279  0.0163  0.0187  0.0137  0.0032  0.0254  0.0244  0.0074  0.0112
SIM14  0.0098  0.0142  0.0120  0.0162  0.0162  0.0118  0.0205  0.0208  0.0179  0.0078  0.0119  0.0118  0.0072  1.0000  0.0205  0.0034  0.0119  0.0124  0.0138  0.0138  0.0241  0.0127  0.0076  0.0076  0.0183  0.0122  0.0125  0.0099  0.0204  0.0118  0.0161  0.0162  0.0184  0.0032  0.0118  0.0161  0.0148  0.0076  0.0125  0.0139  0.0075  0.0204  0.0103  0.0256  0.0056  0.0077  0.0075  0.0294  0.0142  0.0159
SIM15  0.0249  0.0012  0.0142  0.0185  0.0205  0.0097  0.0120  0.0165  0.0201  0.0143  0.0185  0.0118  0.0135  0.0205  1.0000  0.0099  0.0120  0.0102  0.0139  0.0202  0.0221  0.0127  0.0206  0.0204  0.0291  0.0144  0.0081  0.0078  0.0162  0.0140  0.0162  0.0163  0.0250  0.0222  0.0225  0.0161  0.0104  0.0183  0.0125  0.0247  0.0138  0.0141  0.0170  0.0175  0.0078  0.0186  0.0054  0.0193  0.0186  0.0139
SIM16  0.0164  0.0013  0.0121  0.0056  0.0207  0.0162  0.0185  0.0079  0.0118  0.0254  0.0099  0.0205  0.0115  0.0034  0.0099  1.0000  0.0164  0.0148  0.0140  0.0118  0.0265  0.0151  0.0121  0.0012  0.0185  0.0123  0.0104  0.0078  0.0206  0.0077  0.0163  0.0142  0.0165  0.0160  0.0183  0.0141  0.0082  0.0076  0.0126  0.0162  0.0182  0.0271  0.0104  0.0032  0.0188  0.0122  0.0161  0.0236  0.0274  0.0118
SIM17  0.0098  0.0230  0.0186  0.0099  0.0077  0.0140  0.0228  0.0144  0.0181  0.0144  0.0077  0.0076  0.0156  0.0119  0.0120  0.0164  1.0000  0.0058  0.0097  0.0118  0.0222  0.0151  0.0099  0.0098  0.0120  0.0232  0.0148  0.0187  0.0227  0.0033  0.0077  0.0207  0.0229  0.0117  0.0076  0.0076  0.0194  0.0183  0.0081  0.0140  0.0096  0.0141  0.0171  0.0114  0.0187  0.0252  0.0287  0.0194  0.0078  0.0054
SIM18  0.0080  0.0059  0.0058  0.0080  0.0236  0.0101  0.0147  0.0195  0.0122  0.0240  0.0148  0.0168  0.0141  0.0124  0.0102  0.0148  0.0058  1.0000  0.0145  0.0100  0.0187  0.0062  0.0371  0.0169  0.0080  0.0173  0.0154  0.0149  0.0124  0.0280  0.0213  0.0080  0.0103  0.0056  0.0057  0.0124  0.0155  0.0146  0.0061  0.0102  0.0166  0.0191  0.0131  0.0097  0.0172  0.0036  0.0123  0.0054  0.0148  0.0211
SIM19  0.0118  0.0162  0.0204  0.0246  0.0096  0.0201  0.0118  0.0098  0.0094  0.0314  0.0076  0.0138  0.0153  0.0138  0.0139  0.0140  0.0097  0.0145  1.0000  0.0157  0.0052  0.0171  0.0097  0.0223  0.0139  0.0163  0.0146  0.0162  0.0138  0.0054  0.0160  0.0161  0.0118  0.0136  0.0180  0.0138  0.0147  0.0138  0.0079  0.0159  0.0220  0.0139  0.0124  0.0193  0.0098  0.0076  0.0136  0.0090  0.0140  0.0199
SIM20  0.0181  0.0204  0.0160  0.0075  0.0096  0.0179  0.0265  0.0141  0.0218  0.0098  0.0118  0.0179  0.0173  0.0138  0.0202  0.0118  0.0118  0.0100  0.0157  1.0000  0.0155  0.0125  0.0181  0.0096  0.0096  0.0055  0.0123  0.0098  0.0117  0.0159  0.0159 -0.0010  0.0288  0.0239  0.0137  0.0074  0.0102  0.0200  0.0035  0.0053  0.0239  0.0075  0.0079  0.0232  0.0119  0.0097  0.0157  0.0150  0.0097  0.0136
SIM21  0.0137  0.0075  0.0138  0.0138  0.0095  0.0136  0.0242  0.0183  0.0134  0.0204  0.0138  0.0115  0.0192  0.0241  0.0221  0.0265  0.0222  0.0187  0.0052  0.0155  1.0000  0.0169  0.0075  0.0137  0.0179  0.0183  0.0188  0.0118  0.0116  0.0137  0.0221  0.0180  0.0159  0.0093  0.0136  0.0136  0.0035  0.0095  0.0188  0.0157  0.0114  0.0116  0.0210  0.0110  0.0161  0.0118  0.0176  0.0208  0.0181  0.0114
SIM22  0.0105  0.0198  0.0105  0.0196  0.0036  0.0081  0.0128  0.0176  0.0102  0.0037  0.0082  0.0036  0.0100  0.0127  0.0127  0.0151  0.0151  0.0062  0.0171  0.0125  0.0169  1.0000  0.0151  0.0195  0.0173  0.0061  0.0181  0.0083  0.0036  0.0263  0.0150  0.0082  0.0083  0.0214  0.0059  0.0149  0.0134  0.0059  0.0205  0.0127  0.0147  0.0241  0.0134  0.0099  0.0152  0.0221  0.0170  0.0227  0.0198  0.0193
SIM23  0.0120  0.0165  0.0142  0.0077  0.0249  0.0076  0.0077  0.0144  0.0202  0.0122  0.0055  0.0140  0.0115  0.0076  0.0206  0.0121  0.0099  0.0371  0.0097  0.0181  0.0075  0.0151  1.0000  0.0055  0.0227  0.0364  0.0081  0.0122  0.0184  0.0055  0.0120  0.0185  0.0164  0.0181  0.0161  0.0205  0.0059  0.0140  0.0193  0.0098  0.0202  0.0077  0.0104  0.0114  0.0165  0.0165  0.0181  0.0153  0.0056  0.0118
SIM24  0.0098  0.0099  0.0141  0.0055  0.0247  0.0224  0.0140  0.0186  0.0074  0.0164  0.0098  0.0245  0.0216  0.0076  0.0204  0.0012  0.0098  0.0169  0.0223  0.0096  0.0137  0.0195  0.0055  1.0000  0.0076  0.0100  0.0169  0.0099  0.0076  0.0225  0.0225  0.0184  0.0077  0.0179  0.0096  0.0118  0.0148  0.0160  0.0214  0.0139  0.0138  0.0119  0.0036  0.0072  0.0186  0.0164  0.0180  0.0172  0.0077  0.0243
SIM25  0.0141  0.0077  0.0077  0.0206  0.0162  0.0075  0.0098  0.0252  0.0095  0.0099  0.0120  0.0160  0.0134  0.0183  0.0291  0.0185  0.0120  0.0080  0.0139  0.0096  0.0179  0.0173  0.0227  0.0076  1.0000  0.0100  0.0125  0.0078  0.0097  0.0119  0.0097  0.0141  0.0141  0.0117  0.0245  0.0140  0.0193  0.0140  0.0170  0.0140  0.0075  0.0162  0.0103  0.0154  0.0143  0.0164  0.0117  0.0112  0.0164  0.0117
