*********************************************************************
* LD Score Regression (LDSC)
* Version 1.0.1
* (C) 2014-2019 Brendan Bulik-Sullivan and Hilary Finucane
* Broad Institute of MIT and Harvard / MIT Department of Mathematics
* GNU General Public License v3
*********************************************************************
Call: 
./ldsc.py \
--out /data/sbcs/GuoLab/backup/liq17/CRC_TF_TWAS_zhishan2024/NC_revision_OceanCode/v2_NC_revision//84Tracks//ldscores_sim10000//12 \
--bfile /data/sbcs/GuoLab/backup/liq17/ref/Alkesgroup/1000G_EUR_Phase3_plink_hg38/1000G.EUR.QC.12 \
--annot /data/sbcs/GuoLab/backup/liq17/CRC_TF_TWAS_zhishan2024/NC_revision_OceanCode/v2_NC_revision//84Tracks//annots_sim10000//12.annot.txt \
--l2  \
--ld-wind-kb 100.0 

Beginning analysis at Mon Oct 27 00:01:20 2025
Read list of 480032 SNPs from /data/sbcs/GuoLab/backup/liq17/ref/Alkesgroup/1000G_EUR_Phase3_plink_hg38/1000G.EUR.QC.12.bim
Read 50 annotations for 480032 SNPs from /data/sbcs/GuoLab/backup/liq17/CRC_TF_TWAS_zhishan2024/NC_revision_OceanCode/v2_NC_revision//84Tracks//annots_sim10000//12.annot.txt
Read list of 489 individuals from /data/sbcs/GuoLab/backup/liq17/ref/Alkesgroup/1000G_EUR_Phase3_plink_hg38/1000G.EUR.QC.12.fam
Reading genotypes from /data/sbcs/GuoLab/backup/liq17/ref/Alkesgroup/1000G_EUR_Phase3_plink_hg38/1000G.EUR.QC.12.bed
Estimating LD Score.
Writing LD Scores for 480032 SNPs to /data/sbcs/GuoLab/backup/liq17/CRC_TF_TWAS_zhishan2024/NC_revision_OceanCode/v2_NC_revision//84Tracks//ldscores_sim10000//12.l2.ldscore.gz

Summary of LD Scores in /data/sbcs/GuoLab/backup/liq17/CRC_TF_TWAS_zhishan2024/NC_revision_OceanCode/v2_NC_revision//84Tracks//ldscores_sim10000//12.l2.ldscore.gz
         MAF  SIM1L2  SIM2L2  SIM3L2  SIM4L2  SIM5L2  SIM6L2  SIM7L2  SIM8L2  SIM9L2  SIM10L2  SIM11L2  SIM12L2  SIM13L2  SIM14L2  SIM15L2  SIM16L2  SIM17L2  SIM18L2  SIM19L2  SIM20L2  SIM21L2  SIM22L2  SIM23L2  SIM24L2  SIM25L2  SIM26L2  SIM27L2  SIM28L2  SIM29L2  SIM30L2  SIM31L2  SIM32L2  SIM33L2  SIM34L2  SIM35L2  SIM36L2  SIM37L2  SIM38L2  SIM39L2  SIM40L2  SIM41L2  SIM42L2  SIM43L2  SIM44L2  SIM45L2  SIM46L2  SIM47L2  SIM48L2  SIM49L2  SIM50L2
mean  0.1479  0.0700  0.0708  0.0611  0.0626  0.0728  0.0636  0.0676  0.0650  0.0726   0.0692   0.0679   0.0674   0.0648   0.0644   0.0648   0.0638   0.0669   0.0655   0.0694   0.0644   0.0723   0.0663   0.0623   0.0587   0.0671   0.0644   0.0611   0.0645   0.0683   0.0716   0.0641   0.0662   0.0729   0.0624   0.0724   0.0557   0.0714   0.0704   0.0654   0.0631   0.0665   0.0622   0.0636   0.0642   0.0647   0.0600   0.0661   0.0570   0.0674   0.0659
std   0.1493  0.2193  0.2148  0.1998  0.1981  0.2313  0.2022  0.2108  0.2032  0.2223   0.2120   0.2054   0.2210   0.2062   0.2044   0.2118   0.2011   0.2069   0.2105   0.2124   0.2044   0.2138   0.2096   0.1905   0.1932   0.2134   0.2047   0.1936   0.1994   0.2147   0.2205   0.2015   0.1977   0.2192   0.1938   0.2191   0.1858   0.2126   0.2124   0.2007   0.1974   0.2001   0.2039   0.2014   0.2015   0.2019   0.1941   0.2042   0.1891   0.2234   0.2003
min   0.0051 -0.0096 -0.0113 -0.0117 -0.0094 -0.0104 -0.0091 -0.0154 -0.0116 -0.0131  -0.0093  -0.0111  -0.0114  -0.0113  -0.0100  -0.0127  -0.0129  -0.0162  -0.0129  -0.0137  -0.0127  -0.0127  -0.0125  -0.0114  -0.0122  -0.0109  -0.0144  -0.0101  -0.0110  -0.0114  -0.0096  -0.0105  -0.0113  -0.0100  -0.0119  -0.0109  -0.0105  -0.0112  -0.0132  -0.0111  -0.0125  -0.0095  -0.0094  -0.0117  -0.0116  -0.0108  -0.0121  -0.0114  -0.0096  -0.0102  -0.0150
25%   0.0184  0.0000  0.0000  0.0000  0.0000  0.0000  0.0000  0.0000  0.0000  0.0000   0.0000   0.0000   0.0000   0.0000   0.0000   0.0000   0.0000   0.0000   0.0000   0.0000   0.0000   0.0000   0.0000   0.0000   0.0000   0.0000   0.0000   0.0000   0.0000   0.0000   0.0000   0.0000   0.0000   0.0000   0.0000   0.0000   0.0000   0.0000   0.0000   0.0000   0.0000   0.0000   0.0000   0.0000   0.0000   0.0000   0.0000   0.0000   0.0000   0.0000   0.0000
50%   0.0859  0.0000  0.0000  0.0000  0.0000  0.0000  0.0000  0.0000  0.0000  0.0000   0.0000   0.0000   0.0000   0.0000   0.0000   0.0000   0.0000   0.0000   0.0000   0.0000   0.0000   0.0000   0.0000   0.0000   0.0000   0.0000   0.0000   0.0000   0.0000   0.0000   0.0000   0.0000   0.0000   0.0000   0.0000   0.0000   0.0000   0.0000   0.0000   0.0000   0.0000   0.0000   0.0000   0.0000   0.0000   0.0000   0.0000   0.0000   0.0000   0.0000   0.0000
75%   0.2566  0.0153  0.0174  0.0122  0.0146  0.0169  0.0145  0.0158  0.0141  0.0183   0.0159   0.0177   0.0152   0.0150   0.0120   0.0124   0.0145   0.0163   0.0149   0.0160   0.0138   0.0197   0.0136   0.0158   0.0129   0.0152   0.0150   0.0136   0.0152   0.0153   0.0177   0.0153   0.0180   0.0194   0.0147   0.0183   0.0108   0.0172   0.0181   0.0154   0.0150   0.0170   0.0128   0.0140   0.0148   0.0152   0.0126   0.0153   0.0095   0.0113   0.0155
max   0.5000  2.3435  2.9117  2.4015  2.2998  3.4616  2.9641  2.9756  2.4570  2.8469   2.4854   2.0063   3.4451   2.2601   2.5954   3.2596   2.7122   2.0925   2.2314   2.1667   2.3257   3.1392   2.4439   2.2181   2.7154   2.7796   3.0863   2.0000   2.0334   2.9813   2.7249   2.9574   2.1967   2.8457   2.5734   2.5676   2.0035   2.2104   2.7259   2.7116   2.4979   2.9712   2.9497   2.8868   2.9502   2.0134   3.0000   2.0001   2.2218   2.6879   2.1095

MAF/LD Score Correlation Matrix
            MAF  SIM1L2  SIM2L2  SIM3L2  SIM4L2  SIM5L2  SIM6L2  SIM7L2  SIM8L2  SIM9L2  SIM10L2  SIM11L2  SIM12L2  SIM13L2  SIM14L2  SIM15L2  SIM16L2  SIM17L2  SIM18L2  SIM19L2  SIM20L2  SIM21L2  SIM22L2  SIM23L2  SIM24L2  SIM25L2  SIM26L2  SIM27L2  SIM28L2  SIM29L2  SIM30L2  SIM31L2  SIM32L2  SIM33L2  SIM34L2  SIM35L2  SIM36L2  SIM37L2  SIM38L2  SIM39L2  SIM40L2  SIM41L2  SIM42L2  SIM43L2  SIM44L2  SIM45L2  SIM46L2  SIM47L2  SIM48L2  SIM49L2  SIM50L2
MAF      1.0000  0.1465  0.1436  0.1241  0.1309  0.1615  0.1311  0.1301  0.1398  0.1930   0.1485   0.1683   0.1407   0.1278   0.1347   0.0897   0.1333   0.1361   0.1158   0.1444   0.1386   0.1472   0.1241   0.1384   0.1171   0.1363   0.1507   0.1342   0.1297   0.1405   0.1269   0.1271   0.1334   0.1225   0.1212   0.1461   0.1429   0.1502   0.1289   0.1198   0.1250   0.1242   0.1140   0.1142   0.1221   0.1252   0.1514   0.1270   0.1221   0.1462   0.1284
SIM1L2   0.1465  1.0000  0.1623  0.1006  0.0955  0.1233  0.1094  0.1211  0.1244  0.1262   0.1257   0.1305   0.1262   0.1275   0.1453   0.1468   0.1547   0.1119   0.1309   0.1541   0.1807   0.1272   0.1181   0.1300   0.1354   0.1402   0.1402   0.1452   0.1647   0.1212   0.1057   0.1486   0.0689   0.1742   0.1053   0.1091   0.1259   0.1840   0.1300   0.0843   0.1448   0.1426   0.1290   0.1146   0.1278   0.1372   0.1474   0.1257   0.0879   0.1587   0.1589
SIM2L2   0.1436  0.1623  1.0000  0.0715  0.0930  0.1152  0.1482  0.1652  0.1288  0.1558   0.1622   0.1192   0.1128   0.1026   0.1343   0.1517   0.1040   0.0968   0.1317   0.1709   0.1188   0.0893   0.1311   0.1486   0.1458   0.1022   0.1221   0.1565   0.1496   0.1424   0.1551   0.1043   0.1177   0.1531   0.1464   0.1391   0.1427   0.1815   0.1501   0.1046   0.1173   0.1127   0.1430   0.1486   0.0835   0.1781   0.0890   0.1418   0.1156   0.1518   0.1387
SIM3L2   0.1241  0.1006  0.0715  1.0000  0.0965  0.0777  0.0318  0.0993  0.1465  0.1146   0.1147   0.0993   0.1010   0.1579   0.1177   0.1054   0.1196   0.0735   0.0992   0.1482   0.1207   0.1522   0.1453   0.0851   0.1152   0.1093   0.1321   0.0955   0.0989   0.0952   0.1382   0.1249   0.1005   0.1601   0.1011   0.0803   0.1065   0.1829   0.1299   0.1084   0.1071   0.0902   0.1320   0.1191   0.1740   0.1295   0.1062   0.1333   0.0758   0.1163   0.1515
SIM4L2   0.1309  0.0955  0.0930  0.0965  1.0000  0.0986  0.0537  0.0938  0.1475  0.1504   0.1396   0.1213   0.1812   0.1217   0.1361   0.0588   0.1143   0.0801   0.1631   0.1176   0.1083   0.0745   0.1464   0.0799   0.0964   0.0979   0.0962   0.1141   0.1593   0.1253   0.0801   0.1181   0.1144   0.1505   0.1081   0.0542   0.0945   0.1131   0.0714   0.1218   0.1751   0.0816   0.1679   0.1388   0.1137   0.1196   0.1427   0.0927   0.0598   0.1595   0.0858
SIM5L2   0.1615  0.1233  0.1152  0.0777  0.0986  1.0000  0.1759  0.1109  0.1151  0.1066   0.1183   0.1537   0.1046   0.1046   0.1485   0.1087   0.1580   0.0934   0.1275   0.1153   0.1352   0.1214   0.1504   0.0907   0.1172   0.1372   0.1220   0.0898   0.1049   0.1092   0.1100   0.1084   0.1249   0.0504   0.1285   0.1176   0.1166   0.1752   0.0999   0.1148   0.1015   0.1550   0.0913   0.0644   0.1056   0.1275   0.0919   0.1274   0.1767   0.2099   0.1409
SIM6L2   0.1311  0.1094  0.1482  0.0318  0.0537  0.1759  1.0000  0.1784  0.1274  0.0997   0.1625   0.0874   0.1252   0.1120   0.1253   0.1570   0.1072   0.1749   0.1709   0.1095   0.1177   0.1539   0.1525   0.1267   0.1297   0.1496   0.1017   0.1392   0.1575   0.1303   0.1678   0.1026   0.1607   0.1155   0.1299   0.1419   0.1287   0.1418   0.1123   0.0822   0.1083   0.1209   0.1214   0.1384   0.1661   0.1141   0.0841   0.1430   0.0973   0.1151   0.1268
SIM7L2   0.1301  0.1211  0.1652  0.0993  0.0938  0.1109  0.1784  1.0000  0.1340  0.1428   0.1557   0.1371   0.1140   0.1871   0.1523   0.1332   0.1041   0.1547   0.1654   0.1218   0.1305   0.1530   0.0872   0.0752   0.1516   0.0870   0.1468   0.1369   0.1293   0.1134   0.1475   0.1719   0.1053   0.1577   0.1154   0.1797   0.1435   0.1536   0.1065   0.1103   0.1747   0.1512   0.1486   0.1251   0.1053   0.1515   0.0686   0.1248   0.0514   0.1280   0.1092
SIM8L2   0.1398  0.1244  0.1288  0.1465  0.1475  0.1151  0.1274  0.1340  1.0000  0.1453   0.1223   0.1032   0.1935   0.1333   0.0974   0.0850   0.1613   0.1199   0.1425   0.1382   0.1046   0.1570   0.1496   0.1514   0.0799   0.1219   0.1028   0.1060   0.1563   0.0911   0.1892   0.1602   0.0753   0.1492   0.1429   0.1244   0.1568   0.1629   0.0926   0.1123   0.1441   0.1148   0.2199   0.1421   0.1202   0.0860   0.1538   0.1313   0.0785   0.1965   0.1534
SIM9L2   0.1930  0.1262  0.1558  0.1146  0.1504  0.1066  0.0997  0.1428  0.1453  1.0000   0.1509   0.1479   0.1210   0.0955   0.1188   0.1495   0.1349   0.1159   0.1441   0.1497   0.1564   0.1504   0.1811   0.1209   0.1058   0.1048   0.1456   0.0947   0.1277   0.1169   0.1396   0.1314   0.1271   0.1362   0.1608   0.1293   0.1419   0.1709   0.1421   0.1322   0.1465   0.1354   0.1212   0.1348   0.1420   0.1070   0.1212   0.1331   0.1125   0.1318   0.1608
SIM10L2  0.1485  0.1257  0.1622  0.1147  0.1396  0.1183  0.1625  0.1557  0.1223  0.1509   1.0000   0.1531   0.1195   0.1835   0.1135   0.1477   0.1290   0.1073   0.1445   0.1361   0.1976   0.1303   0.1365   0.1060   0.1612   0.0840   0.1357   0.1783   0.1152   0.1129   0.1326   0.1634   0.1089   0.1121   0.1059   0.0924   0.1519   0.1406   0.1394   0.1332   0.1747   0.1133   0.1236   0.1221   0.0832   0.1193   0.1608   0.0894   0.0850   0.1384   0.1381
SIM11L2  0.1683  0.1305  0.1192  0.0993  0.1213  0.1537  0.0874  0.1371  0.1032  0.1479   0.1531   1.0000   0.1052   0.1164   0.1209   0.0732   0.1050   0.1307   0.1062   0.1408   0.1371   0.1116   0.0904   0.0895   0.1127   0.1159   0.1260   0.1327   0.0929   0.1462   0.0979   0.0896   0.1650   0.1203   0.1207   0.0933   0.1377   0.1310   0.1253   0.1105   0.1434   0.0825   0.0771   0.1404   0.0922   0.1141   0.0857   0.1041   0.0959   0.0964   0.1538
SIM12L2  0.1407  0.1262  0.1128  0.1010  0.1812  0.1046  0.1252  0.1140  0.1935  0.1210   0.1195   0.1052   1.0000   0.1550   0.0990   0.0933   0.1235   0.1339   0.2105   0.1631   0.1430   0.1662   0.1292   0.1576   0.1429   0.1634   0.1302   0.1315   0.1701   0.1386   0.1515   0.1242   0.0719   0.1606   0.1034   0.1152   0.1652   0.0670   0.0923   0.1560   0.1255   0.1484   0.2328   0.1621   0.1273   0.0692   0.1466   0.1228   0.0897   0.1824   0.1302
SIM13L2  0.1278  0.1275  0.1026  0.1579  0.1217  0.1046  0.1120  0.1871  0.1333  0.0955   0.1835   0.1164   0.1550   1.0000   0.1227   0.1267   0.0973   0.1364   0.1676   0.1180   0.1631   0.1488   0.0724   0.1106   0.1153   0.1324   0.1127   0.1166   0.1386   0.1165   0.1240   0.1191   0.1178   0.1204   0.0692   0.1104   0.1590   0.1425   0.0730   0.0896   0.1269   0.1018   0.1228   0.1122   0.1495   0.1124   0.1637   0.1079   0.0454   0.1311   0.1307
SIM14L2  0.1347  0.1453  0.1343  0.1177  0.1361  0.1485  0.1253  0.1523  0.0974  0.1188   0.1135   0.1209   0.0990   0.1227   1.0000   0.1357   0.1247   0.1011   0.0937   0.1462   0.1099   0.1044   0.1481   0.0911   0.1410   0.1684   0.1213   0.1290   0.1182   0.1353   0.1159   0.1039   0.1370   0.1111   0.0913   0.0984   0.0937   0.1674   0.1054   0.0687   0.1605   0.1323   0.1442   0.1346   0.1096   0.1447   0.0916   0.1699   0.0895   0.1563   0.1185
SIM15L2  0.0897  0.1468  0.1517  0.1054  0.0588  0.1087  0.1570  0.1332  0.0850  0.1495   0.1477   0.0732   0.0933   0.1267   0.1357   1.0000   0.1102   0.1493   0.1560   0.1088   0.1414   0.0956   0.1685   0.1116   0.1565   0.1361   0.0949   0.0963   0.1257   0.1004   0.1741   0.1376   0.0699   0.1166   0.1452   0.1569   0.0956   0.1996   0.1747   0.1361   0.1639   0.1512   0.1076   0.0777   0.1369   0.1883   0.1171   0.1452   0.1153   0.1293   0.1065
SIM16L2  0.1333  0.1547  0.1040  0.1196  0.1143  0.1580  0.1072  0.1041  0.1613  0.1349   0.1290   0.1050   0.1235   0.0973   0.1247   0.1102   1.0000   0.1371   0.0758   0.1397   0.1604   0.1530   0.1159   0.1395   0.1112   0.1416   0.0842   0.0598   0.0818   0.1260   0.1180   0.0891   0.1155   0.1392   0.1326   0.1213   0.1491   0.1586   0.1260   0.1134   0.1265   0.1174   0.1411   0.1106   0.1510   0.0686   0.1552   0.1342   0.1183   0.2289   0.1106
SIM17L2  0.1361  0.1119  0.0968  0.0735  0.0801  0.0934  0.1749  0.1547  0.1199  0.1159   0.1073   0.1307   0.1339   0.1364   0.1011   0.1493   0.1371   1.0000   0.1438   0.1069   0.1310   0.1155   0.1426   0.1085   0.1089   0.0932   0.0976   0.1269   0.1453   0.1477   0.1509   0.1191   0.1054   0.1155   0.1323   0.1829   0.1118   0.1552   0.1056   0.1002   0.1176   0.1460   0.0951   0.1163   0.1004   0.1492   0.1257   0.1173   0.0964   0.1221   0.0989
SIM18L2  0.1158  0.1309  0.1317  0.0992  0.1631  0.1275  0.1709  0.1654  0.1425  0.1441   0.1445   0.1062   0.2105   0.1676   0.0937   0.1560   0.0758   0.1438   1.0000   0.0976   0.1604   0.1883   0.1712   0.1370   0.1257   0.1496   0.1141   0.1156   0.1675   0.1367   0.1509   0.1497   0.1213   0.1463   0.1028   0.1088   0.1343   0.1009   0.1245   0.1457   0.1689   0.1388   0.1941   0.1201   0.1384   0.1394   0.1191   0.1427   0.0923   0.1510   0.1208
SIM19L2  0.1444  0.1541  0.1709  0.1482  0.1176  0.1153  0.1095  0.1218  0.1382  0.1497   0.1361   0.1408   0.1631   0.1180   0.1462   0.1088   0.1397   0.1069   0.0976   1.0000   0.1997   0.1300   0.1139   0.1530   0.1178   0.2001   0.1639   0.1185   0.1396   0.1308   0.1467   0.0913   0.1559   0.1550   0.1154   0.1206   0.1885   0.1215   0.1946   0.1102   0.1001   0.1229   0.1384   0.1198   0.1149   0.1155   0.1285   0.1085   0.1282   0.1970   0.1700
SIM20L2  0.1386  0.1807  0.1188  0.1207  0.1083  0.1352  0.1177  0.1305  0.1046  0.1564   0.1976   0.1371   0.1430   0.1631   0.1099   0.1414   0.1604   0.1310   0.1604   0.1997   1.0000   0.1728   0.0769   0.0799   0.1310   0.1497   0.1478   0.1299   0.1491   0.0982   0.1228   0.1140   0.1348   0.1683   0.1270   0.1282   0.1635   0.1581   0.1552   0.1187   0.1457   0.1230   0.1379   0.1067   0.1072   0.1430   0.1298   0.0939   0.0612   0.1274   0.1334
SIM21L2  0.1472  0.1272  0.0893  0.1522  0.0745  0.1214  0.1539  0.1530  0.1570  0.1504   0.1303   0.1116   0.1662   0.1488   0.1044   0.0956   0.1530   0.1155   0.1883   0.1300   0.1728   1.0000   0.1334   0.1508   0.1217   0.1273   0.1114   0.1272   0.1730   0.1264   0.1434   0.1379   0.1388   0.1233   0.1212   0.1235   0.1530   0.1143   0.1387   0.1107   0.1138   0.1461   0.1757   0.1371   0.1130   0.0950   0.0849   0.1285   0.0576   0.1321   0.1561
SIM22L2  0.1241  0.1181  0.1311  0.1453  0.1464  0.1504  0.1525  0.0872  0.1496  0.1811   0.1365   0.0904   0.1292   0.0724   0.1481   0.1685   0.1159   0.1426   0.1712   0.1139   0.0769   0.1334   1.0000   0.1582   0.1164   0.1159   0.1179   0.1533   0.1805   0.1582   0.1501   0.1324   0.1293   0.1205   0.1840   0.0949   0.1975   0.1699   0.1175   0.1272   0.1326   0.1042   0.1772   0.1284   0.1418   0.1194   0.1138   0.1550   0.1374   0.1980   0.1704
SIM23L2  0.1384  0.1300  0.1486  0.0851  0.0799  0.0907  0.1267  0.0752  0.1514  0.1209   0.1060   0.0895   0.1576   0.1106   0.0911   0.1116   0.1395   0.1085   0.1370   0.1530   0.0799   0.1508   0.1582   1.0000   0.0919   0.1619   0.1159   0.1055   0.1332   0.1255   0.1317   0.1163   0.0881   0.1487   0.0830   0.0948   0.1306   0.0874   0.1082   0.1179   0.1236   0.1118   0.1793   0.1827   0.1036   0.1152   0.1079   0.1000   0.1184   0.1722   0.1569
SIM24L2  0.1171  0.1354  0.1458  0.1152  0.0964  0.1172  0.1297  0.1516  0.0799  0.1058   0.1612   0.1127   0.1429   0.1153   0.1410   0.1565   0.1112   0.1089   0.1257   0.1178   0.1310   0.1217   0.1164   0.0919   1.0000   0.1111   0.1460   0.1331   0.1312   0.1514   0.1365   0.1051   0.0986   0.1014   0.0834   0.1439   0.1344   0.1158   0.1124   0.0765   0.0861   0.1236   0.1425   0.1073   0.1071   0.1118   0.0800   0.1367   0.0595   0.1716   0.0899
SIM25L2  0.1363  0.1402  0.1022  0.1093  0.0979  0.1372  0.1496  0.0870  0.1219  0.1048   0.0840   0.1159   0.1634   0.1324   0.1684   0.1361   0.1416   0.0932   0.1496   0.2001   0.1497   0.1273   0.1159   0.1619   0.1111   1.0000   0.0984   0.1007   0.1340   0.1109   0.1717   0.0892   0.1286   0.1488   0.1125   0.1423   0.1136   0.1391   0.1311   0.0913   0.1195   0.0900   0.1594   0.1689   0.1084   0.2010   0.1210   0.1410   0.1142   0.1269   0.1257
SIM26L2  0.1507  0.1402  0.1221  0.1321  0.0962  0.1220  0.1017  0.1468  0.1028  0.1456   0.1357   0.1260   0.1302   0.1127   0.1213   0.0949   0.0842   0.0976   0.1141   0.1639   0.1478   0.1114   0.1179   0.1159   0.1460   0.0984   1.0000   0.1345   0.1300   0.1277   0.1430   0.1015   0.1227   0.1002   0.1145   0.1021   0.0987   0.1344   0.1157   0.1043   0.1242   0.1579   0.1041   0.1249   0.1070   0.1038   0.0906   0.1274   0.1320   0.1261   0.0842
SIM27L2  0.1342  0.1452  0.1565  0.0955  0.1141  0.0898  0.1392  0.1369  0.1060  0.0947   0.1783   0.1327   0.1315   0.1166   0.1290   0.0963   0.0598   0.1269   0.1156   0.1185   0.1299   0.1272   0.1533   0.1055   0.1331   0.1007   0.1345   1.0000   0.1039   0.1589   0.1376   0.1149   0.1121   0.1641   0.1283   0.1188   0.1220   0.1390   0.1380   0.0715   0.1066   0.1282   0.0950   0.1443   0.0875   0.1535   0.0756   0.0846   0.0801   0.1290   0.1388
SIM28L2  0.1297  0.1647  0.1496  0.0989  0.1593  0.1049  0.1575  0.1293  0.1563  0.1277   0.1152   0.0929   0.1701   0.1386   0.1182   0.1257   0.0818   0.1453   0.1675   0.1396   0.1491   0.1730   0.1805   0.1332   0.1312   0.1340   0.1300   0.1039   1.0000   0.1435   0.1443   0.1159   0.1067   0.1412   0.1416   0.1400   0.1476   0.1349   0.1167   0.1344   0.1282   0.1199   0.1492   0.1296   0.1608   0.1535   0.1149   0.1435   0.0835   0.1163   0.1827
SIM29L2  0.1405  0.1212  0.1424  0.0952  0.1253  0.1092  0.1303  0.1134  0.0911  0.1169   0.1129   0.1462   0.1386   0.1165   0.1353   0.1004   0.1260   0.1477   0.1367   0.1308   0.0982   0.1264   0.1582   0.1255   0.1514   0.1109   0.1277   0.1589   0.1435   1.0000   0.0775   0.1413   0.1595   0.1115   0.1533   0.1547   0.0881   0.1254   0.1446   0.1314   0.1338   0.1067   0.1074   0.1784   0.1529   0.1313   0.0930   0.1325   0.0834   0.1126   0.1498
SIM30L2  0.1269  0.1057  0.1551  0.1382  0.0801  0.1100  0.1678  0.1475  0.1892  0.1396   0.1326   0.0979   0.1515   0.1240   0.1159   0.1741   0.1180   0.1509   0.1509   0.1467   0.1228   0.1434   0.1501   0.1317   0.1365   0.1717   0.1430   0.1376   0.1443   0.0775   1.0000   0.0763   0.1140   0.1289   0.1317   0.1749   0.1344   0.1641   0.1496   0.1338   0.1178   0.1106   0.1274   0.1271   0.1706   0.1544   0.1136   0.1121   0.0750   0.1712   0.1305
SIM31L2  0.1271  0.1486  0.1043  0.1249  0.1181  0.1084  0.1026  0.1719  0.1602  0.1314   0.1634   0.0896   0.1242   0.1191   0.1039   0.1376   0.0891   0.1191   0.1497   0.0913   0.1140   0.1379   0.1324   0.1163   0.1051   0.0892   0.1015   0.1149   0.1159   0.1413   0.0763   1.0000   0.0879   0.1548   0.1313   0.1352   0.1234   0.1413   0.1422   0.1553   0.1166   0.1290   0.1299   0.1106   0.0755   0.1029   0.1117   0.1252   0.0976   0.1209   0.1217
SIM32L2  0.1334  0.0689  0.1177  0.1005  0.1144  0.1249  0.1607  0.1053  0.0753  0.1271   0.1089   0.1650   0.0719   0.1178   0.1370   0.0699   0.1155   0.1054   0.1213   0.1559   0.1348   0.1388   0.1293   0.0881   0.0986   0.1286   0.1227   0.1121   0.1067   0.1595   0.1140   0.0879   1.0000   0.1022   0.1384   0.1041   0.1251   0.1450   0.1212   0.1394   0.1126   0.1014   0.0670   0.1118   0.1168   0.0922   0.0588   0.1138   0.0733   0.1337   0.1643
SIM33L2  0.1225  0.1742  0.1531  0.1601  0.1505  0.0504  0.1155  0.1577  0.1492  0.1362   0.1121   0.1203   0.1606   0.1204   0.1111   0.1166   0.1392   0.1155   0.1463   0.1550   0.1683   0.1233   0.1205   0.1487   0.1014   0.1488   0.1002   0.1641   0.1412   0.1115   0.1289   0.1548   0.1022   1.0000   0.1119   0.1028   0.1305   0.1085   0.1753   0.1413   0.1376   0.1122   0.1909   0.1414   0.0911   0.1142   0.1186   0.1375   0.1103   0.1273   0.1485
SIM34L2  0.1212  0.1053  0.1464  0.1011  0.1081  0.1285  0.1299  0.1154  0.1429  0.1608   0.1059   0.1207   0.1034   0.0692   0.0913   0.1452   0.1326   0.1323   0.1028   0.1154   0.1270   0.1212   0.1840   0.0830   0.0834   0.1125   0.1145   0.1283   0.1416   0.1533   0.1317   0.1313   0.1384   0.1119   1.0000   0.1295   0.1150   0.1359   0.1193   0.1124   0.0962   0.1003   0.0870   0.0870   0.1169   0.1000   0.0600   0.1059   0.1166   0.1124   0.1367
SIM35L2  0.1461  0.1091  0.1391  0.0803  0.0542  0.1176  0.1419  0.1797  0.1244  0.1293   0.0924   0.0933   0.1152   0.1104   0.0984   0.1569   0.1213   0.1829   0.1088   0.1206   0.1282   0.1235   0.0949   0.0948   0.1439   0.1423   0.1021   0.1188   0.1400   0.1547   0.1749   0.1352   0.1041   0.1028   0.1295   1.0000   0.0702   0.1298   0.1089   0.1180   0.0851   0.1189   0.0964   0.1464   0.1111   0.1344   0.0889   0.1244   0.0832   0.1691   0.0858
SIM36L2  0.1429  0.1259  0.1427  0.1065  0.0945  0.1166  0.1287  0.1435  0.1568  0.1419   0.1519   0.1377   0.1652   0.1590   0.0937   0.0956   0.1491   0.1118   0.1343   0.1885   0.1635   0.1530   0.1975   0.1306   0.1344   0.1136   0.0987   0.1220   0.1476   0.0881   0.1344   0.1234   0.1251   0.1305   0.1150   0.0702   1.0000   0.1101   0.1049   0.0792   0.1616   0.0750   0.1774   0.1477   0.0847   0.0675   0.1327   0.0646   0.0837   0.1281   0.1358
SIM37L2  0.1502  0.1840  0.1815  0.1829  0.1131  0.1752  0.1418  0.1536  0.1629  0.1709   0.1406   0.1310   0.0670   0.1425   0.1674   0.1996   0.1586   0.1552   0.1009   0.1215   0.1581   0.1143   0.1699   0.0874   0.1158   0.1391   0.1344   0.1390   0.1349   0.1254   0.1641   0.1413   0.1450   0.1085   0.1359   0.1298   0.1101   1.0000   0.1339   0.1228   0.1815   0.1456   0.1163   0.0816   0.1526   0.1566   0.1676   0.2024   0.1100   0.1510   0.1292
SIM38L2  0.1289  0.1300  0.1501  0.1299  0.0714  0.0999  0.1123  0.1065  0.0926  0.1421   0.1394   0.1253   0.0923   0.0730   0.1054   0.1747   0.1260   0.1056   0.1245   0.1946   0.1552   0.1387   0.1175   0.1082   0.1124   0.1311   0.1157   0.1380   0.1167   0.1446   0.1496   0.1422   0.1212   0.1753   0.1193   0.1089   0.1049   0.1339   1.0000   0.1271   0.1039   0.0970   0.1233   0.1327   0.0955   0.1370   0.1022   0.1155   0.1179   0.1329   0.1607
SIM39L2  0.1198  0.0843  0.1046  0.1084  0.1218  0.1148  0.0822  0.1103  0.1123  0.1322   0.1332   0.1105   0.1560   0.0896   0.0687   0.1361   0.1134   0.1002   0.1457   0.1102   0.1187   0.1107   0.1272   0.1179   0.0765   0.0913   0.1043   0.0715   0.1344   0.1314   0.1338   0.1553   0.1394   0.1413   0.1124   0.1180   0.0792   0.1228   0.1271   1.0000   0.1581   0.1242   0.0989   0.0913   0.1076   0.0895   0.0767   0.1099   0.1372   0.1015   0.1203
SIM40L2  0.1250  0.1448  0.1173  0.1071  0.1751  0.1015  0.1083  0.1747  0.1441  0.1465   0.1747   0.1434   0.1255   0.1269   0.1605   0.1639   0.1265   0.1176   0.1689   0.1001   0.1457   0.1138   0.1326   0.1236   0.0861   0.1195   0.1242   0.1066   0.1282   0.1338   0.1178   0.1166   0.1126   0.1376   0.0962   0.0851   0.1616   0.1815   0.1039   0.1581   1.0000   0.1066   0.1317   0.1290   0.1437   0.1650   0.1111   0.1572   0.0676   0.1366   0.1286
SIM41L2  0.1242  0.1426  0.1127  0.0902  0.0816  0.1550  0.1209  0.1512  0.1148  0.1354   0.1133   0.0825   0.1484   0.1018   0.1323   0.1512   0.1174   0.1460   0.1388   0.1229   0.1230   0.1461   0.1042   0.1118   0.1236   0.0900   0.1579   0.1282   0.1199   0.1067   0.1106   0.1290   0.1014   0.1122   0.1003   0.1189   0.0750   0.1456   0.0970   0.1242   0.1066   1.0000   0.1290   0.1248   0.1300   0.1087   0.0948   0.1385   0.0666   0.1165   0.0773
SIM42L2  0.1140  0.1290  0.1430  0.1320  0.1679  0.0913  0.1214  0.1486  0.2199  0.1212   0.1236   0.0771   0.2328   0.1228   0.1442   0.1076   0.1411   0.0951   0.1941   0.1384   0.1379   0.1757   0.1772   0.1793   0.1425   0.1594   0.1041   0.0950   0.1492   0.1074   0.1274   0.1299   0.0670   0.1909   0.0870   0.0964   0.1774   0.1163   0.1233   0.0989   0.1317   0.1290   1.0000   0.1984   0.1441   0.1240   0.1328   0.1268   0.0938   0.1496   0.1245
SIM43L2  0.1142  0.1146  0.1486  0.1191  0.1388  0.0644  0.1384  0.1251  0.1421  0.1348   0.1221   0.1404   0.1621   0.1122   0.1346   0.0777   0.1106   0.1163   0.1201   0.1198   0.1067   0.1371   0.1284   0.1827   0.1073   0.1689   0.1249   0.1443   0.1296   0.1784   0.1271   0.1106   0.1118   0.1414   0.0870   0.1464   0.1477   0.0816   0.1327   0.0913   0.1290   0.1248   0.1984   1.0000   0.1238   0.1591   0.0804   0.1051   0.0894   0.0969   0.1564
SIM44L2  0.1221  0.1278  0.0835  0.1740  0.1137  0.1056  0.1661  0.1053  0.1202  0.1420   0.0832   0.0922   0.1273   0.1495   0.1096   0.1369   0.1510   0.1004   0.1384   0.1149   0.1072   0.1130   0.1418   0.1036   0.1071   0.1084   0.1070   0.0875   0.1608   0.1529   0.1706   0.0755   0.1168   0.0911   0.1169   0.1111   0.0847   0.1526   0.0955   0.1076   0.1437   0.1300   0.1441   0.1238   1.0000   0.1380   0.0772   0.1788   0.0799   0.1171   0.1105
SIM45L2  0.1252  0.1372  0.1781  0.1295  0.1196  0.1275  0.1141  0.1515  0.0860  0.1070   0.1193   0.1141   0.0692   0.1124   0.1447   0.1883   0.0686   0.1492   0.1394   0.1155   0.1430   0.0950   0.1194   0.1152   0.1118   0.2010   0.1038   0.1535   0.1535   0.1313   0.1544   0.1029   0.0922   0.1142   0.1000   0.1344   0.0675   0.1566   0.1370   0.0895   0.1650   0.1087   0.1240   0.1591   0.1380   1.0000   0.1000   0.1744   0.0853   0.1446   0.0810
SIM46L2  0.1514  0.1474  0.0890  0.1062  0.1427  0.0919  0.0841  0.0686  0.1538  0.1212   0.1608   0.0857   0.1466   0.1637   0.0916   0.1171   0.1552   0.1257   0.1191   0.1285   0.1298   0.0849   0.1138   0.1079   0.0800   0.1210   0.0906   0.0756   0.1149   0.0930   0.1136   0.1117   0.0588   0.1186   0.0600   0.0889   0.1327   0.1676   0.1022   0.0767   0.1111   0.0948   0.1328   0.0804   0.0772   0.1000   1.0000   0.1085   0.0764   0.1411   0.1268
SIM47L2  0.1270  0.1257  0.1418  0.1333  0.0927  0.1274  0.1430  0.1248  0.1313  0.1331   0.0894   0.1041   0.1228   0.1079   0.1699   0.1452   0.1342   0.1173   0.1427   0.1085   0.0939   0.1285   0.1550   0.1000   0.1367   0.1410   0.1274   0.0846   0.1435   0.1325   0.1121   0.1252   0.1138   0.1375   0.1059   0.1244   0.0646   0.2024   0.1155   0.1099   0.1572   0.1385   0.1268   0.1051   0.1788   0.1744   0.1085   1.0000   0.0908   0.1141   0.1247
SIM48L2  0.1221  0.0879  0.1156  0.0758  0.0598  0.1767  0.0973  0.0514  0.0785  0.1125   0.0850   0.0959   0.0897   0.0454   0.0895   0.1153   0.1183   0.0964   0.0923   0.1282   0.0612   0.0576   0.1374   0.1184   0.0595   0.1142   0.1320   0.0801   0.0835   0.0834   0.0750   0.0976   0.0733   0.1103   0.1166   0.0832   0.0837   0.1100   0.1179   0.1372   0.0676   0.0666   0.0938   0.0894   0.0799   0.0853   0.0764   0.0908   1.0000   0.0850   0.0811
SIM49L2  0.1462  0.1587  0.1518  0.1163  0.1595  0.2099  0.1151  0.1280  0.1965  0.1318   0.1384   0.0964   0.1824   0.1311   0.1563   0.1293   0.2289   0.1221   0.1510   0.1970   0.1274   0.1321   0.1980   0.1722   0.1716   0.1269   0.1261   0.1290   0.1163   0.1126   0.1712   0.1209   0.1337   0.1273   0.1124   0.1691   0.1281   0.1510   0.1329   0.1015   0.1366   0.1165   0.1496   0.0969   0.1171   0.1446   0.1411   0.1141   0.0850   1.0000   0.1138
SIM50L2  0.1284  0.1589  0.1387  0.1515  0.0858  0.1409  0.1268  0.1092  0.1534  0.1608   0.1381   0.1538   0.1302   0.1307   0.1185   0.1065   0.1106   0.0989   0.1208   0.1700   0.1334   0.1561   0.1704   0.1569   0.0899   0.1257   0.0842   0.1388   0.1827   0.1498   0.1305   0.1217   0.1643   0.1485   0.1367   0.0858   0.1358   0.1292   0.1607   0.1203   0.1286   0.0773   0.1245   0.1564   0.1105   0.0810   0.1268   0.1247   0.0811   0.1138   1.0000

LD Score Matrix Condition Number
4.6601

Annotation Correlation Matrix
         SIM1    SIM2    SIM3    SIM4    SIM5    SIM6    SIM7    SIM8    SIM9   SIM10   SIM11   SIM12   SIM13   SIM14   SIM15   SIM16   SIM17   SIM18   SIM19   SIM20   SIM21   SIM22   SIM23   SIM24   SIM25   SIM26   SIM27   SIM28   SIM29   SIM30   SIM31   SIM32   SIM33   SIM34   SIM35   SIM36   SIM37   SIM38   SIM39   SIM40   SIM41   SIM42   SIM43   SIM44   SIM45   SIM46   SIM47   SIM48   SIM49   SIM50
SIM1   1.0000  0.0101  0.0142  0.0140  0.0102  0.0106  0.0158  0.0141  0.0083  0.0157  0.0083  0.0162  0.0066  0.0124  0.0138  0.0122  0.0083  0.0082  0.0156  0.0125  0.0024  0.0193  0.0103  0.0124  0.0120  0.0103  0.0085  0.0139  0.0101  0.0083  0.0219  0.0101  0.0153  0.0105  0.0080  0.0111  0.0119  0.0098  0.0047  0.0140  0.0120  0.0219  0.0123  0.0175  0.0178  0.0166  0.0160  0.0089  0.0144  0.0103
SIM2   0.0101  1.0000  0.0008  0.0231  0.0175  0.0105  0.0119  0.0177  0.0175  0.0100  0.0119  0.0141  0.0161  0.0141  0.0136  0.0177  0.0137  0.0191  0.0062  0.0161  0.0131  0.0153  0.0083  0.0084  0.0044  0.0139  0.0178  0.0137  0.0210  0.0137  0.0197  0.0155  0.0061  0.0104  0.0114  0.0069  0.0245  0.0114  0.0122  0.0138  0.0007  0.0103  0.0234  0.0136  0.0064  0.0106  0.0120  0.0146  0.0142  0.0139
SIM3   0.0142  0.0008  1.0000  0.0103  0.0065  0.0108  0.0141  0.0162  0.0084  0.0197  0.0104  0.0125  0.0106  0.0242  0.0178  0.0124  0.0122  0.0102  0.0158  0.0068  0.0189  0.0232  0.0123  0.0067  0.0179  0.0104  0.0124  0.0160  0.0140  0.0235  0.0125  0.0102  0.0100  0.0126  0.0118  0.0071  0.0101  0.0099  0.0086  0.0199  0.0121  0.0067  0.0086  0.0121  0.0142  0.0029  0.0162  0.0110  0.0185  0.0200
SIM4   0.0140  0.0231  0.0103  1.0000  0.0177  0.0086  0.0139  0.0084  0.0139  0.0213  0.0140  0.0085  0.0105  0.0162  0.0063  0.0216  0.0139  0.0138  0.0081  0.0105  0.0132  0.0229  0.0140  0.0201  0.0139  0.0235  0.0218  0.0139  0.0193  0.0176  0.0180  0.0213  0.0262  0.0163  0.0152  0.0090  0.0063  0.0115  0.0181  0.0045  0.0194  0.0066  0.0141  0.0156  0.0177  0.0146  0.0140  0.0108  0.0124  0.0159
SIM5   0.0102  0.0175  0.0065  0.0177  1.0000  0.0164  0.0196  0.0122  0.0215  0.0157  0.0140  0.0161  0.0105  0.0104  0.0157  0.0084  0.0101  0.0231  0.0100  0.0144  0.0204  0.0155  0.0141  0.0085  0.0064  0.0065  0.0180  0.0120  0.0138  0.0082  0.0180  0.0232  0.0171  0.0163  0.0080  0.0070  0.0174  0.0025  0.0104  0.0045  0.0082  0.0142  0.0180  0.0119  0.0215  0.0068  0.0178  0.0128  0.0240  0.0159
SIM6   0.0106  0.0105  0.0108  0.0086  0.0164  1.0000  0.0086  0.0126  0.0048  0.0143  0.0164  0.0068  0.0168  0.0247  0.0124  0.0146  0.0125  0.0104 -0.0011  0.0189  0.0156  0.0199  0.0126  0.0188  0.0202  0.0126  0.0068  0.0144  0.0085  0.0066  0.0147  0.0124  0.0121  0.0089  0.0177  0.0114  0.0142  0.0082  0.0069  0.0145  0.0162  0.0108  0.0068  0.0238  0.0126  0.0151  0.0380  0.0153  0.0169  0.0146
SIM7   0.0158  0.0119  0.0141  0.0139  0.0196  0.0086  1.0000  0.0140  0.0158  0.0101  0.0158  0.0104  0.0181  0.0181  0.0138  0.0159  0.0176  0.0174  0.0100  0.0066  0.0150  0.0099  0.0140  0.0085  0.0251  0.0215  0.0122  0.0138  0.0100  0.0213  0.0103  0.0194  0.0098  0.0066  0.0097  0.0130  0.0118  0.0097  0.0123  0.0139  0.0119  0.0161  0.0122  0.0044  0.0027  0.0165  0.0102  0.0068  0.0066  0.0121
SIM8   0.0141  0.0177  0.0162  0.0084  0.0122  0.0126  0.0140  1.0000  0.0178  0.0139  0.0254  0.0182  0.0164  0.0105  0.0120  0.0199  0.0102  0.0082  0.0119  0.0009  0.0206  0.0119  0.0180  0.0164  0.0140  0.0160  0.0239  0.0196  0.0101  0.0158  0.0278  0.0158  0.0099  0.0125  0.0117  0.0050  0.0175  0.0153  0.0086  0.0235  0.0139  0.0105  0.0181  0.0157  0.0141  0.0147  0.0160  0.0049  0.0203  0.0084
SIM9   0.0083  0.0175  0.0084  0.0139  0.0215  0.0048  0.0158  0.0178  1.0000  0.0119  0.0102  0.0104  0.0182  0.0143  0.0231  0.0027  0.0158  0.0138  0.0230  0.0279  0.0078  0.0155  0.0197  0.0066  0.0045  0.0159  0.0218  0.0176  0.0175  0.0120  0.0085  0.0082  0.0098  0.0221  0.0061  0.0090  0.0211  0.0170  0.0219  0.0102  0.0082  0.0123  0.0179  0.0156  0.0140  0.0146  0.0102  0.0108  0.0143  0.0121
SIM10  0.0157  0.0100  0.0197  0.0213  0.0157  0.0143  0.0101  0.0139  0.0119  1.0000  0.0064  0.0122  0.0199  0.0122  0.0118  0.0177  0.0100  0.0099  0.0154  0.0142  0.0077  0.0062  0.0177  0.0275  0.0137  0.0158  0.0178  0.0100  0.0063  0.0137  0.0160  0.0211  0.0260  0.0123  0.0115  0.0029  0.0172  0.0042  0.0141  0.0138  0.0136  0.0103  0.0083  0.0191  0.0045  0.0067  0.0251  0.0087  0.0104  0.0177
SIM11  0.0083  0.0119  0.0104  0.0140  0.0140  0.0164  0.0158  0.0254  0.0102  0.0064  1.0000  0.0142  0.0201  0.0085  0.0119  0.0122  0.0195  0.0268  0.0193  0.0124  0.0096  0.0118  0.0122  0.0085  0.0158  0.0084  0.0123  0.0120  0.0119  0.0064  0.0219  0.0176  0.0171  0.0105  0.0116  0.0130  0.0192  0.0116  0.0085  0.0159  0.0138  0.0123  0.0161  0.0063  0.0140  0.0107  0.0121  0.0148  0.0086  0.0159
SIM12  0.0162  0.0141  0.0125  0.0085  0.0161  0.0068  0.0104  0.0182  0.0104  0.0122  0.0142  1.0000  0.0107  0.0145  0.0084  0.0066  0.0199  0.0178  0.0253  0.0146  0.0043  0.0195  0.0181  0.0185  0.0141  0.0277  0.0125  0.0122  0.0159  0.0217  0.0164  0.0103  0.0118  0.0068  0.0118  0.0215  0.0064  0.0191  0.0145  0.0181  0.0197  0.0145  0.0299  0.0196  0.0066  0.0109  0.0124  0.0170  0.0068  0.0181
SIM13  0.0066  0.0161  0.0106  0.0105  0.0105  0.0168  0.0181  0.0164  0.0182  0.0199  0.0201  0.0107  1.0000  0.0166  0.0161  0.0164  0.0258  0.0141  0.0065  0.0187  0.0136  0.0083  0.0144  0.0068  0.0238  0.0163  0.0067  0.0104  0.0141  0.0104  0.0165  0.0180  0.0119  0.0108  0.0193  0.0237  0.0159  0.0193  0.0244  0.0086  0.0218  0.0126  0.0145  0.0217  0.0008  0.0110  0.0202  0.0050  0.0187  0.0144
SIM14  0.0124  0.0141  0.0242  0.0162  0.0104  0.0247  0.0181  0.0105  0.0143  0.0122  0.0085  0.0145  0.0166  1.0000  0.0141  0.0144  0.0161  0.0046  0.0159  0.0225  0.0154  0.0140  0.0086  0.0244  0.0104  0.0086  0.0203  0.0142  0.0084  0.0141  0.0087  0.0141  0.0137  0.0107  0.0118  0.0154  0.0159  0.0118  0.0087  0.0104  0.0141  0.0126  0.0164  0.0140  0.0124  0.0149  0.0182  0.0151  0.0225  0.0105
SIM15  0.0138  0.0136  0.0178  0.0063  0.0157  0.0124  0.0138  0.0120  0.0231  0.0118  0.0119  0.0084  0.0161  0.0141  1.0000  0.0233  0.0137  0.0136  0.0172  0.0180  0.0148  0.0117  0.0195  0.0103  0.0137  0.0064  0.0083  0.0118  0.0136  0.0118  0.0159  0.0081  0.0187  0.0180  0.0186  0.0109  0.0172  0.0150  0.0141  0.0194  0.0155  0.0178  0.0253  0.0136  0.0138  0.0086  0.0195  0.0126  0.0199  0.0176
SIM16  0.0122  0.0177  0.0124  0.0216  0.0084  0.0146  0.0159  0.0199  0.0027  0.0177  0.0122  0.0066  0.0164  0.0144  0.0233  1.0000  0.0197  0.0139  0.0250  0.0164  0.0188  0.0119  0.0199  0.0105  0.0140  0.0160  0.0104  0.0102  0.0139  0.0102  0.0143  0.0139  0.0080  0.0048  0.0153  0.0071  0.0063  0.0153  0.0066  0.0179  0.0195  0.0162  0.0162  0.0082  0.0141  0.0127  0.0236  0.0109  0.0241  0.0199
SIM17  0.0083  0.0137  0.0122  0.0139  0.0101  0.0125  0.0176  0.0102  0.0158  0.0100  0.0195  0.0199  0.0258  0.0161  0.0137  0.0197  1.0000  0.0211  0.0173  0.0124  0.0132  0.0062  0.0121  0.0104  0.0175  0.0102  0.0179  0.0138  0.0193  0.0119  0.0217  0.0100  0.0097  0.0201  0.0151  0.0050  0.0154  0.0133  0.0123  0.0270  0.0100  0.0141  0.0141  0.0026  0.0214  0.0067  0.0083  0.0167  0.0239  0.0140
SIM18  0.0082  0.0191  0.0102  0.0138  0.0231  0.0104  0.0174  0.0082  0.0138  0.0099  0.0268  0.0178  0.0141  0.0046  0.0136  0.0139  0.0211  1.0000  0.0044  0.0084  0.0077  0.0262  0.0176  0.0198  0.0100  0.0157  0.0215  0.0137  0.0117  0.0100  0.0064  0.0099  0.0114  0.0046  0.0078  0.0168  0.0062  0.0185  0.0216  0.0045  0.0099  0.0121  0.0102  0.0117  0.0119  0.0125  0.0157  0.0067  0.0160  0.0101
SIM19  0.0156  0.0062  0.0158  0.0081  0.0100 -0.0011  0.0100  0.0119  0.0230  0.0154  0.0193  0.0253  0.0065  0.0159  0.0172  0.0250  0.0173  0.0044  1.0000  0.0122  0.0165  0.0061  0.0101  0.0160  0.0136  0.0063  0.0158  0.0136  0.0135  0.0228  0.0102  0.0154  0.0168  0.0122  0.0132  0.0148  0.0171  0.0096  0.0083  0.0156  0.0154  0.0064  0.0101  0.0117  0.0100  0.0105  0.0101  0.0126  0.0160  0.0119
SIM20  0.0125  0.0161  0.0068  0.0105  0.0144  0.0189  0.0066  0.0009  0.0279  0.0142  0.0124  0.0146  0.0187  0.0225  0.0180  0.0164  0.0124  0.0084  0.0122  1.0000  0.0173  0.0103  0.0144  0.0127  0.0143  0.0125  0.0126  0.0181  0.0104  0.0200  0.0126  0.0142  0.0176  0.0187  0.0157  0.0093  0.0065  0.0175  0.0107  0.0144  0.0199  0.0205  0.0087  0.0141  0.0183  0.0030  0.0106  0.0132  0.0128  0.0106
SIM21  0.0024  0.0131  0.0189  0.0132  0.0204  0.0156  0.0150  0.0206  0.0078  0.0077  0.0096  0.0043  0.0136  0.0154  0.0148  0.0188  0.0132  0.0077  0.0165  0.0173  1.0000  0.0076  0.0061  0.0191  0.0096  0.0097  0.0225  0.0221  0.0113  0.0078  0.0098  0.0113  0.0162  0.0155  0.0162  0.0124  0.0218  0.0178  0.0062  0.0168  0.0220  0.0080  0.0116  0.0148  0.0151  0.0213  0.0151  0.0064  0.0118  0.0151
SIM22  0.0193  0.0153  0.0232  0.0229  0.0155  0.0199  0.0099  0.0119  0.0155  0.0062  0.0118  0.0195  0.0083  0.0140  0.0117  0.0119  0.0062  0.0262  0.0061  0.0103  0.0076  1.0000  0.0026  0.0064  0.0117  0.0156  0.0195  0.0264  0.0263  0.0099  0.0139  0.0080  0.0239  0.0254  0.0149  0.0207  0.0170  0.0113  0.0139  0.0137  0.0153  0.0158  0.0064  0.0134  0.0100  0.0143  0.0230  0.0125  0.0159  0.0137
SIM23  0.0103  0.0083  0.0123  0.0140  0.0141  0.0126  0.0140  0.0180  0.0197  0.0177  0.0122  0.0181  0.0144  0.0086  0.0195  0.0199  0.0121  0.0176  0.0101  0.0144  0.0061  0.0026  1.0000  0.0144  0.0158  0.0065  0.0162  0.0215  0.0157  0.0158  0.0220  0.0177  0.0135  0.0067  0.0171  0.0010  0.0119  0.0116  0.0124  0.0178  0.0120  0.0105  0.0276  0.0138  0.0103  0.0127  0.0065  0.0149  0.0183  0.0179
SIM24  0.0124  0.0084  0.0067  0.0201  0.0085  0.0188  0.0085  0.0164  0.0066  0.0275  0.0085  0.0185  0.0068  0.0244  0.0103  0.0105  0.0104  0.0198  0.0160  0.0127  0.0191  0.0064  0.0144  1.0000  0.0161  0.0105  0.0087  0.0104  0.0141  0.0142  0.0048  0.0104  0.0119  0.0147  0.0063  0.0154  0.0121  0.0193  0.0087  0.0124  0.0103  0.0126  0.0125  0.0027  0.0124  0.0250  0.0144  0.0071  0.0167  0.0144
SIM25  0.0120  0.0044  0.0179  0.0139  0.0064  0.0202  0.0251  0.0140  0.0045  0.0137  0.0158  0.0141  0.0238  0.0104  0.0137  0.0140  0.0175  0.0100  0.0136  0.0143  0.0096  0.0117  0.0158  0.0161  1.0000  0.0083  0.0141  0.0119  0.0137  0.0212  0.0141  0.0063  0.0134  0.0047  0.0079  0.0230  0.0191  0.0133  0.0161  0.0120  0.0137  0.0103  0.0122  0.0081  0.0139  0.0145  0.0102  0.0245  0.0104  0.0196
