*********************************************************************
* LD Score Regression (LDSC)
* Version 1.0.1
* (C) 2014-2019 Brendan Bulik-Sullivan and Hilary Finucane
* Broad Institute of MIT and Harvard / MIT Department of Mathematics
* GNU General Public License v3
*********************************************************************
Call: 
./ldsc.py \
--out /data/sbcs/GuoLab/backup/liq17/CRC_TF_TWAS_zhishan2024/NC_revision_OceanCode/v2_NC_revision//84Tracks//ldscores_sim10000//13 \
--bfile /data/sbcs/GuoLab/backup/liq17/ref/Alkesgroup/1000G_EUR_Phase3_plink_hg38/1000G.EUR.QC.13 \
--annot /data/sbcs/GuoLab/backup/liq17/CRC_TF_TWAS_zhishan2024/NC_revision_OceanCode/v2_NC_revision//84Tracks//annots_sim10000//13.annot.txt \
--l2  \
--ld-wind-kb 100.0 

Beginning analysis at Mon Oct 27 00:12:12 2025
Read list of 366088 SNPs from /data/sbcs/GuoLab/backup/liq17/ref/Alkesgroup/1000G_EUR_Phase3_plink_hg38/1000G.EUR.QC.13.bim
Read 50 annotations for 366088 SNPs from /data/sbcs/GuoLab/backup/liq17/CRC_TF_TWAS_zhishan2024/NC_revision_OceanCode/v2_NC_revision//84Tracks//annots_sim10000//13.annot.txt
Read list of 489 individuals from /data/sbcs/GuoLab/backup/liq17/ref/Alkesgroup/1000G_EUR_Phase3_plink_hg38/1000G.EUR.QC.13.fam
Reading genotypes from /data/sbcs/GuoLab/backup/liq17/ref/Alkesgroup/1000G_EUR_Phase3_plink_hg38/1000G.EUR.QC.13.bed
Estimating LD Score.
Writing LD Scores for 366088 SNPs to /data/sbcs/GuoLab/backup/liq17/CRC_TF_TWAS_zhishan2024/NC_revision_OceanCode/v2_NC_revision//84Tracks//ldscores_sim10000//13.l2.ldscore.gz

Summary of LD Scores in /data/sbcs/GuoLab/backup/liq17/CRC_TF_TWAS_zhishan2024/NC_revision_OceanCode/v2_NC_revision//84Tracks//ldscores_sim10000//13.l2.ldscore.gz
         MAF  SIM1L2  SIM2L2  SIM3L2  SIM4L2  SIM5L2  SIM6L2  SIM7L2  SIM8L2  SIM9L2  SIM10L2  SIM11L2  SIM12L2  SIM13L2  SIM14L2  SIM15L2  SIM16L2  SIM17L2  SIM18L2  SIM19L2  SIM20L2  SIM21L2  SIM22L2  SIM23L2  SIM24L2  SIM25L2  SIM26L2  SIM27L2  SIM28L2  SIM29L2  SIM30L2  SIM31L2  SIM32L2  SIM33L2  SIM34L2  SIM35L2  SIM36L2  SIM37L2  SIM38L2  SIM39L2  SIM40L2  SIM41L2  SIM42L2  SIM43L2  SIM44L2  SIM45L2  SIM46L2  SIM47L2  SIM48L2  SIM49L2  SIM50L2
mean  0.1493  0.0520  0.0469  0.0512  0.0520  0.0526  0.0539  0.0491  0.0556  0.0578   0.0550   0.0502   0.0580   0.0462   0.0539   0.0496   0.0582   0.0531   0.0563   0.0546   0.0437   0.0446   0.0492   0.0533   0.0521   0.0541   0.0491   0.0571   0.0552   0.0593   0.0541   0.0484   0.0506   0.0464   0.0566   0.0469   0.0451   0.0515   0.0544   0.0573   0.0469   0.0512   0.0496   0.0536   0.0565   0.0540   0.0567   0.0514   0.0533   0.0506   0.0530
std   0.1496  0.1797  0.1703  0.1733  0.1826  0.1841  0.1923  0.1783  0.1932  0.1886   0.1891   0.1831   0.2006   0.1762   0.1872   0.1832   0.1916   0.1847   0.1954   0.1862   0.1657   0.1629   0.1798   0.1905   0.1917   0.1880   0.1774   0.1889   0.1923   0.2028   0.1815   0.1724   0.1786   0.1699   0.1885   0.1753   0.1643   0.1825   0.1872   0.1948   0.1669   0.1831   0.1759   0.1870   0.1923   0.1825   0.1939   0.1788   0.1811   0.1796   0.1828
min   0.0051 -0.0115 -0.0103 -0.0107 -0.0134 -0.0086 -0.0079 -0.0104 -0.0106 -0.0109  -0.0092  -0.0098  -0.0099  -0.0114  -0.0120  -0.0101  -0.0113  -0.0109  -0.0128  -0.0112  -0.0091  -0.0092  -0.0108  -0.0102  -0.0105  -0.0111  -0.0088  -0.0121  -0.0111  -0.0127  -0.0099  -0.0108  -0.0090  -0.0092  -0.0097  -0.0090  -0.0102  -0.0122  -0.0090  -0.0109  -0.0100  -0.0107  -0.0088  -0.0100  -0.0092  -0.0097  -0.0088  -0.0124  -0.0095  -0.0111  -0.0096
25%   0.0194  0.0000  0.0000  0.0000  0.0000  0.0000  0.0000  0.0000  0.0000  0.0000   0.0000   0.0000   0.0000   0.0000   0.0000   0.0000   0.0000   0.0000   0.0000   0.0000   0.0000   0.0000   0.0000   0.0000   0.0000   0.0000   0.0000   0.0000   0.0000   0.0000   0.0000   0.0000   0.0000   0.0000   0.0000   0.0000   0.0000   0.0000   0.0000   0.0000   0.0000   0.0000   0.0000   0.0000   0.0000   0.0000   0.0000   0.0000   0.0000   0.0000   0.0000
50%   0.0879  0.0000  0.0000  0.0000  0.0000  0.0000  0.0000  0.0000  0.0000  0.0000   0.0000   0.0000   0.0000   0.0000   0.0000   0.0000   0.0000   0.0000   0.0000   0.0000   0.0000   0.0000   0.0000   0.0000   0.0000   0.0000   0.0000   0.0000   0.0000   0.0000   0.0000   0.0000   0.0000   0.0000   0.0000   0.0000   0.0000   0.0000   0.0000   0.0000   0.0000   0.0000   0.0000   0.0000   0.0000   0.0000   0.0000   0.0000   0.0000   0.0000   0.0000
75%   0.2566  0.0077  0.0053  0.0086  0.0080  0.0070  0.0064  0.0057  0.0070  0.0109   0.0090   0.0067   0.0085   0.0048   0.0069   0.0072   0.0123   0.0090   0.0080   0.0081   0.0037   0.0055   0.0054   0.0074   0.0066   0.0075   0.0071   0.0100   0.0081   0.0101   0.0095   0.0069   0.0058   0.0051   0.0085   0.0038   0.0050   0.0081   0.0079   0.0094   0.0070   0.0056   0.0062   0.0075   0.0092   0.0079   0.0096   0.0075   0.0083   0.0067   0.0083
max   0.5000  2.4334  2.0702  1.9820  2.3586  2.1349  2.5347  2.7559  2.0139  3.0374   2.1825   3.3497   2.6109   2.9187   1.9869   2.8182   3.0000   2.2817   2.4615   1.9790   2.5191   1.8791   2.0010   2.5035   2.4654   2.8514   2.7951   2.2510   3.0307   3.2320   1.7479   3.0000   2.2157   2.0228   2.0866   2.3781   2.3298   2.6134   2.3842   3.0210   2.0079   2.0142   2.4305   2.0722   2.0521   2.0000   2.8546   2.1863   2.0000   2.4582   2.0000

MAF/LD Score Correlation Matrix
            MAF  SIM1L2  SIM2L2  SIM3L2  SIM4L2  SIM5L2  SIM6L2  SIM7L2  SIM8L2  SIM9L2  SIM10L2  SIM11L2  SIM12L2  SIM13L2  SIM14L2  SIM15L2  SIM16L2  SIM17L2  SIM18L2  SIM19L2  SIM20L2  SIM21L2  SIM22L2  SIM23L2  SIM24L2  SIM25L2  SIM26L2  SIM27L2  SIM28L2  SIM29L2  SIM30L2  SIM31L2  SIM32L2  SIM33L2  SIM34L2  SIM35L2  SIM36L2  SIM37L2  SIM38L2  SIM39L2  SIM40L2  SIM41L2  SIM42L2  SIM43L2  SIM44L2  SIM45L2  SIM46L2  SIM47L2  SIM48L2  SIM49L2  SIM50L2
MAF      1.0000  0.1131  0.1313  0.1340  0.1027  0.1695  0.1254  0.1151  0.0991  0.1215   0.1367   0.0920   0.0853   0.0852   0.1392   0.1296   0.1356   0.1236   0.1156   0.1372   0.1258   0.1426   0.0869   0.1304   0.1173   0.1336   0.1210   0.1281   0.1086   0.1365   0.1298   0.1170   0.0742   0.1138   0.1514   0.1137   0.1246   0.0900   0.1155   0.1357   0.1290   0.0930   0.1055   0.1089   0.1116   0.1279   0.1021   0.1174   0.1501   0.1209   0.1178
SIM1L2   0.1131  1.0000  0.0984  0.1060  0.1107  0.1068  0.0874  0.1473  0.1212  0.1062   0.1791   0.0631   0.1021   0.0764   0.1309   0.1084   0.1540   0.0685   0.1029   0.1418   0.1074   0.1289   0.0650   0.1522   0.1021   0.1145   0.0659   0.1576   0.1735   0.1643   0.1187   0.0547   0.0747   0.0592   0.0800   0.1035   0.1152   0.0679   0.1430   0.1691   0.0615   0.1562   0.0752   0.1105   0.0810   0.1451   0.0868   0.0969   0.1327   0.1422   0.1347
SIM2L2   0.1313  0.0984  1.0000  0.0948  0.1156  0.1341  0.1742  0.0780  0.1315  0.1627   0.1420   0.0937   0.0633   0.0973   0.1396   0.1679   0.1159   0.1323   0.0933   0.1121   0.1406   0.1435   0.0938   0.1032   0.0698   0.1692   0.0330   0.0743   0.1060   0.1315   0.1573   0.1365   0.1550   0.1313   0.0871   0.1454   0.1000   0.1023   0.0809   0.1633   0.1339   0.1429   0.0733   0.1008   0.1328   0.1278   0.1651   0.1102   0.1091   0.1272   0.1044
SIM3L2   0.1340  0.1060  0.0948  1.0000  0.0890  0.1077  0.0790  0.0966  0.0625  0.0675   0.0789   0.1639   0.0872   0.0700   0.0922   0.0947   0.0849   0.0842   0.1393   0.1270   0.0903   0.1563   0.0808   0.0924   0.0895   0.1076   0.1135   0.0948   0.1123   0.1097   0.1103   0.1090   0.0686   0.0966   0.0938   0.1278   0.0654   0.0838   0.1171   0.1719   0.0779   0.0995   0.0787   0.1387   0.1091   0.1729   0.1340   0.0869   0.1351   0.0932   0.0865
SIM4L2   0.1027  0.1107  0.1156  0.0890  1.0000  0.1363  0.1509  0.0834  0.1673  0.0901   0.1520   0.1754   0.1353   0.1803   0.1141   0.1206   0.1425   0.1243   0.1408   0.1889   0.0599   0.1597   0.1308   0.1348   0.0897   0.0992   0.0743   0.0936   0.1715   0.1612   0.0695   0.0734   0.0848   0.1400   0.1030   0.1243   0.1816   0.1386   0.0927   0.1315   0.1252   0.1262   0.0798   0.1351   0.1567   0.0961   0.1650   0.1747   0.1277   0.1960   0.0898
SIM5L2   0.1695  0.1068  0.1341  0.1077  0.1363  1.0000  0.1699  0.1313  0.1420  0.1155   0.0873   0.1079   0.1367   0.0880   0.1430   0.1388   0.0924   0.1064   0.1526   0.1712   0.1376   0.1407   0.1039   0.1496   0.1392   0.1296   0.0518   0.1249   0.1288   0.1086   0.1092   0.0693   0.1220   0.0732   0.1502   0.0844   0.1484   0.0811   0.1168   0.0908   0.1306   0.1250   0.1012   0.1182   0.1376   0.1424   0.0995   0.1844   0.1222   0.0890   0.1402
SIM6L2   0.1254  0.0874  0.1742  0.0790  0.1509  0.1699  1.0000  0.1215  0.2067  0.1536   0.1511   0.0632   0.0586   0.1531   0.1841   0.1347   0.1496   0.0630   0.1569   0.2400   0.1394   0.1920   0.1559   0.1836   0.1059   0.1970   0.0570   0.1212   0.2053   0.1951   0.1030   0.0767   0.1593   0.0625   0.1976   0.1485   0.1901   0.1440   0.1164   0.0991   0.1477   0.1917   0.0922   0.1364   0.1237   0.1509   0.1378   0.1656   0.2134   0.1121   0.1724
SIM7L2   0.1151  0.1473  0.0780  0.0966  0.0834  0.1313  0.1215  1.0000  0.1155  0.0976   0.1293   0.0877   0.1383   0.0719   0.0670   0.0420   0.1053   0.1159   0.1171   0.0996   0.1161   0.1469   0.0870   0.1507   0.1500   0.1429   0.0721   0.1458   0.1581   0.0742   0.0925   0.0501   0.1244   0.0651   0.1094   0.1269   0.1008   0.1399   0.2130   0.1113   0.0769   0.1159   0.1655   0.1185   0.1089   0.1061   0.1078   0.0617   0.1857   0.1126   0.0612
SIM8L2   0.0991  0.1212  0.1315  0.0625  0.1673  0.1420  0.2067  0.1155  1.0000  0.1556   0.1175   0.0841   0.1051   0.1026   0.1435   0.0671   0.1194   0.1290   0.1341   0.1929   0.1511   0.0593   0.0839   0.1938   0.0820   0.1510   0.1600   0.1190   0.1364   0.2024   0.1017   0.1338   0.0868   0.0975   0.1364   0.0845   0.1126   0.1295   0.1058   0.0893   0.0874   0.2168   0.1186   0.0969   0.1447   0.1332   0.1219   0.1237   0.1522   0.1426   0.1613
SIM9L2   0.1215  0.1062  0.1627  0.0675  0.0901  0.1155  0.1536  0.0976  0.1556  1.0000   0.1019   0.1109   0.1086   0.0724   0.0709   0.1019   0.0928   0.0849   0.0884   0.1278   0.1176   0.1307   0.0710   0.1653   0.0687   0.0751   0.1139   0.1072   0.0915   0.1418   0.0864   0.0543   0.1347   0.0485   0.1051   0.0653   0.1008   0.1474   0.1061   0.1585   0.0787   0.1324   0.0760   0.0811   0.1047   0.1945   0.0922   0.1020   0.1244   0.1397   0.1262
SIM10L2  0.1367  0.1791  0.1420  0.0789  0.1520  0.0873  0.1511  0.1293  0.1175  0.1019   1.0000   0.1387   0.0717   0.1062   0.1723   0.1365   0.1235   0.0524   0.1110   0.1217   0.0943   0.1212   0.0907   0.1259   0.1184   0.1514   0.0268   0.0914   0.1558   0.1091   0.0535   0.1006   0.0984   0.1399   0.0785   0.1629   0.0680   0.0524   0.1247   0.1330   0.1183   0.1214   0.0854   0.1528   0.1325   0.1018   0.1469   0.1341   0.1239   0.1310   0.0747
SIM11L2  0.0920  0.0631  0.0937  0.1639  0.1754  0.1079  0.0632  0.0877  0.0841  0.1109   0.1387   1.0000   0.0839   0.0839   0.1269   0.1007   0.0672   0.1000   0.0879   0.1436   0.0982   0.1144   0.1395   0.1146   0.0816   0.1326   0.0960   0.1195   0.0786   0.0789   0.0822   0.1380   0.0877   0.1253   0.1209   0.1305   0.1223   0.1079   0.0974   0.1143   0.1430   0.0721   0.1253   0.1322   0.0871   0.0934   0.1463   0.0725   0.1140   0.0851   0.0503
SIM12L2  0.0853  0.1021  0.0633  0.0872  0.1353  0.1367  0.0586  0.1383  0.1051  0.1086   0.0717   0.0839   1.0000   0.1274   0.0306   0.0771   0.0985   0.1428   0.1202   0.1136   0.1435   0.1404   0.0287   0.1714   0.1786   0.1357   0.1110   0.1869   0.0692   0.0810   0.0861   0.0676   0.0869   0.0821   0.1341   0.1289   0.0752   0.1811   0.0984   0.2203   0.1038   0.0874   0.1042   0.0581   0.1450   0.1137   0.1361   0.1013   0.0544   0.1674   0.0549
SIM13L2  0.0852  0.0764  0.0973  0.0700  0.1803  0.0880  0.1531  0.0719  0.1026  0.0724   0.1062   0.0839   0.1274   1.0000   0.0880   0.1243   0.1606   0.0678   0.0646   0.1091   0.0936   0.1068   0.0679   0.1385   0.0339   0.1033   0.0525   0.1066   0.1318   0.1244   0.0663   0.0800   0.0762   0.0566   0.0414   0.0509   0.1471   0.1411   0.1140   0.0694   0.0544   0.1094   0.0939   0.0979   0.0742   0.1158   0.1422   0.1419   0.1646   0.1309   0.0530
SIM14L2  0.1392  0.1309  0.1396  0.0922  0.1141  0.1430  0.1841  0.0670  0.1435  0.0709   0.1723   0.1269   0.0306   0.0880   1.0000   0.1868   0.0825   0.1162   0.1065   0.1370   0.1203   0.1672   0.1074   0.1048   0.1452   0.1835   0.0757   0.1837   0.1096   0.1377   0.0597   0.1753   0.0557   0.1839   0.1000   0.1452   0.0793   0.0724   0.0656   0.1208   0.1440   0.1581   0.0668   0.1836   0.1301   0.0983   0.0728   0.1266   0.0942   0.1804   0.1258
SIM15L2  0.1296  0.1084  0.1679  0.0947  0.1206  0.1388  0.1347  0.0420  0.0671  0.1019   0.1365   0.1007   0.0771   0.1243   0.1868   1.0000   0.0943   0.0589   0.0979   0.1036   0.1515   0.2160   0.1291   0.0672   0.0518   0.1212   0.0744   0.1749   0.0987   0.1161   0.1132   0.1169   0.1541   0.1328   0.0856   0.1587   0.1145   0.0434   0.0693   0.1426   0.1084   0.1199   0.0844   0.2001   0.1520   0.1846   0.1201   0.1421   0.1692   0.2356   0.0327
SIM16L2  0.1356  0.1540  0.1159  0.0849  0.1425  0.0924  0.1496  0.1053  0.1194  0.0928   0.1235   0.0672   0.0985   0.1606   0.0825   0.0943   1.0000   0.0918   0.0848   0.1184   0.1142   0.0835   0.0516   0.1235   0.0662   0.1616   0.0792   0.1052   0.1744   0.1037   0.0927   0.0958   0.0502   0.0540   0.0660   0.1022   0.1532   0.1562   0.1268   0.0950   0.1154   0.1158   0.1005   0.1028   0.1152   0.1052   0.1121   0.1963   0.1349   0.0821   0.0451
SIM17L2  0.1236  0.0685  0.1323  0.0842  0.1243  0.1064  0.0630  0.1159  0.1290  0.0849   0.0524   0.1000   0.1428   0.0678   0.1162   0.0589   0.0918   1.0000   0.1033   0.1224   0.1389   0.0723   0.0450   0.0741   0.0447   0.1272   0.0937   0.1091   0.0974   0.0647   0.0888   0.1657   0.0884   0.0762   0.0935   0.0844   0.0707   0.1023   0.1062   0.1106   0.1238   0.0461   0.1694   0.1505   0.1488   0.0808   0.0644   0.1135   0.0714   0.0650   0.0741
SIM18L2  0.1156  0.1029  0.0933  0.1393  0.1408  0.1526  0.1569  0.1171  0.1341  0.0884   0.1110   0.0879   0.1202   0.0646   0.1065   0.0979   0.0848   0.1033   1.0000   0.2004   0.0800   0.1346   0.1212   0.1759   0.0612   0.0540   0.0452   0.0847   0.0722   0.0923   0.1561   0.0996   0.1055   0.0903   0.2076   0.1209   0.0990   0.1107   0.1405   0.1162   0.1444   0.1440   0.0941   0.1239   0.1319   0.1216   0.1247   0.0534   0.1289   0.0917   0.2009
SIM19L2  0.1372  0.1418  0.1121  0.1270  0.1889  0.1712  0.2400  0.0996  0.1929  0.1278   0.1217   0.1436   0.1136   0.1091   0.1370   0.1036   0.1184   0.1224   0.2004   1.0000   0.0972   0.0998   0.1839   0.2097   0.1007   0.1809   0.1174   0.0775   0.0840   0.1496   0.1272   0.0698   0.1074   0.1120   0.1585   0.1510   0.1085   0.0904   0.1335   0.1434   0.1081   0.1334   0.1022   0.0942   0.0887   0.1469   0.1147   0.1375   0.1577   0.1380   0.1836
SIM20L2  0.1258  0.1074  0.1406  0.0903  0.0599  0.1376  0.1394  0.1161  0.1511  0.1176   0.0943   0.0982   0.1435   0.0936   0.1203   0.1515   0.1142   0.1389   0.0800   0.0972   1.0000   0.1722   0.0607   0.0760   0.1160   0.1385   0.1343   0.1380   0.1216   0.0745   0.0517   0.1241   0.1382   0.1130   0.0672   0.1025   0.0995   0.0977   0.1362   0.1249   0.0907   0.1119   0.1063   0.1692   0.1227   0.0884   0.1141   0.1093   0.1765   0.1376   0.0707
SIM21L2  0.1426  0.1289  0.1435  0.1563  0.1597  0.1407  0.1920  0.1469  0.0593  0.1307   0.1212   0.1144   0.1404   0.1068   0.1672   0.2160   0.0835   0.0723   0.1346   0.0998   0.1722   1.0000   0.0726   0.0751   0.1178   0.1646   0.0546   0.1669   0.1155   0.0833   0.1116   0.0756   0.1088   0.1572   0.1253   0.1429   0.1185   0.0818   0.1494   0.1173   0.1564   0.0646   0.1086   0.1657   0.1453   0.1277   0.1573   0.1118   0.1678   0.1877   0.0714
SIM22L2  0.0869  0.0650  0.0938  0.0808  0.1308  0.1039  0.1559  0.0870  0.0839  0.0710   0.0907   0.1395   0.0287   0.0679   0.1074   0.1291   0.0516   0.0450   0.1212   0.1839   0.0607   0.0726   1.0000   0.0934   0.1113   0.0965   0.0734   0.0435   0.1700   0.1348   0.0512   0.0972   0.0882   0.0945   0.1407   0.0826   0.1620   0.0499   0.1244   0.0752   0.1017   0.1146   0.0594   0.1204   0.1349   0.0535   0.0996   0.0884   0.0806   0.0879   0.1382
SIM23L2  0.1304  0.1522  0.1032  0.0924  0.1348  0.1496  0.1836  0.1507  0.1938  0.1653   0.1259   0.1146   0.1714   0.1385   0.1048   0.0672   0.1235   0.0741   0.1759   0.2097   0.0760   0.0751   0.0934   1.0000   0.0948   0.1425   0.0864   0.1650   0.1249   0.2334   0.1280   0.0742   0.0511   0.0609   0.1574   0.1075   0.1237   0.1130   0.1397   0.1657   0.0648   0.2224   0.0824   0.0702   0.0713   0.1428   0.1294   0.1232   0.1468   0.1411   0.1712
SIM24L2  0.1173  0.1021  0.0698  0.0895  0.0897  0.1392  0.1059  0.1500  0.0820  0.0687   0.1184   0.0816   0.1786   0.0339   0.1452   0.0518   0.0662   0.0447   0.0612   0.1007   0.1160   0.1178   0.1113   0.0948   1.0000   0.2152   0.1018   0.1210   0.1239   0.0962   0.0643   0.0835   0.1034   0.1253   0.1613   0.1109   0.1063   0.0837   0.1316   0.1798   0.1503   0.0648   0.0787   0.0832   0.0681   0.1361   0.0882   0.0838   0.0623   0.0800   0.1200
SIM25L2  0.1336  0.1145  0.1692  0.1076  0.0992  0.1296  0.1970  0.1429  0.1510  0.0751   0.1514   0.1326   0.1357   0.1033   0.1835   0.1212   0.1616   0.1272   0.0540   0.1809   0.1385   0.1646   0.0965   0.1425   0.2152   1.0000   0.1325   0.1336   0.1882   0.2175   0.0638   0.1219   0.0853   0.1340   0.0906   0.1556   0.1185   0.1020   0.1583   0.1538   0.1363   0.1165   0.1005   0.1270   0.1382   0.1643   0.1085   0.1425   0.1014   0.1436   0.1042
SIM26L2  0.1210  0.0659  0.0330  0.1135  0.0743  0.0518  0.0570  0.0721  0.1600  0.1139   0.0268   0.0960   0.1110   0.0525   0.0757   0.0744   0.0792   0.0937   0.0452   0.1174   0.1343   0.0546   0.0734   0.0864   0.1018   0.1325   1.0000   0.1252   0.1566   0.0477   0.0452   0.0736   0.0697   0.0903   0.0632   0.1012   0.0832   0.0715   0.0657   0.0554   0.0302   0.0242   0.0576   0.1300   0.0831   0.0815   0.0936   0.0592   0.0622   0.0852   0.0559
SIM27L2  0.1281  0.1576  0.0743  0.0948  0.0936  0.1249  0.1212  0.1458  0.1190  0.1072   0.0914   0.1195   0.1869   0.1066   0.1837   0.1749   0.1052   0.1091   0.0847   0.0775   0.1380   0.1669   0.0435   0.1650   0.1210   0.1336   0.1252   1.0000   0.0949   0.0901   0.1270   0.0659   0.1115   0.1268   0.1286   0.1603   0.0855   0.0835   0.1353   0.1598   0.1063   0.1305   0.0906   0.1498   0.0869   0.1103   0.0987   0.1244   0.1266   0.2195   0.0678
SIM28L2  0.1086  0.1735  0.1060  0.1123  0.1715  0.1288  0.2053  0.1581  0.1364  0.0915   0.1558   0.0786   0.0692   0.1318   0.1096   0.0987   0.1744   0.0974   0.0722   0.0840   0.1216   0.1155   0.1700   0.1249   0.1239   0.1882   0.1566   0.0949   1.0000   0.1897   0.0654   0.0744   0.1541   0.1143   0.1053   0.1156   0.1651   0.1185   0.2261   0.0653   0.1138   0.1110   0.0784   0.1671   0.1223   0.1128   0.1041   0.1958   0.1124   0.1084   0.1262
SIM29L2  0.1365  0.1643  0.1315  0.1097  0.1612  0.1086  0.1951  0.0742  0.2024  0.1418   0.1091   0.0789   0.0810   0.1244   0.1377   0.1161   0.1037   0.0647   0.0923   0.1496   0.0745   0.0833   0.1348   0.2334   0.0962   0.2175   0.0477   0.0901   0.1897   1.0000   0.0397   0.0698   0.1163   0.0974   0.1750   0.1221   0.1149   0.1065   0.0982   0.1160   0.1183   0.1856   0.0718   0.0806   0.1035   0.1598   0.1684   0.1681   0.1085   0.1223   0.1707
SIM30L2  0.1298  0.1187  0.1573  0.1103  0.0695  0.1092  0.1030  0.0925  0.1017  0.0864   0.0535   0.0822   0.0861   0.0663   0.0597   0.1132   0.0927   0.0888   0.1561   0.1272   0.0517   0.1116   0.0512   0.1280   0.0643   0.0638   0.0452   0.1270   0.0654   0.0397   1.0000   0.0975   0.0943   0.0973   0.0820   0.0721   0.0756   0.1785   0.1406   0.0628   0.0781   0.1590   0.1133   0.0884   0.0942   0.1096   0.0821   0.0473   0.0743   0.1278   0.0645
SIM31L2  0.1170  0.0547  0.1365  0.1090  0.0734  0.0693  0.0767  0.0501  0.1338  0.0543   0.1006   0.1380   0.0676   0.0800   0.1753   0.1169   0.0958   0.1657   0.0996   0.0698   0.1241   0.0756   0.0972   0.0742   0.0835   0.1219   0.0736   0.0659   0.0744   0.0698   0.0975   1.0000   0.0753   0.0478   0.0745   0.0819   0.0726   0.0640   0.0904   0.0965   0.1023   0.0821   0.0528   0.1831   0.1009   0.0559   0.1141   0.0677   0.0912   0.0725   0.0751
SIM32L2  0.0742  0.0747  0.1550  0.0686  0.0848  0.1220  0.1593  0.1244  0.0868  0.1347   0.0984   0.0877   0.0869   0.0762   0.0557   0.1541   0.0502   0.0884   0.1055   0.1074   0.1382   0.1088   0.0882   0.0511   0.1034   0.0853   0.0697   0.1115   0.1541   0.1163   0.0943   0.0753   1.0000   0.1137   0.1121   0.2003   0.1045   0.1123   0.1552   0.1077   0.1141   0.0949   0.1175   0.0815   0.1205   0.1572   0.1378   0.1392   0.1095   0.1348   0.1054
SIM33L2  0.1138  0.0592  0.1313  0.0966  0.1400  0.0732  0.0625  0.0651  0.0975  0.0485   0.1399   0.1253   0.0821   0.0566   0.1839   0.1328   0.0540   0.0762   0.0903   0.1120   0.1130   0.1572   0.0945   0.0609   0.1253   0.1340   0.0903   0.1268   0.1143   0.0974   0.0973   0.0478   0.1137   1.0000   0.0966   0.1284   0.0923   0.0816   0.0977   0.1254   0.1809   0.1067   0.1032   0.1308   0.1539   0.1076   0.0985   0.0834   0.1089   0.1523   0.0970
SIM34L2  0.1514  0.0800  0.0871  0.0938  0.1030  0.1502  0.1976  0.1094  0.1364  0.1051   0.0785   0.1209   0.1341   0.0414   0.1000   0.0856   0.0660   0.0935   0.2076   0.1585   0.0672   0.1253   0.1407   0.1574   0.1613   0.0906   0.0632   0.1286   0.1053   0.1750   0.0820   0.0745   0.1121   0.0966   1.0000   0.1208   0.1502   0.0893   0.1214   0.1352   0.1726   0.1203   0.1233   0.1070   0.0721   0.1020   0.0694   0.0755   0.1123   0.1356   0.1720
SIM35L2  0.1137  0.1035  0.1454  0.1278  0.1243  0.0844  0.1485  0.1269  0.0845  0.0653   0.1629   0.1305   0.1289   0.0509   0.1452   0.1587   0.1022   0.0844   0.1209   0.1510   0.1025   0.1429   0.0826   0.1075   0.1109   0.1556   0.1012   0.1603   0.1156   0.1221   0.0721   0.0819   0.2003   0.1284   0.1208   1.0000   0.0740   0.0935   0.1202   0.1924   0.1181   0.0858   0.1053   0.1241   0.1395   0.0979   0.1088   0.1512   0.0669   0.1285   0.0892
SIM36L2  0.1246  0.1152  0.1000  0.0654  0.1816  0.1484  0.1901  0.1008  0.1126  0.1008   0.0680   0.1223   0.0752   0.1471   0.0793   0.1145   0.1532   0.0707   0.0990   0.1085   0.0995   0.1185   0.1620   0.1237   0.1063   0.1185   0.0832   0.0855   0.1651   0.1149   0.0756   0.0726   0.1045   0.0923   0.1502   0.0740   1.0000   0.1072   0.1456   0.0982   0.1399   0.1533   0.0991   0.1441   0.1421   0.0881   0.1558   0.1629   0.1573   0.1339   0.1253
SIM37L2  0.0900  0.0679  0.1023  0.0838  0.1386  0.0811  0.1440  0.1399  0.1295  0.1474   0.0524   0.1079   0.1811   0.1411   0.0724   0.0434   0.1562   0.1023   0.1107   0.0904   0.0977   0.0818   0.0499   0.1130   0.0837   0.1020   0.0715   0.0835   0.1185   0.1065   0.1785   0.0640   0.1123   0.0816   0.0893   0.0935   0.1072   1.0000   0.1256   0.0985   0.0706   0.1280   0.0833   0.0671   0.1220   0.1665   0.1287   0.1280   0.1139   0.1030   0.0546
SIM38L2  0.1155  0.1430  0.0809  0.1171  0.0927  0.1168  0.1164  0.2130  0.1058  0.1061   0.1247   0.0974   0.0984   0.1140   0.0656   0.0693   0.1268   0.1062   0.1405   0.1335   0.1362   0.1494   0.1244   0.1397   0.1316   0.1583   0.0657   0.1353   0.2261   0.0982   0.1406   0.0904   0.1552   0.0977   0.1214   0.1202   0.1456   0.1256   1.0000   0.1609   0.1255   0.1377   0.2152   0.0801   0.1193   0.0953   0.1109   0.1137   0.1353   0.1237   0.1499
SIM39L2  0.1357  0.1691  0.1633  0.1719  0.1315  0.0908  0.0991  0.1113  0.0893  0.1585   0.1330   0.1143   0.2203   0.0694   0.1208   0.1426   0.0950   0.1106   0.1162   0.1434   0.1249   0.1173   0.0752   0.1657   0.1798   0.1538   0.0554   0.1598   0.0653   0.1160   0.0628   0.0965   0.1077   0.1254   0.1352   0.1924   0.0982   0.0985   0.1609   1.0000   0.1092   0.1283   0.1017   0.0753   0.1152   0.1613   0.1483   0.0913   0.1804   0.1656   0.1119
SIM40L2  0.1290  0.0615  0.1339  0.0779  0.1252  0.1306  0.1477  0.0769  0.0874  0.0787   0.1183   0.1430   0.1038   0.0544   0.1440   0.1084   0.1154   0.1238   0.1444   0.1081   0.0907   0.1564   0.1017   0.0648   0.1503   0.1363   0.0302   0.1063   0.1138   0.1183   0.0781   0.1023   0.1141   0.1809   0.1726   0.1181   0.1399   0.0706   0.1255   0.1092   1.0000   0.0960   0.0949   0.0989   0.1558   0.0973   0.1288   0.0948   0.1136   0.1034   0.1200
SIM41L2  0.0930  0.1562  0.1429  0.0995  0.1262  0.1250  0.1917  0.1159  0.2168  0.1324   0.1214   0.0721   0.0874   0.1094   0.1581   0.1199   0.1158   0.0461   0.1440   0.1334   0.1119   0.0646   0.1146   0.2224   0.0648   0.1165   0.0242   0.1305   0.1110   0.1856   0.1590   0.0821   0.0949   0.1067   0.1203   0.0858   0.1533   0.1280   0.1377   0.1283   0.0960   1.0000   0.1028   0.0813   0.1316   0.1216   0.1416   0.0746   0.1557   0.1000   0.1685
SIM42L2  0.1055  0.0752  0.0733  0.0787  0.0798  0.1012  0.0922  0.1655  0.1186  0.0760   0.0854   0.1253   0.1042   0.0939   0.0668   0.0844   0.1005   0.1694   0.0941   0.1022   0.1063   0.1086   0.0594   0.0824   0.0787   0.1005   0.0576   0.0906   0.0784   0.0718   0.1133   0.0528   0.1175   0.1032   0.1233   0.1053   0.0991   0.0833   0.2152   0.1017   0.0949   0.1028   1.0000   0.1038   0.1305   0.1125   0.1018   0.0704   0.1016   0.1022   0.1151
SIM43L2  0.1089  0.1105  0.1008  0.1387  0.1351  0.1182  0.1364  0.1185  0.0969  0.0811   0.1528   0.1322   0.0581   0.0979   0.1836   0.2001   0.1028   0.1505   0.1239   0.0942   0.1692   0.1657   0.1204   0.0702   0.0832   0.1270   0.1300   0.1498   0.1671   0.0806   0.0884   0.1831   0.0815   0.1308   0.1070   0.1241   0.1441   0.0671   0.0801   0.0753   0.0989   0.0813   0.1038   1.0000   0.1146   0.0772   0.1446   0.1189   0.1495   0.1666   0.0844
SIM44L2  0.1116  0.0810  0.1328  0.1091  0.1567  0.1376  0.1237  0.1089  0.1447  0.1047   0.1325   0.0871   0.1450   0.0742   0.1301   0.1520   0.1152   0.1488   0.1319   0.0887   0.1227   0.1453   0.1349   0.0713   0.0681   0.1382   0.0831   0.0869   0.1223   0.1035   0.0942   0.1009   0.1205   0.1539   0.0721   0.1395   0.1421   0.1220   0.1193   0.1152   0.1558   0.1316   0.1305   0.1146   1.0000   0.1168   0.1820   0.1231   0.1091   0.1267   0.0857
SIM45L2  0.1279  0.1451  0.1278  0.1729  0.0961  0.1424  0.1509  0.1061  0.1332  0.1945   0.1018   0.0934   0.1137   0.1158   0.0983   0.1846   0.1052   0.0808   0.1216   0.1469   0.0884   0.1277   0.0535   0.1428   0.1361   0.1643   0.0815   0.1103   0.1128   0.1598   0.1096   0.0559   0.1572   0.1076   0.1020   0.0979   0.0881   0.1665   0.0953   0.1613   0.0973   0.1216   0.1125   0.0772   0.1168   1.0000   0.1628   0.0995   0.1058   0.1207   0.0823
SIM46L2  0.1021  0.0868  0.1651  0.1340  0.1650  0.0995  0.1378  0.1078  0.1219  0.0922   0.1469   0.1463   0.1361   0.1422   0.0728   0.1201   0.1121   0.0644   0.1247   0.1147   0.1141   0.1573   0.0996   0.1294   0.0882   0.1085   0.0936   0.0987   0.1041   0.1684   0.0821   0.1141   0.1378   0.0985   0.0694   0.1088   0.1558   0.1287   0.1109   0.1483   0.1288   0.1416   0.1018   0.1446   0.1820   0.1628   1.0000   0.0781   0.1875   0.1061   0.0877
SIM47L2  0.1174  0.0969  0.1102  0.0869  0.1747  0.1844  0.1656  0.0617  0.1237  0.1020   0.1341   0.0725   0.1013   0.1419   0.1266   0.1421   0.1963   0.1135   0.0534   0.1375   0.1093   0.1118   0.0884   0.1232   0.0838   0.1425   0.0592   0.1244   0.1958   0.1681   0.0473   0.0677   0.1392   0.0834   0.0755   0.1512   0.1629   0.1280   0.1137   0.0913   0.0948   0.0746   0.0704   0.1189   0.1231   0.0995   0.0781   1.0000   0.0856   0.1336   0.1197
SIM48L2  0.1501  0.1327  0.1091  0.1351  0.1277  0.1222  0.2134  0.1857  0.1522  0.1244   0.1239   0.1140   0.0544   0.1646   0.0942   0.1692   0.1349   0.0714   0.1289   0.1577   0.1765   0.1678   0.0806   0.1468   0.0623   0.1014   0.0622   0.1266   0.1124   0.1085   0.0743   0.0912   0.1095   0.1089   0.1123   0.0669   0.1573   0.1139   0.1353   0.1804   0.1136   0.1557   0.1016   0.1495   0.1091   0.1058   0.1875   0.0856   1.0000   0.1470   0.1032
SIM49L2  0.1209  0.1422  0.1272  0.0932  0.1960  0.0890  0.1121  0.1126  0.1426  0.1397   0.1310   0.0851   0.1674   0.1309   0.1804   0.2356   0.0821   0.0650   0.0917   0.1380   0.1376   0.1877   0.0879   0.1411   0.0800   0.1436   0.0852   0.2195   0.1084   0.1223   0.1278   0.0725   0.1348   0.1523   0.1356   0.1285   0.1339   0.1030   0.1237   0.1656   0.1034   0.1000   0.1022   0.1666   0.1267   0.1207   0.1061   0.1336   0.1470   1.0000   0.1029
SIM50L2  0.1178  0.1347  0.1044  0.0865  0.0898  0.1402  0.1724  0.0612  0.1613  0.1262   0.0747   0.0503   0.0549   0.0530   0.1258   0.0327   0.0451   0.0741   0.2009   0.1836   0.0707   0.0714   0.1382   0.1712   0.1200   0.1042   0.0559   0.0678   0.1262   0.1707   0.0645   0.0751   0.1054   0.0970   0.1720   0.0892   0.1253   0.0546   0.1499   0.1119   0.1200   0.1685   0.1151   0.0844   0.0857   0.0823   0.0877   0.1197   0.1032   0.1029   1.0000

LD Score Matrix Condition Number
4.5037

Annotation Correlation Matrix
         SIM1    SIM2    SIM3    SIM4    SIM5    SIM6    SIM7    SIM8    SIM9   SIM10   SIM11   SIM12   SIM13   SIM14   SIM15   SIM16   SIM17   SIM18   SIM19   SIM20   SIM21   SIM22   SIM23   SIM24   SIM25   SIM26   SIM27   SIM28   SIM29   SIM30   SIM31   SIM32   SIM33   SIM34   SIM35   SIM36   SIM37   SIM38   SIM39   SIM40   SIM41   SIM42   SIM43   SIM44   SIM45   SIM46   SIM47   SIM48   SIM49   SIM50
SIM1   1.0000  0.0090  0.0301  0.0087  0.0237  0.0122  0.0089  0.0148  0.0111  0.0142  0.0053  0.0146  0.0153  0.0181  0.0179  0.0081  0.0236  0.0202  0.0118  0.0026  0.0153  0.0024  0.0085  0.0022  0.0116  0.0056  0.0145  0.0116  0.0174  0.0113  0.0120  0.0055  0.0123  0.0083  0.0058  0.0155  0.0143  0.0246  0.0114  0.0088  0.0278  0.0089  0.0144  0.0051  0.0149  0.0168  0.0116  0.0116  0.0211  0.0120
SIM2   0.0090  1.0000  0.0090  0.0227  0.0286  0.0027  0.0198  0.0224  0.0150  0.0184  0.0155  0.0221  0.0095  0.0126  0.0158  0.0086  0.0089  0.0151  0.0126  0.0244  0.0129  0.0166  0.0157  0.0190  0.0191  0.0198  0.0057  0.0058  0.0121  0.0250  0.0060  0.0160  0.0166  0.0252  0.0203  0.0130  0.0056  0.0093  0.0122  0.0094  0.0059  0.0061  0.0121  0.0120  0.0092  0.0179  0.0091  0.0091  0.0091  0.0197
SIM3   0.0301  0.0090  1.0000  0.0119  0.0176  0.0155  0.0187  0.0117  0.0141  0.0082  0.0176  0.0177  0.0121  0.0149  0.0117  0.0081  0.0083  0.0112  0.0087  0.0060  0.0250  0.0024  0.0241  0.0116  0.0023  0.0121  0.0208  0.0179  0.0205  0.0083  0.0056  0.0310  0.0090  0.0237  0.0058  0.0155  0.0235  0.0055  0.0237  0.0153  0.0151  0.0187  0.0206  0.0264  0.0149  0.0109  0.0148  0.0210  0.0148  0.0153
SIM4   0.0087  0.0227  0.0119  1.0000  0.0150  0.0126  0.0025  0.0184  0.0145  0.0147  0.0149  0.0182  0.0258  0.0121  0.0152  0.0083  0.0086  0.0177  0.0252  0.0062  0.0124  0.0025  0.0120  0.0055  0.0088  0.0025  0.0150  0.0183  0.0116  0.0116  0.0190  0.0089  0.0059  0.0117  0.0094  0.0193  0.0085  0.0155  0.0149  0.0124  0.0090  0.0126  0.0086  0.0146  0.0153  0.0082  0.0248  0.0184  0.0152  0.0058
SIM5   0.0237  0.0286  0.0176  0.0150  1.0000  0.0122  0.0153  0.0085  0.0200  0.0142  0.0206  0.0145  0.0121  0.0117  0.0116  0.0259  0.0144  0.0231  0.0118  0.0026  0.0120  0.0024  0.0271  0.0177  0.0054  0.0120  0.0083  0.0084  0.0052  0.0204  0.0215  0.0118  0.0253  0.0113  0.0091  0.0122  0.0112  0.0118  0.0174  0.0023  0.0118  0.0024  0.0205  0.0232  0.0148  0.0049  0.0147  0.0209  0.0147  0.0120
SIM6   0.0122  0.0027  0.0155  0.0126  0.0122  1.0000  0.0095  0.0025  0.0149  0.0119  0.0089  0.0187  0.0265  0.0092  0.0190  0.0244  0.0218  0.0150  0.0159  0.0171  0.0060  0.0061  0.0090  0.0189  0.0025  0.0094  0.0154  0.0090  0.0313  0.0152  0.0161  0.0159  0.0027  0.0251  0.0097  0.0198  0.0152  0.0193  0.0186  0.0094  0.0126  0.0129 -0.0008  0.0183  0.0158  0.0084  0.0124  0.0057  0.0157  0.0128
SIM7   0.0089  0.0198  0.0187  0.0025  0.0153  0.0095  1.0000  0.0025  0.0243  0.0087  0.0121  0.0089  0.0094  0.0091  0.0156  0.0211  0.0185  0.0055  0.0158  0.0170  0.0060  0.0198  0.0286  0.0024  0.0057  0.0195  0.0218  0.0090  0.0087  0.0215  0.0026  0.0025  0.0130  0.0088  0.0131  0.0197  0.0151  0.0092  0.0152  0.0093  0.0025  0.0197  0.0024  0.0055  0.0091  0.0239  0.0057  0.0221  0.0189  0.0026
SIM8   0.0148  0.0224  0.0117  0.0184  0.0085  0.0025  0.0025  1.0000  0.0112  0.0144  0.0178  0.0054  0.0188  0.0151  0.0213  0.0112  0.0208  0.0204  0.0056  0.0095  0.0090  0.0091  0.0086  0.0117  0.0086  0.0155  0.0116  0.0086  0.0238  0.0084  0.0187  0.0184  0.0224  0.0084  0.0160  0.0091  0.0053  0.0217  0.0115  0.0154  0.0056  0.0156  0.0084  0.0205  0.0151  0.0110  0.0086  0.0212  0.0118  0.0154
SIM9   0.0111  0.0150  0.0141  0.0145  0.0200  0.0149  0.0243  0.0112  1.0000  0.0137  0.0229  0.0201  0.0148  0.0113  0.0143  0.0135  0.0199  0.0107  0.0083  0.0189  0.0179  0.0150  0.0202  0.0172  0.0173  0.0242  0.0081  0.0112  0.0109  0.0079  0.0116  0.0176  0.0150  0.0050  0.0056  0.0181  0.0315  0.0084  0.0199  0.0053  0.0331  0.0181  0.0139  0.0137  0.0235  0.0133  0.0142  0.0172  0.0204  0.0209
SIM10  0.0142  0.0184  0.0082  0.0147  0.0142  0.0119  0.0087  0.0144  0.0137  1.0000  0.0172  0.0112  0.0213  0.0084  0.0205  0.0254  0.0141  0.0109  0.0084  0.0125  0.0181  0.0088  0.0235  0.0235  0.0205  0.0086  0.0082  0.0052  0.0110 -0.0009  0.0243  0.0115  0.0184  0.0081  0.0089  0.0247  0.0110  0.0209  0.0141  0.0086  0.0209  0.0183  0.0081  0.0168  0.0207  0.0250  0.0113  0.0144  0.0114  0.0117
SIM11  0.0053  0.0155  0.0176  0.0149  0.0206  0.0089  0.0121  0.0178  0.0229  0.0172  1.0000  0.0084  0.0088  0.0180  0.0178  0.0259  0.0083  0.0141  0.0054  0.0161  0.0152  0.0154  0.0177  0.0084  0.0178  0.0185  0.0052  0.0115  0.0112  0.0143  0.0151  0.0118  0.0155  0.0144  0.0157  0.0154  0.0203  0.0371  0.0235  0.0151  0.0182 -0.0008  0.0113  0.0081  0.0148  0.0255  0.0178  0.0146  0.0085  0.0151
SIM12  0.0146  0.0221  0.0177  0.0182  0.0145  0.0187  0.0089  0.0054  0.0201  0.0112  0.0084  1.0000  0.0056  0.0181  0.0117  0.0200  0.0175  0.0142  0.0150  0.0094  0.0088  0.0057  0.0210  0.0147  0.0054  0.0153  0.0269  0.0116  0.0083  0.0113  0.0152  0.0150  0.0123  0.0206  0.0191  0.0122  0.0204  0.0055  0.0237  0.0152  0.0119  0.0122  0.0083  0.0203  0.0117  0.0079  0.0241  0.0054  0.0117  0.0185
SIM13  0.0153  0.0095  0.0121  0.0258  0.0121  0.0265  0.0094  0.0188  0.0148  0.0213  0.0088  0.0056  1.0000  0.0190  0.0156  0.0085  0.0184  0.0149  0.0158  0.0134  0.0161  0.0061  0.0090  0.0122  0.0057  0.0127  0.0121  0.0187  0.0087  0.0087  0.0026  0.0258  0.0061  0.0217  0.0131  0.0197  0.0151  0.0025  0.0056  0.0026  0.0225  0.0094  0.0280  0.0118  0.0124  0.0115  0.0155  0.0155  0.0189  0.0093
SIM14  0.0181  0.0126  0.0149  0.0121  0.0117  0.0092  0.0091  0.0151  0.0113  0.0084  0.0180  0.0181  0.0190  1.0000  0.0087  0.0235  0.0179  0.0083  0.0250  0.0096  0.0123  0.0059  0.0182  0.0150  0.0087  0.0124  0.0180  0.0309  0.0209  0.0209  0.0188  0.0154  0.0159  0.0148  0.0195  0.0125  0.0240  0.0056  0.0085  0.0188  0.0219  0.0091  0.0022  0.0207  0.0120  0.0201  0.0151  0.0087  0.0087  0.0123
SIM15  0.0179  0.0158  0.0117  0.0152  0.0116  0.0190  0.0156  0.0213  0.0143  0.0205  0.0178  0.0117  0.0156  0.0087  1.0000  0.0173  0.0115  0.0113  0.0152  0.0232  0.0188  0.0157  0.0118  0.0086  0.0086  0.0090  0.0022  0.0244  0.0176  0.0115  0.0154  0.0281  0.0091  0.0084  0.0059  0.0124  0.0084  0.0185  0.0053  0.0089  0.0120  0.0288  0.0239  0.0236  0.0055  0.0140  0.0023  0.0181  0.0277  0.0089
SIM16  0.0081  0.0086  0.0081  0.0083  0.0259  0.0244  0.0211  0.0112  0.0135  0.0254  0.0259  0.0200  0.0085  0.0235  0.0173  1.0000  0.0139  0.0078  0.0144  0.0123  0.0116 -0.0009  0.0112  0.0142  0.0142  0.0116  0.0200  0.0202  0.0138  0.0138  0.0022  0.0114  0.0087  0.0021  0.0120  0.0181  0.0256  0.0083  0.0139  0.0115  0.0176  0.0212  0.0168  0.0254  0.0082  0.0162  0.0233  0.0172  0.0143  0.0271
SIM17  0.0236  0.0089  0.0083  0.0086  0.0144  0.0218  0.0185  0.0208  0.0199  0.0141  0.0083  0.0175  0.0184  0.0179  0.0115  0.0139  1.0000  0.0170  0.0211  0.0261  0.0055  0.0089  0.0115  0.0146  0.0240  0.0216  0.0205  0.0177  0.0051  0.0203  0.0310  0.0086  0.0154  0.0052  0.0123  0.0121  0.0142  0.0275  0.0082  0.0151  0.0181  0.0218  0.0143  0.0051  0.0179  0.0108  0.0177  0.0053  0.0084  0.0023
SIM18  0.0202  0.0151  0.0112  0.0177  0.0231  0.0150  0.0055  0.0204  0.0107  0.0109  0.0141  0.0142  0.0149  0.0083  0.0113  0.0078  0.0170  1.0000  0.0238  0.0124  0.0274  0.0215  0.0143  0.0112  0.0143  0.0086  0.0111  0.0173  0.0050  0.0050  0.0054  0.0300  0.0023  0.0230  0.0186  0.0023  0.0109  0.0022  0.0230  0.0148  0.0177  0.0055  0.0259  0.0138  0.0267  0.0105  0.0143  0.0143  0.0144  0.0211
SIM19  0.0118  0.0126  0.0087  0.0252  0.0118  0.0159  0.0158  0.0056  0.0083  0.0084  0.0054  0.0150  0.0158  0.0250  0.0152  0.0144  0.0211  0.0238  1.0000  0.0062  0.0190  0.0227  0.0183  0.0183  0.0056  0.0124  0.0118 -0.0009  0.0085  0.0179  0.0123  0.0122  0.0160  0.0180  0.0060  0.0159  0.0178  0.0187  0.0149  0.0123  0.0090  0.0259  0.0211  0.0115  0.0121  0.0082  0.0056  0.0215  0.0120  0.0124
SIM20  0.0026  0.0244  0.0060  0.0062  0.0026  0.0171  0.0170  0.0095  0.0189  0.0125  0.0161  0.0094  0.0134  0.0096  0.0232  0.0123  0.0261  0.0124  0.0062  1.0000  0.0134  0.0280  0.0163  0.0094  0.0061  0.0134  0.0060  0.0026  0.0192  0.0059  0.0098  0.0097  0.0100  0.0194  0.0138  0.0064  0.0092  0.0097  0.0160  0.0239  0.0202  0.0028  0.0093  0.0058  0.0061  0.0089  0.0266  0.0300  0.0130  0.0169
SIM21  0.0153  0.0129  0.0250  0.0124  0.0120  0.0060  0.0060  0.0090  0.0179  0.0181  0.0152  0.0088  0.0161  0.0123  0.0188  0.0116  0.0055  0.0274  0.0190  0.0134  1.0000  0.0231  0.0122  0.0219  0.0286  0.0194  0.0281  0.0187  0.0087  0.0151  0.0092  0.0290  0.0232  0.0312  0.0200  0.0196  0.0150  0.0191  0.0055  0.0126  0.0125  0.0128  0.0151  0.0149  0.0255  0.0207  0.0122  0.0154  0.0123  0.0193
SIM22  0.0024  0.0166  0.0024  0.0025  0.0024  0.0061  0.0198  0.0091  0.0150  0.0088  0.0154  0.0057  0.0061  0.0059  0.0157 -0.0009  0.0089  0.0215  0.0227  0.0280  0.0231  1.0000  0.0124  0.0255  0.0157  0.0060  0.0188  0.0058  0.0185  0.0153  0.0094  0.0025  0.0305  0.0154  0.0062  0.0165  0.0120  0.0126  0.0154  0.0094  0.0160  0.0061  0.0154  0.0151  0.0158  0.0272  0.0256  0.0190  0.0158  0.0026
SIM23  0.0085  0.0157  0.0241  0.0120  0.0271  0.0090  0.0286  0.0086  0.0202  0.0235  0.0177  0.0210  0.0090  0.0182  0.0118  0.0112  0.0115  0.0143  0.0183  0.0163  0.0122  0.0124  1.0000  0.0086  0.0086  0.0187  0.0053  0.0148  0.0145  0.0237  0.0154  0.0152  0.0091  0.0301  0.0159  0.0057  0.0145  0.0184  0.0053  0.0121  0.0056  0.0189  0.0146  0.0143  0.0150  0.0080  0.0086  0.0180  0.0086  0.0121
SIM24  0.0022  0.0190  0.0116  0.0055  0.0177  0.0189  0.0024  0.0117  0.0172  0.0235  0.0084  0.0147  0.0122  0.0150  0.0086  0.0142  0.0146  0.0112  0.0183  0.0094  0.0219  0.0255  0.0086  1.0000  0.0180  0.0089  0.0084  0.0148  0.0083  0.0114  0.0089  0.0183  0.0124  0.0208  0.0059  0.0090  0.0083  0.0120  0.0238  0.0250  0.0088  0.0024  0.0145  0.0113  0.0182  0.0169  0.0180  0.0148  0.0054  0.0251
SIM25  0.0116  0.0191  0.0023  0.0088  0.0054  0.0025  0.0057  0.0086  0.0173  0.0205  0.0178  0.0054  0.0057  0.0087  0.0086  0.0142  0.0240  0.0143  0.0056  0.0061  0.0286  0.0157  0.0086  0.0180  1.0000  0.0090  0.0179  0.0054  0.0084  0.0176  0.0057  0.0024  0.0158  0.0053  0.0126  0.0223  0.0114  0.0088  0.0146  0.0122  0.0217  0.0222  0.0177  0.0236  0.0119  0.0080  0.0181  0.0054  0.0055  0.0187
