*********************************************************************
* LD Score Regression (LDSC)
* Version 1.0.1
* (C) 2014-2019 Brendan Bulik-Sullivan and Hilary Finucane
* Broad Institute of MIT and Harvard / MIT Department of Mathematics
* GNU General Public License v3
*********************************************************************
Call: 
./ldsc.py \
--out /data/sbcs/GuoLab/backup/liq17/CRC_TF_TWAS_zhishan2024/NC_revision_OceanCode/v2_NC_revision//84Tracks//ldscores_sim10000//14 \
--bfile /data/sbcs/GuoLab/backup/liq17/ref/Alkesgroup/1000G_EUR_Phase3_plink_hg38/1000G.EUR.QC.14 \
--annot /data/sbcs/GuoLab/backup/liq17/CRC_TF_TWAS_zhishan2024/NC_revision_OceanCode/v2_NC_revision//84Tracks//annots_sim10000//14.annot.txt \
--l2  \
--ld-wind-kb 100.0 

Beginning analysis at Mon Oct 27 00:20:35 2025
Read list of 323965 SNPs from /data/sbcs/GuoLab/backup/liq17/ref/Alkesgroup/1000G_EUR_Phase3_plink_hg38/1000G.EUR.QC.14.bim
Read 50 annotations for 323965 SNPs from /data/sbcs/GuoLab/backup/liq17/CRC_TF_TWAS_zhishan2024/NC_revision_OceanCode/v2_NC_revision//84Tracks//annots_sim10000//14.annot.txt
Read list of 489 individuals from /data/sbcs/GuoLab/backup/liq17/ref/Alkesgroup/1000G_EUR_Phase3_plink_hg38/1000G.EUR.QC.14.fam
Reading genotypes from /data/sbcs/GuoLab/backup/liq17/ref/Alkesgroup/1000G_EUR_Phase3_plink_hg38/1000G.EUR.QC.14.bed
Estimating LD Score.
Writing LD Scores for 323965 SNPs to /data/sbcs/GuoLab/backup/liq17/CRC_TF_TWAS_zhishan2024/NC_revision_OceanCode/v2_NC_revision//84Tracks//ldscores_sim10000//14.l2.ldscore.gz

Summary of LD Scores in /data/sbcs/GuoLab/backup/liq17/CRC_TF_TWAS_zhishan2024/NC_revision_OceanCode/v2_NC_revision//84Tracks//ldscores_sim10000//14.l2.ldscore.gz
         MAF  SIM1L2  SIM2L2  SIM3L2  SIM4L2  SIM5L2  SIM6L2  SIM7L2  SIM8L2  SIM9L2  SIM10L2  SIM11L2  SIM12L2  SIM13L2  SIM14L2  SIM15L2  SIM16L2  SIM17L2  SIM18L2  SIM19L2  SIM20L2  SIM21L2  SIM22L2  SIM23L2  SIM24L2  SIM25L2  SIM26L2  SIM27L2  SIM28L2  SIM29L2  SIM30L2  SIM31L2  SIM32L2  SIM33L2  SIM34L2  SIM35L2  SIM36L2  SIM37L2  SIM38L2  SIM39L2  SIM40L2  SIM41L2  SIM42L2  SIM43L2  SIM44L2  SIM45L2  SIM46L2  SIM47L2  SIM48L2  SIM49L2  SIM50L2
mean  0.1438  0.0546  0.0531  0.0570  0.0521  0.0465  0.0517  0.0571  0.0563  0.0556   0.0526   0.0509   0.0498   0.0557   0.0600   0.0492   0.0577   0.0471   0.0609   0.0468   0.0507   0.0516   0.0524   0.0507   0.0537   0.0539   0.0522   0.0543   0.0498   0.0466   0.0522   0.0437   0.0446   0.0581   0.0430   0.0563   0.0598   0.0507   0.0485   0.0531   0.0544   0.0507   0.0508   0.0523   0.0511   0.0564   0.0502   0.0478   0.0547   0.0519   0.0478
std   0.1465  0.1848  0.1953  0.1939  0.1882  0.1721  0.1760  0.1920  0.2031  0.1923   0.1785   0.1877   0.1880   0.2080   0.2008   0.1721   0.2061   0.1712   0.2081   0.1724   0.1837   0.1832   0.1856   0.1793   0.1977   0.1825   0.1776   0.1844   0.1816   0.1707   0.1940   0.1591   0.1655   0.2021   0.1609   0.1915   0.2006   0.1818   0.1747   0.1933   0.1871   0.1759   0.1743   0.1894   0.1814   0.1952   0.1767   0.1712   0.1864   0.1779   0.1787
min   0.0051 -0.0096 -0.0094 -0.0096 -0.0133 -0.0084 -0.0124 -0.0141 -0.0091 -0.0089  -0.0093  -0.0094  -0.0088  -0.0098  -0.0126  -0.0108  -0.0095  -0.0111  -0.0092  -0.0084  -0.0110  -0.0094  -0.0113  -0.0115  -0.0079  -0.0080  -0.0096  -0.0109  -0.0093  -0.0118  -0.0106  -0.0105  -0.0092  -0.0113  -0.0088  -0.0119  -0.0105  -0.0076  -0.0076  -0.0094  -0.0097  -0.0095  -0.0094  -0.0102  -0.0089  -0.0088  -0.0088  -0.0098  -0.0115  -0.0080  -0.0119
25%   0.0184  0.0000  0.0000  0.0000  0.0000  0.0000  0.0000  0.0000  0.0000  0.0000   0.0000   0.0000   0.0000   0.0000   0.0000   0.0000   0.0000   0.0000   0.0000   0.0000   0.0000   0.0000   0.0000   0.0000   0.0000   0.0000   0.0000   0.0000   0.0000   0.0000   0.0000   0.0000   0.0000   0.0000   0.0000   0.0000   0.0000   0.0000   0.0000   0.0000   0.0000   0.0000   0.0000   0.0000   0.0000   0.0000   0.0000   0.0000   0.0000   0.0000   0.0000
50%   0.0828  0.0000  0.0000  0.0000  0.0000  0.0000  0.0000  0.0000  0.0000  0.0000   0.0000   0.0000   0.0000   0.0000   0.0000   0.0000   0.0000   0.0000   0.0000   0.0000   0.0000   0.0000   0.0000   0.0000   0.0000   0.0000   0.0000   0.0000   0.0000   0.0000   0.0000   0.0000   0.0000   0.0000   0.0000   0.0000   0.0000   0.0000   0.0000   0.0000   0.0000   0.0000   0.0000   0.0000   0.0000   0.0000   0.0000   0.0000   0.0000   0.0000   0.0000
75%   0.2434  0.0065  0.0066  0.0073  0.0058  0.0053  0.0075  0.0086  0.0067  0.0069   0.0080   0.0048   0.0054   0.0062   0.0103   0.0062   0.0087   0.0059   0.0088   0.0043   0.0052   0.0046   0.0064   0.0065   0.0052   0.0092   0.0087   0.0069   0.0045   0.0043   0.0054   0.0053   0.0040   0.0072   0.0039   0.0083   0.0082   0.0055   0.0055   0.0054   0.0074   0.0063   0.0063   0.0056   0.0061   0.0076   0.0049   0.0041   0.0074   0.0074   0.0054
max   0.5000  2.0814  2.7673  1.9965  2.8855  2.1007  1.8942  2.7379  2.7644  3.0905   2.0033   2.2984   3.0000   2.9988   2.2158   2.4752   2.9797   2.1118   2.9845   2.0065   2.0069   2.3356   2.1636   2.1559   2.4401   1.9317   2.0049   2.8590   2.0086   2.0141   2.7231   2.0000   1.9454   2.0696   1.9341   2.8812   2.1940   2.0303   2.2132   2.2408   2.0917   2.0905   1.9249   2.5561   2.2782   2.3378   2.1215   2.0347   2.6594   2.0162   2.1160

MAF/LD Score Correlation Matrix
            MAF  SIM1L2  SIM2L2  SIM3L2  SIM4L2  SIM5L2  SIM6L2  SIM7L2  SIM8L2  SIM9L2  SIM10L2  SIM11L2  SIM12L2  SIM13L2  SIM14L2  SIM15L2  SIM16L2  SIM17L2  SIM18L2  SIM19L2  SIM20L2  SIM21L2  SIM22L2  SIM23L2  SIM24L2  SIM25L2  SIM26L2  SIM27L2  SIM28L2  SIM29L2  SIM30L2  SIM31L2  SIM32L2  SIM33L2  SIM34L2  SIM35L2  SIM36L2  SIM37L2  SIM38L2  SIM39L2  SIM40L2  SIM41L2  SIM42L2  SIM43L2  SIM44L2  SIM45L2  SIM46L2  SIM47L2  SIM48L2  SIM49L2  SIM50L2
MAF      1.0000  0.1255  0.0756  0.1075  0.0803  0.0935  0.1467  0.1182  0.1113  0.1385   0.1314   0.0875   0.0747   0.0745   0.0970   0.0837   0.0773   0.1146   0.1447   0.1002   0.0888   0.1027   0.0931   0.1165   0.0863   0.1226   0.1026   0.1231   0.1378   0.0573   0.1019   0.0926   0.1219   0.0956   0.1237   0.1357   0.1403   0.0950   0.0724   0.1170   0.1323   0.0912   0.0687   0.0747   0.0747   0.0887   0.0875   0.1245   0.0837   0.1176   0.0807
SIM1L2   0.1255  1.0000  0.0953  0.1407  0.2258  0.0514  0.1404  0.0944  0.2050  0.1931   0.1125   0.1465   0.1321   0.1357   0.1222   0.1304   0.1085   0.1285   0.1415   0.1176   0.0976   0.1093   0.1144   0.1296   0.1173   0.1923   0.1296   0.1393   0.1399   0.0914   0.1020   0.1096   0.0879   0.1959   0.1251   0.1380   0.1265   0.1480   0.1280   0.1405   0.1004   0.0990   0.1153   0.1874   0.2350   0.0830   0.1153   0.2821   0.1056   0.1209   0.0992
SIM2L2   0.0756  0.0953  1.0000  0.1249  0.1172  0.1162  0.1309  0.1243  0.1339  0.1481   0.0835   0.1097   0.1034   0.1261   0.2141   0.1674   0.1122   0.0887   0.1448   0.1379   0.0828   0.1009   0.1537   0.1415   0.0903   0.1704   0.1699   0.1302   0.1799   0.0931   0.0730   0.0470   0.0635   0.2029   0.0384   0.1091   0.0615   0.1046   0.0811   0.1380   0.1049   0.1731   0.1936   0.0900   0.1285   0.2522   0.1869   0.0849   0.1606   0.1718   0.1918
SIM3L2   0.1075  0.1407  0.1249  1.0000  0.1448  0.1427  0.1668  0.1844  0.1617  0.1466   0.0795   0.1445   0.0559   0.1509   0.1417   0.1765   0.1693   0.0915   0.1332   0.1644   0.1276   0.1493   0.1253   0.1192   0.1503   0.1295   0.1555   0.1627   0.1874   0.1077   0.1325   0.1334   0.1464   0.1861   0.1177   0.1729   0.1612   0.1623   0.0963   0.1374   0.1053   0.1964   0.1186   0.1481   0.1482   0.1235   0.0756   0.0752   0.1551   0.1320   0.1483
SIM4L2   0.0803  0.2258  0.1172  0.1448  1.0000  0.1310  0.0513  0.1370  0.1376  0.1113   0.0830   0.1273   0.1717   0.1831   0.1571   0.1297   0.1753   0.1089   0.0715   0.0929   0.0884   0.0894   0.0944   0.1091   0.0720   0.1277   0.1698   0.1578   0.1435   0.0865   0.0930   0.1358   0.1017   0.1423   0.1122   0.1281   0.0550   0.1434   0.0781   0.1834   0.1425   0.0927   0.1216   0.1767   0.1497   0.0461   0.1130   0.1785   0.1448   0.1038   0.0652
SIM5L2   0.0935  0.0514  0.1162  0.1427  0.1310  1.0000  0.1097  0.1180  0.1287  0.1196   0.1177   0.0565   0.0876   0.0901   0.1910   0.1153   0.0874   0.0842   0.0981   0.1291   0.1300   0.1177   0.1213   0.0771   0.1317   0.1063   0.1332   0.1280   0.0961   0.1588   0.1254   0.0985   0.0587   0.1184   0.1312   0.0740   0.1096   0.0855   0.0811   0.0741   0.0774   0.1475   0.0821   0.0605   0.0944   0.1180   0.1278   0.0696   0.1040   0.1321   0.1267
SIM6L2   0.1467  0.1404  0.1309  0.1668  0.0513  0.1097  1.0000  0.1385  0.1693  0.1474   0.1088   0.0803   0.0713   0.1030   0.1390   0.1181   0.1517   0.1424   0.1877   0.0968   0.1273   0.0907   0.1292   0.1282   0.1428   0.1291   0.0785   0.0928   0.1567   0.1207   0.1147   0.1274   0.0877   0.1779   0.1205   0.1724   0.1700   0.1187   0.1540   0.0885   0.1528   0.0702   0.1101   0.1195   0.1144   0.0846   0.0999   0.1224   0.1859   0.1380   0.1246
SIM7L2   0.1182  0.0944  0.1243  0.1844  0.1370  0.1180  0.1385  1.0000  0.0802  0.1543   0.0596   0.1172   0.0653   0.1298   0.1215   0.0939   0.1510   0.1254   0.1169   0.1300   0.1559   0.1586   0.1453   0.1423   0.1095   0.1247   0.1525   0.1212   0.1346   0.1132   0.0697   0.0927   0.1508   0.1801   0.1178   0.1306   0.1103   0.1007   0.1163   0.1333   0.1151   0.1604   0.1446   0.1091   0.1251   0.1237   0.0990   0.1075   0.1569   0.1113   0.1668
SIM8L2   0.1113  0.2050  0.1339  0.1617  0.1376  0.1287  0.1693  0.0802  1.0000  0.1818   0.1250   0.1551   0.0746   0.1574   0.1612   0.1243   0.0628   0.1397   0.1200   0.0722   0.0675   0.1381   0.1188   0.1001   0.1531   0.1700   0.1112   0.1054   0.1439   0.0839   0.1601   0.1047   0.1133   0.1328   0.1218   0.1518   0.1965   0.1273   0.1429   0.1343   0.0923   0.0924   0.1418   0.1953   0.1672   0.1403   0.1433   0.1468   0.1374   0.0995   0.1259
SIM9L2   0.1385  0.1931  0.1481  0.1466  0.1113  0.1196  0.1474  0.1543  0.1818  1.0000   0.1235   0.1691   0.0537   0.1351   0.0884   0.1684   0.0687   0.1305   0.0818   0.1051   0.1191   0.1191   0.1360   0.1487   0.1180   0.1535   0.0720   0.1266   0.1044   0.1539   0.1202   0.0554   0.0732   0.2215   0.1432   0.1572   0.1035   0.0839   0.0948   0.1038   0.0769   0.1628   0.1624   0.1363   0.1646   0.1699   0.1251   0.1467   0.1611   0.1495   0.1227
SIM10L2  0.1314  0.1125  0.0835  0.0795  0.0830  0.1177  0.1088  0.0596  0.1250  0.1235   1.0000   0.1614   0.0804   0.0823   0.0921   0.1020   0.0652   0.0893   0.1230   0.0974   0.0836   0.0655   0.0774   0.1251   0.0816   0.1011   0.1152   0.0892   0.1265   0.0912   0.1084   0.1058   0.0850   0.1116   0.1564   0.1149   0.1970   0.0630   0.0923   0.0335   0.0679   0.0843   0.1073   0.1120   0.0706   0.1161   0.0494   0.1068   0.1113   0.0635   0.0623
SIM11L2  0.0875  0.1465  0.1097  0.1445  0.1273  0.0565  0.0803  0.1172  0.1551  0.1691   0.1614   1.0000   0.0700   0.1861   0.1398   0.0907   0.1287   0.0838   0.1766   0.0770   0.0405   0.0897   0.1525   0.1763   0.1226   0.1627   0.0968   0.1589   0.1792   0.1170   0.1161   0.0760   0.0725   0.1239   0.1462   0.1638   0.2001   0.1104   0.1335   0.0826   0.1306   0.1197   0.1582   0.1733   0.1698   0.1394   0.0772   0.2057   0.1259   0.1296   0.1213
SIM12L2  0.0747  0.1321  0.1034  0.0559  0.1717  0.0876  0.0713  0.0653  0.0746  0.0537   0.0804   0.0700   1.0000   0.0648   0.0960   0.0536   0.0505   0.0983   0.1454   0.0543   0.0905   0.0257   0.1019   0.0804   0.1073   0.1022   0.0852   0.1133   0.0927   0.0239   0.0776   0.0670   0.0609   0.1094   0.1192   0.1177   0.0871   0.0784   0.0889   0.1097   0.1535   0.0837   0.1135   0.1079   0.0932   0.0477   0.0998   0.1174   0.0862   0.1184   0.0781
SIM13L2  0.0745  0.1357  0.1261  0.1509  0.1831  0.0901  0.1030  0.1298  0.1574  0.1351   0.0823   0.1861   0.0648   1.0000   0.1221   0.1509   0.0966   0.1722   0.1106   0.0684   0.0263   0.1096   0.0817   0.1113   0.1448   0.0684   0.0832   0.1928   0.1067   0.0747   0.0777   0.0716   0.1245   0.1177   0.1211   0.1622   0.1074   0.1189   0.0491   0.1237   0.1168   0.0864   0.0857   0.1271   0.1646   0.1737   0.1420   0.1454   0.1223   0.1242   0.1515
SIM14L2  0.0970  0.1222  0.2141  0.1417  0.1571  0.1910  0.1390  0.1215  0.1612  0.0884   0.0921   0.1398   0.0960   0.1221   1.0000   0.2072   0.1419   0.0826   0.1654   0.1556   0.1376   0.1422   0.1306   0.1352   0.1094   0.1973   0.1358   0.1259   0.1513   0.1117   0.1533   0.0780   0.1208   0.1827   0.1206   0.1101   0.1340   0.1993   0.0961   0.1180   0.1539   0.1585   0.1242   0.1803   0.1796   0.1612   0.1291   0.1821   0.1027   0.1161   0.1113
SIM15L2  0.0837  0.1304  0.1674  0.1765  0.1297  0.1153  0.1181  0.0939  0.1243  0.1684   0.1020   0.0907   0.0536   0.1509   0.2072   1.0000   0.0812   0.1141   0.1402   0.1049   0.0687   0.1136   0.1012   0.1213   0.1118   0.1070   0.0849   0.1629   0.1654   0.0920   0.1557   0.1071   0.1260   0.2093   0.0939   0.1238   0.1173   0.1587   0.0979   0.1323   0.1319   0.1811   0.1280   0.1569   0.1591   0.1685   0.0952   0.1638   0.1152   0.1035   0.1221
SIM16L2  0.0773  0.1085  0.1122  0.1693  0.1753  0.0874  0.1517  0.1510  0.0628  0.0687   0.0652   0.1287   0.0505   0.0966   0.1419   0.0812   1.0000   0.1036   0.1273   0.1314   0.1622   0.0886   0.1036   0.0900   0.0974   0.1522   0.1820   0.0888   0.1069   0.1032   0.0731   0.1183   0.1142   0.1155   0.1475   0.1940   0.1081   0.0901   0.1454   0.2250   0.1051   0.1169   0.1205   0.1035   0.1387   0.1434   0.1189   0.1222   0.1022   0.1442   0.1212
SIM17L2  0.1146  0.1285  0.0887  0.0915  0.1089  0.0842  0.1424  0.1254  0.1397  0.1305   0.0893   0.0838   0.0983   0.1722   0.0826   0.1141   0.1036   1.0000   0.1032   0.1123   0.0477   0.1202   0.1161   0.1084   0.0627   0.0988   0.0946   0.0726   0.0861   0.0871   0.0453   0.0775   0.0956   0.1299   0.1030   0.1037   0.1217   0.0337   0.0610   0.1332   0.1414   0.1174   0.0773   0.1340   0.1017   0.1000   0.0419   0.1021   0.0901   0.0812   0.1750
SIM18L2  0.1447  0.1415  0.1448  0.1332  0.0715  0.0981  0.1877  0.1169  0.1200  0.0818   0.1230   0.1766   0.1454   0.1106   0.1654   0.1402   0.1273   0.1032   1.0000   0.1281   0.1393   0.1061   0.1074   0.1796   0.1664   0.1830   0.1688   0.1064   0.2463   0.1035   0.1821   0.1120   0.1373   0.1854   0.1148   0.1885   0.1717   0.1836   0.2112   0.1362   0.1162   0.1470   0.1339   0.1657   0.1262   0.1355   0.0881   0.1337   0.1533   0.1683   0.0908
SIM19L2  0.1002  0.1176  0.1379  0.1644  0.0929  0.1291  0.0968  0.1300  0.0722  0.1051   0.0974   0.0770   0.0543   0.0684   0.1556   0.1049   0.1314   0.1123   0.1281   1.0000   0.0831   0.0621   0.1235   0.1572   0.0928   0.1073   0.1246   0.0900   0.0991   0.0828   0.1196   0.1442   0.1872   0.1067   0.0759   0.1047   0.0790   0.0911   0.0913   0.1370   0.1145   0.1714   0.0552   0.0782   0.1507   0.1307   0.0997   0.1001   0.0981   0.1621   0.0715
SIM20L2  0.0888  0.0976  0.0828  0.1276  0.0884  0.1300  0.1273  0.1559  0.0675  0.1191   0.0836   0.0405   0.0905   0.0263   0.1376   0.0687   0.1622   0.0477   0.1393   0.0831   1.0000   0.1298   0.0897   0.0877   0.0964   0.1313   0.1553   0.0902   0.0813   0.1075   0.0668   0.0943   0.0787   0.1082   0.1571   0.1217   0.0958   0.1029   0.1158   0.2304   0.0846   0.1501   0.0824   0.1168   0.1452   0.0995   0.0799   0.0404   0.0544   0.1196   0.1171
SIM21L2  0.1027  0.1093  0.1009  0.1493  0.0894  0.1177  0.0907  0.1586  0.1381  0.1191   0.0655   0.0897   0.0257   0.1096   0.1422   0.1136   0.0886   0.1202   0.1061   0.0621   0.1298   1.0000   0.0862   0.1158   0.1582   0.1136   0.1517   0.1532   0.0699   0.1011   0.1077   0.0850   0.1184   0.0765   0.1393   0.1048   0.1193   0.2112   0.1076   0.0701   0.0933   0.1455   0.1237   0.1250   0.1083   0.0307   0.1351   0.1029   0.1246   0.0620   0.1057
SIM22L2  0.0931  0.1144  0.1537  0.1253  0.0944  0.1213  0.1292  0.1453  0.1188  0.1360   0.0774   0.1525   0.1019   0.0817   0.1306   0.1012   0.1036   0.1161   0.1074   0.1235   0.0897   0.0862   1.0000   0.1244   0.0820   0.0989   0.0964   0.1604   0.1429   0.1098   0.0635   0.0952   0.0974   0.1459   0.1608   0.1319   0.1784   0.0781   0.1097   0.1055   0.0937   0.1309   0.1167   0.0678   0.1166   0.1844   0.0901   0.1096   0.1526   0.0914   0.1413
SIM23L2  0.1165  0.1296  0.1415  0.1192  0.1091  0.0771  0.1282  0.1423  0.1001  0.1487   0.1251   0.1763   0.0804   0.1113   0.1352   0.1213   0.0900   0.1084   0.1796   0.1572   0.0877   0.1158   0.1244   1.0000   0.1427   0.1222   0.0915   0.1986   0.1413   0.0944   0.1481   0.1059   0.1113   0.1601   0.0639   0.1128   0.1254   0.1195   0.1113   0.1018   0.0960   0.0860   0.1107   0.0986   0.1513   0.1277   0.0755   0.1224   0.1744   0.1275   0.1180
SIM24L2  0.0863  0.1173  0.0903  0.1503  0.0720  0.1317  0.1428  0.1095  0.1531  0.1180   0.0816   0.1226   0.1073   0.1448   0.1094   0.1118   0.0974   0.0627   0.1664   0.0928   0.0964   0.1582   0.0820   0.1427   1.0000   0.1826   0.0651   0.1047   0.1309   0.0914   0.1264   0.1307   0.1294   0.1368   0.1663   0.1390   0.1597   0.2176   0.1338   0.1240   0.0913   0.1307   0.1817   0.0795   0.1332   0.0957   0.0952   0.0811   0.1701   0.1448   0.0274
SIM25L2  0.1226  0.1923  0.1704  0.1295  0.1277  0.1063  0.1291  0.1247  0.1700  0.1535   0.1011   0.1627   0.1022   0.0684   0.1973   0.1070   0.1522   0.0988   0.1830   0.1073   0.1313   0.1136   0.0989   0.1222   0.1826   1.0000   0.1009   0.1643   0.1554   0.0913   0.1717   0.1027   0.1722   0.2035   0.1498   0.1469   0.1275   0.1969   0.1643   0.1572   0.1206   0.1672   0.2178   0.1370   0.1820   0.1089   0.1199   0.1715   0.1504   0.1309   0.0997
SIM26L2  0.1026  0.1296  0.1699  0.1555  0.1698  0.1332  0.0785  0.1525  0.1112  0.0720   0.1152   0.0968   0.0852   0.0832   0.1358   0.0849   0.1820   0.0946   0.1688   0.1246   0.1553   0.1517   0.0964   0.0915   0.0651   0.1009   1.0000   0.1061   0.1006   0.1019   0.0731   0.1520   0.1166   0.1056   0.1231   0.1311   0.0568   0.1178   0.0702   0.1953   0.0805   0.1351   0.0798   0.1529   0.1847   0.1431   0.0944   0.1034   0.0894   0.1154   0.1367
SIM27L2  0.1231  0.1393  0.1302  0.1627  0.1578  0.1280  0.0928  0.1212  0.1054  0.1266   0.0892   0.1589   0.1133   0.1928   0.1259   0.1629   0.0888   0.0726   0.1064   0.0900   0.0902   0.1532   0.1604   0.1986   0.1047   0.1643   0.1061   1.0000   0.1620   0.1277   0.1259   0.1176   0.0980   0.1717   0.1051   0.1298   0.1074   0.1256   0.1091   0.1047   0.1179   0.1331   0.1432   0.1204   0.1199   0.1511   0.0817   0.1623   0.1928   0.0850   0.1594
SIM28L2  0.1378  0.1399  0.1799  0.1874  0.1435  0.0961  0.1567  0.1346  0.1439  0.1044   0.1265   0.1792   0.0927   0.1067   0.1513   0.1654   0.1069   0.0861   0.2463   0.0991   0.0813   0.0699   0.1429   0.1413   0.1309   0.1554   0.1006   0.1620   1.0000   0.0482   0.0963   0.1182   0.1044   0.1962   0.0850   0.1460   0.1531   0.0979   0.1431   0.1292   0.1014   0.1794   0.1704   0.0724   0.1214   0.1159   0.1083   0.1357   0.1569   0.0881   0.1159
SIM29L2  0.0573  0.0914  0.0931  0.1077  0.0865  0.1588  0.1207  0.1132  0.0839  0.1539   0.0912   0.1170   0.0239   0.0747   0.1117   0.0920   0.1032   0.0871   0.1035   0.0828   0.1075   0.1011   0.1098   0.0944   0.0914   0.0913   0.1019   0.1277   0.0482   1.0000   0.1095   0.0649   0.0695   0.0936   0.1321   0.1164   0.1049   0.0937   0.0801   0.1043   0.0858   0.1005   0.1004   0.1286   0.0454   0.0775   0.1054   0.1422   0.1171   0.0788   0.0716
SIM30L2  0.1019  0.1020  0.0730  0.1325  0.0930  0.1254  0.1147  0.0697  0.1601  0.1202   0.1084   0.1161   0.0776   0.0777   0.1533   0.1557   0.0731   0.0453   0.1821   0.1196   0.0668   0.1077   0.0635   0.1481   0.1264   0.1717   0.0731   0.1259   0.0963   0.1095   1.0000   0.1340   0.0741   0.1920   0.0545   0.1253   0.1874   0.1363   0.1731   0.1197   0.1324   0.0782   0.1032   0.0804   0.0805   0.1184   0.1219   0.0711   0.1597   0.1143   0.0413
SIM31L2  0.0926  0.1096  0.0470  0.1334  0.1358  0.0985  0.1274  0.0927  0.1047  0.0554   0.1058   0.0760   0.0670   0.0716   0.0780   0.1071   0.1183   0.0775   0.1120   0.1442   0.0943   0.0850   0.0952   0.1059   0.1307   0.1027   0.1520   0.1176   0.1182   0.0649   0.1340   1.0000   0.1368   0.1434   0.0490   0.1132   0.1125   0.0470   0.0824   0.1796   0.0559   0.1497   0.0800   0.0560   0.1474   0.0844   0.0223   0.0845   0.1249   0.0758   0.0665
SIM32L2  0.1219  0.0879  0.0635  0.1464  0.1017  0.0587  0.0877  0.1508  0.1133  0.0732   0.0850   0.0725   0.0609   0.1245   0.1208   0.1260   0.1142   0.0956   0.1373   0.1872   0.0787   0.1184   0.0974   0.1113   0.1294   0.1722   0.1166   0.0980   0.1044   0.0695   0.0741   0.1368   1.0000   0.1261   0.0775   0.1320   0.1133   0.1112   0.0958   0.1568   0.0659   0.1438   0.0794   0.1219   0.1394   0.1130   0.0842   0.0562   0.1149   0.0795   0.0905
SIM33L2  0.0956  0.1959  0.2029  0.1861  0.1423  0.1184  0.1779  0.1801  0.1328  0.2215   0.1116   0.1239   0.1094   0.1177   0.1827   0.2093   0.1155   0.1299   0.1854   0.1067   0.1082   0.0765   0.1459   0.1601   0.1368   0.2035   0.1056   0.1717   0.1962   0.0936   0.1920   0.1434   0.1261   1.0000   0.0820   0.1522   0.1639   0.1348   0.1082   0.1497   0.1493   0.1530   0.1061   0.1248   0.1691   0.1498   0.1277   0.1737   0.1662   0.1250   0.1640
SIM34L2  0.1237  0.1251  0.0384  0.1177  0.1122  0.1312  0.1205  0.1178  0.1218  0.1432   0.1564   0.1462   0.1192   0.1211   0.1206   0.0939   0.1475   0.1030   0.1148   0.0759   0.1571   0.1393   0.1608   0.0639   0.1663   0.1498   0.1231   0.1051   0.0850   0.1321   0.0545   0.0490   0.0775   0.0820   1.0000   0.1425   0.1394   0.0811   0.0887   0.1151   0.1010   0.1502   0.0817   0.1010   0.1003   0.0950   0.0709   0.1360   0.0919   0.0785   0.0680
SIM35L2  0.1357  0.1380  0.1091  0.1729  0.1281  0.0740  0.1724  0.1306  0.1518  0.1572   0.1149   0.1638   0.1177   0.1622   0.1101   0.1238   0.1940   0.1037   0.1885   0.1047   0.1217   0.1048   0.1319   0.1128   0.1390   0.1469   0.1311   0.1298   0.1460   0.1164   0.1253   0.1132   0.1320   0.1522   0.1425   1.0000   0.1521   0.1519   0.0985   0.2061   0.1513   0.0956   0.1169   0.2010   0.1386   0.1148   0.1292   0.0863   0.1299   0.1182   0.1300
SIM36L2  0.1403  0.1265  0.0615  0.1612  0.0550  0.1096  0.1700  0.1103  0.1965  0.1035   0.1970   0.2001   0.0871   0.1074   0.1340   0.1173   0.1081   0.1217   0.1717   0.0790   0.0958   0.1193   0.1784   0.1254   0.1597   0.1275   0.0568   0.1074   0.1531   0.1049   0.1874   0.1125   0.1133   0.1639   0.1394   0.1521   1.0000   0.1215   0.2036   0.1826   0.1090   0.0912   0.0962   0.1091   0.1239   0.0821   0.1240   0.1122   0.1310   0.1056   0.1157
SIM37L2  0.0950  0.1480  0.1046  0.1623  0.1434  0.0855  0.1187  0.1007  0.1273  0.0839   0.0630   0.1104   0.0784   0.1189   0.1993   0.1587   0.0901   0.0337   0.1836   0.0911   0.1029   0.2112   0.0781   0.1195   0.2176   0.1969   0.1178   0.1256   0.0979   0.0937   0.1363   0.0470   0.1112   0.1348   0.0811   0.1519   0.1215   1.0000   0.0953   0.1004   0.0836   0.1154   0.1368   0.1768   0.1388   0.0569   0.1404   0.1402   0.1035   0.1112   0.0726
SIM38L2  0.0724  0.1280  0.0811  0.0963  0.0781  0.0811  0.1540  0.1163  0.1429  0.0948   0.0923   0.1335   0.0889   0.0491   0.0961   0.0979   0.1454   0.0610   0.2112   0.0913   0.1158   0.1076   0.1097   0.1113   0.1338   0.1643   0.0702   0.1091   0.1431   0.0801   0.1731   0.0824   0.0958   0.1082   0.0887   0.0985   0.2036   0.0953   1.0000   0.0490   0.0816   0.1030   0.1529   0.0905   0.1087   0.0497   0.0873   0.0788   0.1234   0.1496   0.0707
SIM39L2  0.1170  0.1405  0.1380  0.1374  0.1834  0.0741  0.0885  0.1333  0.1343  0.1038   0.0335   0.0826   0.1097   0.1237   0.1180   0.1323   0.2250   0.1332   0.1362   0.1370   0.2304   0.0701   0.1055   0.1018   0.1240   0.1572   0.1953   0.1047   0.1292   0.1043   0.1197   0.1796   0.1568   0.1497   0.1151   0.2061   0.1826   0.1004   0.0490   1.0000   0.1246   0.1378   0.0972   0.1359   0.2100   0.1022   0.1816   0.0752   0.1108   0.1091   0.1148
SIM40L2  0.1323  0.1004  0.1049  0.1053  0.1425  0.0774  0.1528  0.1151  0.0923  0.0769   0.0679   0.1306   0.1535   0.1168   0.1539   0.1319   0.1051   0.1414   0.1162   0.1145   0.0846   0.0933   0.0937   0.0960   0.0913   0.1206   0.0805   0.1179   0.1014   0.0858   0.1324   0.0559   0.0659   0.1493   0.1010   0.1513   0.1090   0.0836   0.0816   0.1246   1.0000   0.0919   0.1039   0.1440   0.0877   0.1207   0.0596   0.1311   0.1310   0.0676   0.0877
SIM41L2  0.0912  0.0990  0.1731  0.1964  0.0927  0.1475  0.0702  0.1604  0.0924  0.1628   0.0843   0.1197   0.0837   0.0864   0.1585   0.1811   0.1169   0.1174   0.1470   0.1714   0.1501   0.1455   0.1309   0.0860   0.1307   0.1672   0.1351   0.1331   0.1794   0.1005   0.0782   0.1497   0.1438   0.1530   0.1502   0.0956   0.0912   0.1154   0.1030   0.1378   0.0919   1.0000   0.1499   0.0929   0.1223   0.1710   0.0985   0.0703   0.1029   0.0685   0.1317
SIM42L2  0.0687  0.1153  0.1936  0.1186  0.1216  0.0821  0.1101  0.1446  0.1418  0.1624   0.1073   0.1582   0.1135   0.0857   0.1242   0.1280   0.1205   0.0773   0.1339   0.0552   0.0824   0.1237   0.1167   0.1107   0.1817   0.2178   0.0798   0.1432   0.1704   0.1004   0.1032   0.0800   0.0794   0.1061   0.0817   0.1169   0.0962   0.1368   0.1529   0.0972   0.1039   0.1499   1.0000   0.1037   0.0877   0.1436   0.1084   0.1445   0.1418   0.0921   0.0942
SIM43L2  0.0747  0.1874  0.0900  0.1481  0.1767  0.0605  0.1195  0.1091  0.1953  0.1363   0.1120   0.1733   0.1079   0.1271   0.1803   0.1569   0.1035   0.1340   0.1657   0.0782   0.1168   0.1250   0.0678   0.0986   0.0795   0.1370   0.1529   0.1204   0.0724   0.1286   0.0804   0.0560   0.1219   0.1248   0.1010   0.2010   0.1091   0.1768   0.0905   0.1359   0.1440   0.0929   0.1037   1.0000   0.1594   0.1309   0.0809   0.1877   0.0899   0.0953   0.0663
SIM44L2  0.0747  0.2350  0.1285  0.1482  0.1497  0.0944  0.1144  0.1251  0.1672  0.1646   0.0706   0.1698   0.0932   0.1646   0.1796   0.1591   0.1387   0.1017   0.1262   0.1507   0.1452   0.1083   0.1166   0.1513   0.1332   0.1820   0.1847   0.1199   0.1214   0.0454   0.0805   0.1474   0.1394   0.1691   0.1003   0.1386   0.1239   0.1388   0.1087   0.2100   0.0877   0.1223   0.0877   0.1594   1.0000   0.1358   0.1131   0.1738   0.1198   0.1070   0.1223
SIM45L2  0.0887  0.0830  0.2522  0.1235  0.0461  0.1180  0.0846  0.1237  0.1403  0.1699   0.1161   0.1394   0.0477   0.1737   0.1612   0.1685   0.1434   0.1000   0.1355   0.1307   0.0995   0.0307   0.1844   0.1277   0.0957   0.1089   0.1431   0.1511   0.1159   0.0775   0.1184   0.0844   0.1130   0.1498   0.0950   0.1148   0.0821   0.0569   0.0497   0.1022   0.1207   0.1710   0.1436   0.1309   0.1358   1.0000   0.0850   0.1196   0.1821   0.1252   0.1901
SIM46L2  0.0875  0.1153  0.1869  0.0756  0.1130  0.1278  0.0999  0.0990  0.1433  0.1251   0.0494   0.0772   0.0998   0.1420   0.1291   0.0952   0.1189   0.0419   0.0881   0.0997   0.0799   0.1351   0.0901   0.0755   0.0952   0.1199   0.0944   0.0817   0.1083   0.1054   0.1219   0.0223   0.0842   0.1277   0.0709   0.1292   0.1240   0.1404   0.0873   0.1816   0.0596   0.0985   0.1084   0.0809   0.1131   0.0850   1.0000   0.1346   0.1526   0.1330   0.1191
SIM47L2  0.1245  0.2821  0.0849  0.0752  0.1785  0.0696  0.1224  0.1075  0.1468  0.1467   0.1068   0.2057   0.1174   0.1454   0.1821   0.1638   0.1222   0.1021   0.1337   0.1001   0.0404   0.1029   0.1096   0.1224   0.0811   0.1715   0.1034   0.1623   0.1357   0.1422   0.0711   0.0845   0.0562   0.1737   0.1360   0.0863   0.1122   0.1402   0.0788   0.0752   0.1311   0.0703   0.1445   0.1877   0.1738   0.1196   0.1346   1.0000   0.1533   0.1125   0.0493
SIM48L2  0.0837  0.1056  0.1606  0.1551  0.1448  0.1040  0.1859  0.1569  0.1374  0.1611   0.1113   0.1259   0.0862   0.1223   0.1027   0.1152   0.1022   0.0901   0.1533   0.0981   0.0544   0.1246   0.1526   0.1744   0.1701   0.1504   0.0894   0.1928   0.1569   0.1171   0.1597   0.1249   0.1149   0.1662   0.0919   0.1299   0.1310   0.1035   0.1234   0.1108   0.1310   0.1029   0.1418   0.0899   0.1198   0.1821   0.1526   0.1533   1.0000   0.0726   0.1436
SIM49L2  0.1176  0.1209  0.1718  0.1320  0.1038  0.1321  0.1380  0.1113  0.0995  0.1495   0.0635   0.1296   0.1184   0.1242   0.1161   0.1035   0.1442   0.0812   0.1683   0.1621   0.1196   0.0620   0.0914   0.1275   0.1448   0.1309   0.1154   0.0850   0.0881   0.0788   0.1143   0.0758   0.0795   0.1250   0.0785   0.1182   0.1056   0.1112   0.1496   0.1091   0.0676   0.0685   0.0921   0.0953   0.1070   0.1252   0.1330   0.1125   0.0726   1.0000   0.1240
SIM50L2  0.0807  0.0992  0.1918  0.1483  0.0652  0.1267  0.1246  0.1668  0.1259  0.1227   0.0623   0.1213   0.0781   0.1515   0.1113   0.1221   0.1212   0.1750   0.0908   0.0715   0.1171   0.1057   0.1413   0.1180   0.0274   0.0997   0.1367   0.1594   0.1159   0.0716   0.0413   0.0665   0.0905   0.1640   0.0680   0.1300   0.1157   0.0726   0.0707   0.1148   0.0877   0.1317   0.0942   0.0663   0.1223   0.1901   0.1191   0.0493   0.1436   0.1240   1.0000

LD Score Matrix Condition Number
4.5927

Annotation Correlation Matrix
         SIM1    SIM2    SIM3    SIM4    SIM5    SIM6    SIM7    SIM8    SIM9   SIM10   SIM11   SIM12   SIM13   SIM14   SIM15   SIM16   SIM17   SIM18   SIM19   SIM20   SIM21   SIM22   SIM23   SIM24   SIM25   SIM26   SIM27   SIM28   SIM29   SIM30   SIM31   SIM32   SIM33   SIM34   SIM35   SIM36   SIM37   SIM38   SIM39   SIM40   SIM41   SIM42   SIM43   SIM44   SIM45   SIM46   SIM47   SIM48   SIM49   SIM50
SIM1   1.0000  0.0090  0.0126  0.0126  0.0266  0.0091 -0.0010  0.0022  0.0194  0.0192  0.0198  0.0298  0.0188  0.0181  0.0197  0.0217  0.0190  0.0153  0.0237  0.0124  0.0304  0.0222  0.0188  0.0059  0.0186  0.0090  0.0288  0.0094  0.0059  0.0225  0.0164  0.0135  0.0087  0.0236  0.0277  0.0024  0.0230  0.0025  0.0059  0.0156  0.0059  0.0192  0.0088  0.0232  0.0161  0.0236  0.0230  0.0183  0.0057  0.0057
SIM2   0.0090  1.0000  0.0130  0.0164  0.0097  0.0094  0.0120  0.0187  0.0095  0.0163  0.0132  0.0166  0.0192  0.0121  0.0202  0.0090  0.0127  0.0091  0.0063  0.0093  0.0062  0.0160  0.0092  0.0061  0.0191  0.0194  0.0126  0.0097  0.0166 -0.0009  0.0062  0.0028  0.0024  0.0099  0.0153  0.0160  0.0026  0.0131  0.0166  0.0161  0.0061  0.0197  0.0124  0.0168  0.0166  0.0241  0.0096  0.0155  0.0128  0.0126
SIM3   0.0126  0.0130  1.0000  0.0238  0.0027  0.0026  0.0222  0.0091  0.0274  0.0061  0.0099  0.0134  0.0025  0.0290  0.0135  0.0126  0.0095  0.0161  0.0065  0.0166  0.0173  0.0163  0.0129  0.0062  0.0127  0.0199  0.0060  0.0099  0.0063  0.0061  0.0100  0.0217  0.0227  0.0065  0.0124  0.0129  0.0242  0.0134  0.0205  0.0164  0.0275  0.0166  0.0195  0.0099  0.0098  0.0064  0.0134  0.0091  0.0305  0.0267
SIM4   0.0126  0.0164  0.0238  1.0000  0.0243  0.0061  0.0024  0.0157  0.0168  0.0166  0.0207  0.0205  0.0094  0.0090  0.0206  0.0227  0.0164  0.0059  0.0102  0.0096  0.0100  0.0060  0.0300  0.0027  0.0059  0.0164  0.0094  0.0243  0.0063  0.0026  0.0135  0.0141  0.0328  0.0101  0.0190  0.0164 -0.0009  0.0098  0.0062  0.0199  0.0204  0.0201  0.0161  0.0207  0.0062  0.0064  0.0312  0.0125  0.0061  0.0198
SIM5   0.0266  0.0097  0.0027  0.0243  1.0000  0.0098  0.0125  0.0160  0.0063  0.0205  0.0175  0.0100  0.0026  0.0126  0.0137  0.0197  0.0132  0.0095  0.0178  0.0027  0.0213  0.0131  0.0026  0.0281  0.0164  0.0097  0.0202  0.0138  0.0064  0.0240  0.0212  0.0106  0.0060 -0.0008  0.0126  0.0097  0.0028  0.0136  0.0172  0.0167  0.0172  0.0169  0.0233  0.0065  0.0136  0.0140 -0.0009  0.0161  0.0169  0.0026
SIM6   0.0091  0.0094  0.0026  0.0061  0.0098  1.0000  0.0154  0.0156  0.0271  0.0026  0.0205  0.0132  0.0161  0.0188  0.0169  0.0125  0.0300  0.0058  0.0173  0.0233  0.0207  0.0230  0.0297  0.0132  0.0092  0.0094  0.0196  0.0134  0.0204  0.0233  0.0098  0.0325  0.0224  0.0209  0.0122  0.0128  0.0027  0.0026  0.0062  0.0162 -0.0009  0.0060  0.0193  0.0098  0.0167  0.0136  0.0133  0.0123  0.0060  0.0059
SIM7  -0.0010  0.0120  0.0222  0.0024  0.0125  0.0154  1.0000  0.0146  0.0189  0.0253  0.0058  0.0091  0.0087  0.0145  0.0058  0.0180  0.0250  0.0149  0.0094  0.0251  0.0228  0.0151  0.0151  0.0190  0.0086  0.0152  0.0119  0.0193  0.0225  0.0154  0.0193  0.0236  0.0179  0.0094  0.0270  0.0120  0.0291  0.0057  0.0124  0.0185  0.0057  0.0252  0.0149  0.0193  0.0024  0.0230  0.0191  0.0147  0.0316  0.0055
SIM8   0.0022  0.0187  0.0091  0.0157  0.0160  0.0156  0.0146  1.0000  0.0124  0.0057  0.0161  0.0125  0.0152  0.0178  0.0092  0.0246  0.0089  0.0119  0.0060  0.0089  0.0128  0.0121  0.0250  0.0091  0.0151  0.0088  0.0186  0.0161  0.0092  0.0122  0.0195 -0.0009  0.0149  0.0164  0.0178  0.0121  0.0126  0.0125  0.0226  0.0154  0.0158  0.0189  0.0087  0.0229  0.0092  0.0197  0.0126  0.0180  0.0188  0.0153
SIM9   0.0194  0.0095  0.0274  0.0168  0.0063  0.0271  0.0189  0.0124  1.0000  0.0131  0.0279  0.0170 -0.0009  0.0057  0.0063  0.0126  0.0130  0.0093  0.0065  0.0305  0.0100  0.0129  0.0163  0.0134  0.0195  0.0095  0.0095  0.0135  0.0170  0.0271  0.0208  0.0029  0.0227  0.0211  0.0124  0.0129  0.0170  0.0134  0.0063  0.0130  0.0133  0.0096  0.0298  0.0279  0.0205  0.0210  0.0134  0.0225  0.0166 -0.0009
SIM10  0.0192  0.0163  0.0061  0.0166  0.0205  0.0026  0.0253  0.0057  0.0131  1.0000  0.0313  0.0203  0.0127  0.0123  0.0134  0.0192  0.0094  0.0058  0.0210  0.0129  0.0243  0.0264  0.0127  0.0062  0.0159  0.0128  0.0231  0.0063  0.0168  0.0164  0.0170  0.0140  0.0292  0.0173  0.0057  0.0094  0.0062  0.0027  0.0062  0.0094  0.0167  0.0130  0.0126  0.0098  0.0203  0.0172  0.0275  0.0323  0.0129  0.0128
SIM11  0.0198  0.0132  0.0099  0.0207  0.0175  0.0205  0.0058  0.0161  0.0279  0.0313  1.0000  0.0064  0.0096  0.0262  0.0211  0.0198  0.0239  0.0164  0.0067  0.0062  0.0065  0.0167  0.0166  0.0136  0.0095  0.0132  0.0062  0.0102  0.0210  0.0062  0.0102  0.0106  0.0197  0.0104  0.0092  0.0097  0.0137  0.0209  0.0173  0.0132  0.0136  0.0134  0.0095  0.0175  0.0100  0.0029  0.0173  0.0025  0.0098  0.0202
SIM12  0.0298  0.0166  0.0134  0.0205  0.0100  0.0132  0.0091  0.0125  0.0170  0.0203  0.0064  1.0000  0.0060  0.0091  0.0100  0.0264  0.0201  0.0128  0.0029  0.0132  0.0138  0.0095  0.0165 -0.0009  0.0128  0.0096  0.0200  0.0028  0.0027 -0.0009  0.0137  0.0257  0.0093  0.0287  0.0058  0.0131  0.0100  0.0099  0.0135  0.0341 -0.0009  0.0168  0.0094  0.0173  0.0027  0.0028  0.0244  0.0194  0.0202  0.0096
SIM13  0.0188  0.0192  0.0025  0.0094  0.0026  0.0161  0.0087  0.0152 -0.0009  0.0127  0.0096  0.0060  1.0000  0.0023  0.0304  0.0155  0.0193  0.0057  0.0276  0.0126  0.0273  0.0158  0.0191  0.0094  0.0123  0.0058  0.0259  0.0131  0.0234  0.0160  0.0131  0.0137  0.0089  0.0204  0.0119  0.0192  0.0199 -0.0009  0.0026  0.0092  0.0025  0.0025  0.0156  0.0131  0.0198  0.0168  0.0095  0.0186  0.0194  0.0192
SIM14  0.0181  0.0121  0.0290  0.0090  0.0126  0.0188  0.0145  0.0178  0.0057  0.0123  0.0262  0.0091  0.0023  1.0000  0.0160  0.0277  0.0154  0.0246  0.0095  0.0089  0.0264  0.0282  0.0055  0.0125  0.0182  0.0153  0.0185  0.0160  0.0125  0.0155  0.0194  0.0203  0.0149  0.0094  0.0209  0.0186  0.0260  0.0125  0.0225  0.0219  0.0191  0.0155  0.0183  0.0126  0.0058  0.0094  0.0092  0.0148  0.0122  0.0088
SIM15  0.0197  0.0202  0.0135  0.0206  0.0137  0.0169  0.0058  0.0092  0.0063  0.0134  0.0211  0.0100  0.0304  0.0160  1.0000  0.0128  0.0202  0.0060  0.0029  0.0097  0.0139  0.0096  0.0166  0.0027  0.0095  0.0132  0.0096  0.0138  0.0064  0.0133  0.0101  0.0182  0.0162  0.0140  0.0193  0.0061  0.0064  0.0100  0.0317  0.0097  0.0315  0.0062  0.0129  0.0138  0.0208  0.0399  0.0282  0.0161  0.0062  0.0096
SIM16  0.0217  0.0090  0.0126  0.0227  0.0197  0.0125  0.0180  0.0246  0.0126  0.0192  0.0198  0.0264  0.0155  0.0277  0.0128  1.0000  0.0290  0.0121  0.0026  0.0158  0.0234  0.0189  0.0056  0.0025  0.0186  0.0090  0.0156  0.0336  0.0059  0.0124  0.0198  0.0278  0.0152  0.0236  0.0149  0.0156  0.0025  0.0298  0.0127  0.0090  0.0127  0.0091  0.0186  0.0094  0.0161  0.0270  0.0094  0.0183  0.0124  0.0189
SIM17  0.0190  0.0127  0.0095  0.0164  0.0132  0.0300  0.0250  0.0089  0.0130  0.0094  0.0239  0.0201  0.0193  0.0154  0.0202  0.0290  1.0000  0.0091  0.0136  0.0128  0.0169  0.0194  0.0227  0.0131  0.0124  0.0025  0.0092  0.0168  0.0131  0.0197  0.0204  0.0212  0.0090  0.0135  0.0121  0.0025  0.0131  0.0131  0.0201  0.0263  0.0200  0.0128  0.0158  0.0133  0.0061  0.0027  0.0202  0.0188  0.0162  0.0194
SIM18  0.0153  0.0091  0.0161  0.0059  0.0095  0.0058  0.0149  0.0119  0.0093  0.0058  0.0164  0.0128  0.0057  0.0246  0.0060  0.0121  0.0091  1.0000  0.0168  0.0125  0.0061  0.0123  0.0255  0.0059  0.0089  0.0124  0.0057  0.0268  0.0129  0.0092  0.0199  0.0064  0.0185  0.0167  0.0214  0.0090  0.0197  0.0197  0.0059  0.0257  0.0059  0.0226  0.0253  0.0095  0.0197  0.0096  0.0060  0.0248  0.0125  0.0190
SIM19  0.0237  0.0063  0.0065  0.0102  0.0178  0.0173  0.0094  0.0060  0.0065  0.0210  0.0067  0.0029  0.0276  0.0095  0.0029  0.0026  0.0136  0.0168  1.0000  0.0136 -0.0008  0.0170  0.0385  0.0176  0.0062  0.0099  0.0135 -0.0008  0.0103  0.0137  0.0179  0.0109  0.0026  0.0220  0.0233  0.0135  0.0140  0.0066  0.0140  0.0063  0.0139  0.0101  0.0133  0.0141  0.0103  0.0181  0.0140  0.0061  0.0281  0.0135
SIM20  0.0124  0.0093  0.0166  0.0096  0.0027  0.0233  0.0251  0.0089  0.0305  0.0129  0.0062  0.0132  0.0126  0.0089  0.0097  0.0158  0.0128  0.0125  0.0136  1.0000  0.0134  0.0059  0.0127  0.0166  0.0091  0.0161  0.0127  0.0062  0.0097  0.0129  0.0205  0.0103  0.0091  0.0028  0.0253  0.0161  0.0062  0.0132  0.0272  0.0059  0.0096  0.0164  0.0192  0.0098  0.0167  0.0135  0.0097  0.0090  0.0094  0.0059
SIM21  0.0304  0.0062  0.0173  0.0100  0.0213  0.0207  0.0228  0.0128  0.0100  0.0243  0.0065  0.0138  0.0273  0.0264  0.0139  0.0234  0.0169  0.0061 -0.0008  0.0134  1.0000  0.0097  0.0062  0.0101  0.0166  0.0204  0.0204  0.0065  0.0212  0.0171  0.0066  0.0069  0.0129  0.0142  0.0196  0.0240  0.0138  0.0138  0.0138  0.0027  0.0064  0.0207  0.0201  0.0139  0.0138  0.0029  0.0102  0.0094  0.0206  0.0168
SIM22  0.0222  0.0160  0.0163  0.0060  0.0131  0.0230  0.0151  0.0121  0.0129  0.0264  0.0167  0.0095  0.0158  0.0282  0.0096  0.0189  0.0194  0.0123  0.0170  0.0059  0.0097  1.0000  0.0158  0.0060  0.0156  0.0126  0.0125  0.0096  0.0096  0.0025  0.0062  0.0101  0.0254  0.0027  0.0217  0.0260  0.0165  0.0095  0.0130  0.0193  0.0302  0.0230  0.0223  0.0096  0.0165  0.0062  0.0096  0.0121  0.0229  0.0092
SIM23  0.0188  0.0092  0.0129  0.0300  0.0026  0.0297  0.0151  0.0250  0.0163  0.0127  0.0166  0.0165  0.0191  0.0055  0.0166  0.0056  0.0227  0.0255  0.0385  0.0127  0.0062  0.0158  1.0000  0.0026  0.0189  0.0193  0.0125  0.0131  0.0165  0.0161  0.0167  0.0064  0.0122  0.0205  0.0152  0.0226  0.0095  0.0060  0.0060  0.0058  0.0026  0.0127  0.0190  0.0166  0.0164  0.0098  0.0130  0.0056  0.0161  0.0092
SIM24  0.0059  0.0061  0.0062  0.0027  0.0281  0.0132  0.0190  0.0091  0.0134  0.0062  0.0136 -0.0009  0.0094  0.0125  0.0027  0.0025  0.0131  0.0059  0.0176  0.0166  0.0101  0.0060  0.0026  1.0000  0.0128  0.0095  0.0130  0.0172  0.0099  0.0097  0.0064  0.0143  0.0194  0.0065 -0.0009  0.0165  0.0171  0.0027  0.0027  0.0165  0.0098  0.0238  0.0025  0.0136  0.0170  0.0028  0.0099  0.0126  0.0166  0.0095
SIM25  0.0186  0.0191  0.0127  0.0059  0.0164  0.0092  0.0086  0.0151  0.0195  0.0159  0.0095  0.0128  0.0123  0.0182  0.0095  0.0186  0.0124  0.0089  0.0062  0.0091  0.0166  0.0156  0.0189  0.0128  1.0000  0.0090  0.0057  0.0199  0.0094  0.0125  0.0165  0.0136  0.0282  0.0132  0.0246  0.0124  0.0197  0.0197  0.0265  0.0157  0.0196  0.0125  0.0122  0.0268  0.0231  0.0096  0.0300  0.0152  0.0158  0.0057
