*********************************************************************
* LD Score Regression (LDSC)
* Version 1.0.1
* (C) 2014-2019 Brendan Bulik-Sullivan and Hilary Finucane
* Broad Institute of MIT and Harvard / MIT Department of Mathematics
* GNU General Public License v3
*********************************************************************
Call: 
./ldsc.py \
--out /data/sbcs/GuoLab/backup/liq17/CRC_TF_TWAS_zhishan2024/NC_revision_OceanCode/v2_NC_revision//84Tracks//ldscores_sim10000//15 \
--bfile /data/sbcs/GuoLab/backup/liq17/ref/Alkesgroup/1000G_EUR_Phase3_plink_hg38/1000G.EUR.QC.15 \
--annot /data/sbcs/GuoLab/backup/liq17/CRC_TF_TWAS_zhishan2024/NC_revision_OceanCode/v2_NC_revision//84Tracks//annots_sim10000//15.annot.txt \
--l2  \
--ld-wind-kb 100.0 

Beginning analysis at Mon Oct 27 00:27:12 2025
Read list of 286945 SNPs from /data/sbcs/GuoLab/backup/liq17/ref/Alkesgroup/1000G_EUR_Phase3_plink_hg38/1000G.EUR.QC.15.bim
Read 50 annotations for 286945 SNPs from /data/sbcs/GuoLab/backup/liq17/CRC_TF_TWAS_zhishan2024/NC_revision_OceanCode/v2_NC_revision//84Tracks//annots_sim10000//15.annot.txt
Read list of 489 individuals from /data/sbcs/GuoLab/backup/liq17/ref/Alkesgroup/1000G_EUR_Phase3_plink_hg38/1000G.EUR.QC.15.fam
Reading genotypes from /data/sbcs/GuoLab/backup/liq17/ref/Alkesgroup/1000G_EUR_Phase3_plink_hg38/1000G.EUR.QC.15.bed
Estimating LD Score.
Writing LD Scores for 286945 SNPs to /data/sbcs/GuoLab/backup/liq17/CRC_TF_TWAS_zhishan2024/NC_revision_OceanCode/v2_NC_revision//84Tracks//ldscores_sim10000//15.l2.ldscore.gz

Summary of LD Scores in /data/sbcs/GuoLab/backup/liq17/CRC_TF_TWAS_zhishan2024/NC_revision_OceanCode/v2_NC_revision//84Tracks//ldscores_sim10000//15.l2.ldscore.gz
         MAF  SIM1L2  SIM2L2  SIM3L2  SIM4L2  SIM5L2  SIM6L2  SIM7L2  SIM8L2  SIM9L2  SIM10L2  SIM11L2  SIM12L2  SIM13L2  SIM14L2  SIM15L2  SIM16L2  SIM17L2  SIM18L2  SIM19L2  SIM20L2  SIM21L2  SIM22L2  SIM23L2  SIM24L2  SIM25L2  SIM26L2  SIM27L2  SIM28L2  SIM29L2  SIM30L2  SIM31L2  SIM32L2  SIM33L2  SIM34L2  SIM35L2  SIM36L2  SIM37L2  SIM38L2  SIM39L2  SIM40L2  SIM41L2  SIM42L2  SIM43L2  SIM44L2  SIM45L2  SIM46L2  SIM47L2  SIM48L2  SIM49L2  SIM50L2
mean  0.1468  0.0528  0.0537  0.0664  0.0578  0.0610  0.0592  0.0528  0.0492  0.0611   0.0544   0.0551   0.0555   0.0519   0.0580   0.0551   0.0593   0.0534   0.0508   0.0644   0.0574   0.0546   0.0590   0.0612   0.0590   0.0566   0.0537   0.0627   0.0629   0.0533   0.0516   0.0571   0.0622   0.0531   0.0666   0.0509   0.0559   0.0530   0.0569   0.0481   0.0587   0.0548   0.0558   0.0534   0.0603   0.0556   0.0591   0.0582   0.0524   0.0561   0.0658
std   0.1499  0.1880  0.1865  0.2130  0.1935  0.2092  0.2040  0.1774  0.1722  0.2081   0.1808   0.1905   0.1962   0.1872   0.1922   0.1842   0.2046   0.1803   0.1865   0.2017   0.1895   0.1962   0.1967   0.2022   0.2001   0.1854   0.1882   0.2034   0.2114   0.1825   0.1835   0.1944   0.1923   0.1887   0.2185   0.1770   0.1887   0.1862   0.1994   0.1675   0.1988   0.1848   0.1877   0.1888   0.1963   0.2013   0.2046   0.1931   0.1854   0.1865   0.2166
min   0.0051 -0.0090 -0.0076 -0.0100 -0.0096 -0.0093 -0.0100 -0.0095 -0.0114 -0.0095  -0.0096  -0.0092  -0.0101  -0.0084  -0.0090  -0.0105  -0.0121  -0.0085  -0.0107  -0.0088  -0.0081  -0.0122  -0.0107  -0.0100  -0.0109  -0.0114  -0.0092  -0.0110  -0.0100  -0.0095  -0.0092  -0.0096  -0.0089  -0.0110  -0.0096  -0.0104  -0.0092  -0.0096  -0.0125  -0.0088  -0.0101  -0.0093  -0.0101  -0.0111  -0.0108  -0.0094  -0.0104  -0.0112  -0.0091  -0.0095  -0.0104
25%   0.0174  0.0000  0.0000  0.0000  0.0000  0.0000  0.0000  0.0000  0.0000  0.0000   0.0000   0.0000   0.0000   0.0000   0.0000   0.0000   0.0000   0.0000   0.0000   0.0000   0.0000   0.0000   0.0000   0.0000   0.0000   0.0000   0.0000   0.0000   0.0000   0.0000   0.0000   0.0000   0.0000   0.0000   0.0000   0.0000   0.0000   0.0000   0.0000   0.0000   0.0000   0.0000   0.0000   0.0000   0.0000   0.0000   0.0000   0.0000   0.0000   0.0000   0.0000
50%   0.0828  0.0000  0.0000  0.0000  0.0000  0.0000  0.0000  0.0000  0.0000  0.0000   0.0000   0.0000   0.0000   0.0000   0.0000   0.0000   0.0000   0.0000   0.0000   0.0000   0.0000   0.0000   0.0000   0.0000   0.0000   0.0000   0.0000   0.0000   0.0000   0.0000   0.0000   0.0000   0.0000   0.0000   0.0000   0.0000   0.0000   0.0000   0.0000   0.0000   0.0000   0.0000   0.0000   0.0000   0.0000   0.0000   0.0000   0.0000   0.0000   0.0000   0.0000
75%   0.2536  0.0077  0.0067  0.0138  0.0085  0.0109  0.0088  0.0079  0.0074  0.0106   0.0101   0.0091   0.0071   0.0066   0.0105   0.0082   0.0092   0.0076   0.0062   0.0127   0.0090   0.0067   0.0099   0.0088   0.0081   0.0094   0.0077   0.0105   0.0114   0.0091   0.0068   0.0074   0.0143   0.0072   0.0094   0.0070   0.0094   0.0073   0.0079   0.0068   0.0093   0.0090   0.0096   0.0066   0.0106   0.0085   0.0090   0.0110   0.0064   0.0081   0.0097
max   0.5000  2.1551  2.5513  3.8240  2.0227  3.0082  2.6517  1.9176  2.0027  2.2398   2.0520   2.0009   3.0153   2.5799   2.0101   1.9985   2.6454   2.0000   2.4187   2.0216   2.0255   2.7327   2.2004   2.2945   2.0769   2.0000   2.5514   2.7156   2.7558   2.5438   2.4918   2.5387   2.0064   2.0767   2.1927   2.4807   2.0544   2.0000   2.5183   2.1611   2.0172   2.0615   2.0393   2.1620   2.2096   2.9781   2.3223   2.3825   2.0147   2.1071   2.2313

MAF/LD Score Correlation Matrix
            MAF  SIM1L2  SIM2L2  SIM3L2  SIM4L2  SIM5L2  SIM6L2  SIM7L2  SIM8L2  SIM9L2  SIM10L2  SIM11L2  SIM12L2  SIM13L2  SIM14L2  SIM15L2  SIM16L2  SIM17L2  SIM18L2  SIM19L2  SIM20L2  SIM21L2  SIM22L2  SIM23L2  SIM24L2  SIM25L2  SIM26L2  SIM27L2  SIM28L2  SIM29L2  SIM30L2  SIM31L2  SIM32L2  SIM33L2  SIM34L2  SIM35L2  SIM36L2  SIM37L2  SIM38L2  SIM39L2  SIM40L2  SIM41L2  SIM42L2  SIM43L2  SIM44L2  SIM45L2  SIM46L2  SIM47L2  SIM48L2  SIM49L2  SIM50L2
MAF      1.0000  0.0885  0.1188  0.1459  0.1426  0.1264  0.1136  0.1613  0.1350  0.1335   0.1510   0.1075   0.1082   0.1069   0.1227   0.1528   0.1388   0.1489   0.1294   0.1434   0.1306   0.1328   0.1139   0.1394   0.1177   0.1334   0.0938   0.1433   0.1333   0.1210   0.1160   0.1238   0.1418   0.1229   0.1331   0.1199   0.1218   0.1400   0.1027   0.1471   0.1329   0.1146   0.1221   0.1152   0.1094   0.1324   0.1199   0.1240   0.1214   0.1007   0.0982
SIM1L2   0.0885  1.0000  0.0862  0.2160  0.1342  0.0861  0.0762  0.0857  0.1149  0.1822   0.1383   0.1356   0.0706   0.1083   0.0929   0.0594   0.1509   0.1203   0.0757   0.0942   0.0848   0.0885   0.0670   0.1419   0.1210   0.0536   0.1539   0.1069   0.0745   0.1551   0.1181   0.1181   0.1383   0.0898   0.1304   0.1115   0.0922   0.0717   0.0432   0.1410   0.1219   0.1390   0.0965   0.1889   0.1473   0.2261   0.1464   0.0815   0.0903   0.1029   0.2140
SIM2L2   0.1188  0.0862  1.0000  0.1336  0.1527  0.1081  0.1889  0.1332  0.0775  0.1341   0.1579   0.0734   0.1191   0.1634   0.1616   0.0834   0.1559   0.1133   0.1148   0.1498   0.1386   0.0636   0.0485   0.1742   0.1753   0.1301   0.0918   0.1067   0.1546   0.1267   0.1178   0.1759   0.1277   0.1021   0.1271   0.0910   0.1770   0.1808   0.1121   0.1327   0.1785   0.1325   0.1343   0.1293   0.1883   0.0754   0.1346   0.0875   0.1951   0.0610   0.1141
SIM3L2   0.1459  0.2160  0.1336  1.0000  0.1585  0.1432  0.1454  0.0902  0.1344  0.0796   0.1542   0.1713   0.1563   0.2072   0.1473   0.0957   0.2002   0.2011   0.1245   0.2131   0.1468   0.1138   0.1454   0.1849   0.1451   0.1160   0.1308   0.1301   0.1881   0.1356   0.1663   0.1574   0.1753   0.1767   0.1554   0.0921   0.2057   0.1420   0.1109   0.0905   0.1134   0.1842   0.1634   0.0890   0.2422   0.1915   0.1020   0.1905   0.1529   0.1752   0.1448
SIM4L2   0.1426  0.1342  0.1527  0.1585  1.0000  0.1776  0.1589  0.1584  0.1680  0.1202   0.1872   0.1905   0.1109   0.1240   0.1670   0.1417   0.1640   0.1749   0.1501   0.1142   0.1036   0.2010   0.1371   0.1847   0.1950   0.2259   0.1160   0.1687   0.2000   0.0784   0.0614   0.1440   0.1614   0.1618   0.1414   0.1279   0.1221   0.1250   0.1041   0.1680   0.1466   0.1684   0.1467   0.1891   0.1322   0.1946   0.1118   0.1352   0.1533   0.0936   0.1676
SIM5L2   0.1264  0.0861  0.1081  0.1432  0.1776  1.0000  0.1136  0.1344  0.1637  0.0630   0.1581   0.1524   0.1003   0.1604   0.1131   0.1095   0.0603   0.1828   0.0921   0.1269   0.0867   0.1191   0.1352   0.1726   0.1449   0.1508   0.1143   0.1792   0.1597   0.1488   0.1274   0.1647   0.1498   0.1754   0.1177   0.0764   0.1295   0.1246   0.1109   0.1277   0.1642   0.1174   0.1498   0.0911   0.1195   0.1124   0.0643   0.0949   0.1245   0.1405   0.1186
SIM6L2   0.1136  0.0762  0.1889  0.1454  0.1589  0.1136  1.0000  0.1859  0.1571  0.2324   0.1772   0.1260   0.1101   0.2049   0.1017   0.0564   0.1145   0.1131   0.1909   0.1646   0.1769   0.1347   0.1065   0.1546   0.1249   0.1330   0.1052   0.1359   0.2216   0.1737   0.0777   0.1532   0.1655   0.1698   0.1648   0.1301   0.1025   0.1443   0.1295   0.1313   0.1185   0.1490   0.1687   0.1999   0.1922   0.0896   0.1874   0.2127   0.1916   0.1061   0.2535
SIM7L2   0.1613  0.0857  0.1332  0.0902  0.1584  0.1344  0.1859  1.0000  0.0937  0.1924   0.1127   0.1004   0.0793   0.1532   0.1182   0.1133   0.1389   0.1194   0.1491   0.1393   0.1414   0.0562   0.1469   0.1787   0.1713   0.1465   0.1203   0.1435   0.1271   0.1281   0.1273   0.1624   0.0950   0.1271   0.1361   0.1257   0.1395   0.1373   0.1441   0.1585   0.1357   0.1070   0.1344   0.0844   0.1237   0.1158   0.1071   0.1028   0.1251   0.1147   0.1401
SIM8L2   0.1350  0.1149  0.0775  0.1344  0.1680  0.1637  0.1571  0.0937  1.0000  0.0550   0.1779   0.1127   0.1349   0.0860   0.1023   0.0905   0.0869   0.1074   0.0341   0.1243   0.1467   0.1477   0.1416   0.1168   0.0978   0.1477   0.0776   0.0717   0.1556   0.1495   0.0659   0.1345   0.1284   0.1104   0.1475   0.1197   0.1153   0.1145   0.0849   0.1542   0.1289   0.1042   0.1157   0.1012   0.1389   0.0541   0.0460   0.0600   0.1088   0.0995   0.1203
SIM9L2   0.1335  0.1822  0.1341  0.0796  0.1202  0.0630  0.2324  0.1924  0.0550  1.0000   0.1418   0.1404   0.1226   0.1837   0.1100   0.0984   0.1684   0.0515   0.1300   0.1578   0.1196   0.1055   0.0612   0.0706   0.1159   0.1105   0.1391   0.1567   0.1340   0.1542   0.1603   0.1456   0.1243   0.0842   0.1151   0.0773   0.1135   0.1260   0.1053   0.1132   0.0735   0.1122   0.0994   0.2664   0.1019   0.1498   0.2144   0.2034   0.1612   0.0887   0.2028
SIM10L2  0.1510  0.1383  0.1579  0.1542  0.1872  0.1581  0.1772  0.1127  0.1779  0.1418   1.0000   0.1106   0.1521   0.1303   0.1046   0.0977   0.0782   0.1328   0.0988   0.1209   0.1321   0.0948   0.1065   0.1630   0.1239   0.1568   0.0734   0.1119   0.2086   0.1241   0.1056   0.1219   0.1385   0.0754   0.1489   0.0981   0.1436   0.0913   0.0990   0.1629   0.1424   0.1304   0.1358   0.1117   0.2170   0.1416   0.1020   0.0936   0.1272   0.1182   0.1468
SIM11L2  0.1075  0.1356  0.0734  0.1713  0.1905  0.1524  0.1260  0.1004  0.1127  0.1404   0.1106   1.0000   0.1210   0.1090   0.1523   0.1513   0.1209   0.1327   0.1715   0.0851   0.1152   0.2036   0.1669   0.1156   0.1463   0.0911   0.1290   0.1771   0.1143   0.1681   0.1352   0.0983   0.1100   0.1897   0.1889   0.1419   0.1146   0.1349   0.1235   0.0911   0.1459   0.0861   0.1559   0.1490   0.1089   0.2307   0.1494   0.1587   0.1514   0.1420   0.1822
SIM12L2  0.1082  0.0706  0.1191  0.1563  0.1109  0.1003  0.1101  0.0793  0.1349  0.1226   0.1521   0.1210   1.0000   0.0969   0.0859   0.1636   0.1287   0.1045   0.1183   0.1674   0.0994   0.1100   0.1275   0.1136   0.1924   0.1128   0.1447   0.0765   0.1466   0.1001   0.0642   0.1243   0.1156   0.1006   0.1477   0.1125   0.1623   0.0954   0.0603   0.0634   0.0867   0.1269   0.1189   0.1203   0.1523   0.1144   0.1210   0.0618   0.1395   0.0938   0.1130
SIM13L2  0.1069  0.1083  0.1634  0.2072  0.1240  0.1604  0.2049  0.1532  0.0860  0.1837   0.1303   0.1090   0.0969   1.0000   0.1282   0.1199   0.0909   0.0808   0.1851   0.2334   0.1802   0.0842   0.0809   0.0984   0.1738   0.1582   0.1857   0.2007   0.2096   0.1040   0.2028   0.1672   0.1803   0.2566   0.1677   0.1413   0.1969   0.2123   0.1725   0.1187   0.1741   0.1569   0.1629   0.1786   0.1251   0.1312   0.2179   0.2234   0.1866   0.1347   0.2441
SIM14L2  0.1227  0.0929  0.1616  0.1473  0.1670  0.1131  0.1017  0.1182  0.1023  0.1100   0.1046   0.1523   0.0859   0.1282   1.0000   0.0979   0.1190   0.1328   0.1151   0.1676   0.1127   0.1044   0.1057   0.1148   0.1508   0.1658   0.0886   0.1856   0.1136   0.1799   0.1456   0.0826   0.1031   0.1470   0.1122   0.1301   0.1289   0.1445   0.1042   0.1514   0.1489   0.1067   0.1649   0.1710   0.1439   0.1351   0.1597   0.1965   0.0766   0.1351   0.1209
SIM15L2  0.1528  0.0594  0.0834  0.0957  0.1417  0.1095  0.0564  0.1133  0.0905  0.0984   0.0977   0.1513   0.1636   0.1199   0.0979   1.0000   0.1458   0.1275   0.0829   0.1391   0.1467   0.1606   0.1122   0.1493   0.1600   0.1204   0.0998   0.1452   0.0801   0.0924   0.1482   0.1277   0.1202   0.1221   0.1703   0.1359   0.1633   0.1297   0.1344   0.1373   0.1009   0.1248   0.1643   0.1145   0.1337   0.0953   0.1289   0.1099   0.0696   0.1686   0.1361
SIM16L2  0.1388  0.1509  0.1559  0.2002  0.1640  0.0603  0.1145  0.1389  0.0869  0.1684   0.0782   0.1209   0.1287   0.0909   0.1190   0.1458   1.0000   0.1382   0.0887   0.1453   0.1170   0.0921   0.0917   0.1724   0.1772   0.1409   0.1076   0.1487   0.0971   0.1284   0.1116   0.1459   0.1112   0.0978   0.1455   0.1436   0.1324   0.1024   0.1295   0.1614   0.1358   0.0937   0.1221   0.1710   0.1401   0.0542   0.1051   0.1245   0.0827   0.1000   0.1171
SIM17L2  0.1489  0.1203  0.1133  0.2011  0.1749  0.1828  0.1131  0.1194  0.1074  0.0515   0.1328   0.1327   0.1045   0.0808   0.1328   0.1275   0.1382   1.0000   0.2004   0.1854   0.1022   0.1608   0.2167   0.2212   0.1496   0.2232   0.1346   0.1858   0.1303   0.1250   0.1371   0.1868   0.1473   0.1372   0.1538   0.1845   0.1936   0.0643   0.0941   0.1314   0.1371   0.1343   0.1469   0.1559   0.1369   0.1493   0.1108   0.1321   0.1189   0.1550   0.1196
SIM18L2  0.1294  0.0757  0.1148  0.1245  0.1501  0.0921  0.1909  0.1491  0.0341  0.1300   0.0988   0.1715   0.1183   0.1851   0.1151   0.0829   0.0887   0.2004   1.0000   0.2273   0.1257   0.1761   0.1535   0.1400   0.1699   0.1813   0.2038   0.2375   0.1270   0.1210   0.0809   0.1361   0.1284   0.2182   0.2599   0.1463   0.2294   0.0780   0.1231   0.0721   0.0920   0.1210   0.1163   0.1428   0.0847   0.1819   0.2222   0.1708   0.1651   0.0863   0.1765
SIM19L2  0.1434  0.0942  0.1498  0.2131  0.1142  0.1269  0.1646  0.1393  0.1243  0.1578   0.1209   0.0851   0.1674   0.2334   0.1676   0.1391   0.1453   0.1854   0.2273   1.0000   0.1535   0.1357   0.1352   0.1448   0.1705   0.2243   0.1771   0.1559   0.1644   0.1202   0.1255   0.1914   0.1726   0.1417   0.1429   0.1577   0.2566   0.1386   0.1316   0.1201   0.1113   0.0914   0.2010   0.1547   0.1629   0.1197   0.2165   0.1852   0.1455   0.1483   0.2244
SIM20L2  0.1306  0.0848  0.1386  0.1468  0.1036  0.0867  0.1769  0.1414  0.1467  0.1196   0.1321   0.1152   0.0994   0.1802   0.1127   0.1467   0.1170   0.1022   0.1257   0.1535   1.0000   0.1420   0.1463   0.1430   0.1396   0.1497   0.1570   0.1456   0.1842   0.1425   0.1257   0.1410   0.1792   0.1471   0.1607   0.1215   0.2145   0.1817   0.1567   0.2069   0.1279   0.1398   0.1607   0.1590   0.1627   0.0931   0.1547   0.1461   0.1747   0.1312   0.1939
SIM21L2  0.1328  0.0885  0.0636  0.1138  0.2010  0.1191  0.1347  0.0562  0.1477  0.1055   0.0948   0.2036   0.1100   0.0842   0.1044   0.1606   0.0921   0.1608   0.1761   0.1357   0.1420   1.0000   0.1914   0.1382   0.1083   0.1107   0.0768   0.1399   0.1400   0.1820   0.0833   0.1598   0.1129   0.1545   0.1402   0.1774   0.1504   0.1123   0.1255   0.1363   0.1667   0.1092   0.1175   0.1315   0.1059   0.1881   0.1272   0.0809   0.1251   0.1234   0.1219
SIM22L2  0.1139  0.0670  0.0485  0.1454  0.1371  0.1352  0.1065  0.1469  0.1416  0.0612   0.1065   0.1669   0.1275   0.0809   0.1057   0.1122   0.0917   0.2167   0.1535   0.1352   0.1463   0.1914   1.0000   0.1781   0.1718   0.1927   0.1652   0.1713   0.1428   0.1147   0.1558   0.1345   0.1211   0.1287   0.1378   0.1298   0.1425   0.0988   0.1613   0.1267   0.1735   0.1700   0.1246   0.1194   0.1467   0.2188   0.0855   0.1294   0.1033   0.1346   0.1391
SIM23L2  0.1394  0.1419  0.1742  0.1849  0.1847  0.1726  0.1546  0.1787  0.1168  0.0706   0.1630   0.1156   0.1136   0.0984   0.1148   0.1493   0.1724   0.2212   0.1400   0.1448   0.1430   0.1382   0.1781   1.0000   0.1648   0.1192   0.1234   0.1833   0.1120   0.1632   0.0931   0.1691   0.1006   0.1301   0.1512   0.1542   0.1644   0.1328   0.0742   0.1437   0.1968   0.1069   0.1073   0.1355   0.1539   0.1809   0.0710   0.1149   0.1203   0.1080   0.1711
SIM24L2  0.1177  0.1210  0.1753  0.1451  0.1950  0.1449  0.1249  0.1713  0.0978  0.1159   0.1239   0.1463   0.1924   0.1738   0.1508   0.1600   0.1772   0.1496   0.1699   0.1705   0.1396   0.1083   0.1718   0.1648   1.0000   0.2056   0.0703   0.2017   0.0998   0.1307   0.1568   0.2603   0.1298   0.1992   0.1612   0.1315   0.1313   0.1495   0.1628   0.1303   0.1669   0.1482   0.1630   0.1224   0.1236   0.1538   0.1501   0.1412   0.1613   0.1613   0.1494
SIM25L2  0.1334  0.0536  0.1301  0.1160  0.2259  0.1508  0.1330  0.1465  0.1477  0.1105   0.1568   0.0911   0.1128   0.1582   0.1658   0.1204   0.1409   0.2232   0.1813   0.2243   0.1497   0.1107   0.1927   0.1192   0.2056   1.0000   0.1165   0.1930   0.1716   0.1501   0.1203   0.1657   0.1749   0.1249   0.2155   0.0837   0.2094   0.1542   0.1391   0.1104   0.1147   0.1416   0.1880   0.1834   0.1124   0.1199   0.2228   0.1622   0.1239   0.1208   0.1496
SIM26L2  0.0938  0.1539  0.0918  0.1308  0.1160  0.1143  0.1052  0.1203  0.0776  0.1391   0.0734   0.1290   0.1447   0.1857   0.0886   0.0998   0.1076   0.1346   0.2038   0.1771   0.1570   0.0768   0.1652   0.1234   0.0703   0.1165   1.0000   0.1265   0.1279   0.1054   0.1367   0.1152   0.1545   0.1104   0.1239   0.1581   0.2029   0.1007   0.1101   0.0755   0.1028   0.1401   0.1426   0.2207   0.1237   0.2030   0.1753   0.1281   0.1245   0.0644   0.1646
SIM27L2  0.1433  0.1069  0.1067  0.1301  0.1687  0.1792  0.1359  0.1435  0.0717  0.1567   0.1119   0.1771   0.0765   0.2007   0.1856   0.1452   0.1487   0.1858   0.2375   0.1559   0.1456   0.1399   0.1713   0.1833   0.2017   0.1930   0.1265   1.0000   0.1708   0.1593   0.1667   0.1672   0.1294   0.1489   0.2550   0.1627   0.1639   0.1587   0.1005   0.1831   0.0935   0.2062   0.1542   0.1790   0.1207   0.1839   0.2149   0.1405   0.1204   0.0933   0.1789
SIM28L2  0.1333  0.0745  0.1546  0.1881  0.2000  0.1597  0.2216  0.1271  0.1556  0.1340   0.2086   0.1143   0.1466   0.2096   0.1136   0.0801   0.0971   0.1303   0.1270   0.1644   0.1842   0.1400   0.1428   0.1120   0.0998   0.1716   0.1279   0.1708   1.0000   0.1721   0.0804   0.1539   0.1613   0.0928   0.1663   0.0612   0.1528   0.1869   0.1021   0.1399   0.1099   0.1474   0.1641   0.1967   0.1104   0.1070   0.1818   0.1783   0.1942   0.1045   0.2235
SIM29L2  0.1210  0.1551  0.1267  0.1356  0.0784  0.1488  0.1737  0.1281  0.1495  0.1542   0.1241   0.1681   0.1001   0.1040   0.1799   0.0924   0.1284   0.1250   0.1210   0.1202   0.1425   0.1820   0.1147   0.1632   0.1307   0.1501   0.1054   0.1593   0.1721   1.0000   0.1043   0.1532   0.1774   0.0654   0.1367   0.1292   0.1036   0.1503   0.1648   0.1133   0.1488   0.1100   0.1343   0.1513   0.1525   0.1089   0.1659   0.1781   0.1500   0.1439   0.1517
SIM30L2  0.1160  0.1181  0.1178  0.1663  0.0614  0.1274  0.0777  0.1273  0.0659  0.1603   0.1056   0.1352   0.0642   0.2028   0.1456   0.1482   0.1116   0.1371   0.0809   0.1255   0.1257   0.0833   0.1558   0.0931   0.1568   0.1203   0.1367   0.1667   0.0804   0.1043   1.0000   0.1728   0.1405   0.1482   0.1676   0.1417   0.1522   0.1339   0.1330   0.1473   0.1617   0.1770   0.1715   0.1017   0.1214   0.1197   0.0561   0.1298   0.0814   0.1400   0.1474
SIM31L2  0.1238  0.1181  0.1759  0.1574  0.1440  0.1647  0.1532  0.1624  0.1345  0.1456   0.1219   0.0983   0.1243   0.1672   0.0826   0.1277   0.1459   0.1868   0.1361   0.1914   0.1410   0.1598   0.1345   0.1691   0.2603   0.1657   0.1152   0.1672   0.1539   0.1532   0.1728   1.0000   0.0975   0.1336   0.1746   0.1756   0.1126   0.1520   0.1711   0.1346   0.1957   0.1468   0.1466   0.1518   0.1134   0.1569   0.0775   0.1304   0.2158   0.1610   0.0554
SIM32L2  0.1418  0.1383  0.1277  0.1753  0.1614  0.1498  0.1655  0.0950  0.1284  0.1243   0.1385   0.1100   0.1156   0.1803   0.1031   0.1202   0.1112   0.1473   0.1284   0.1726   0.1792   0.1129   0.1211   0.1006   0.1298   0.1749   0.1545   0.1294   0.1613   0.1774   0.1405   0.0975   1.0000   0.0793   0.1275   0.1146   0.2088   0.1318   0.1178   0.0733   0.1352   0.1298   0.1963   0.1924   0.1445   0.1028   0.1515   0.1837   0.1267   0.1438   0.2343
SIM33L2  0.1229  0.0898  0.1021  0.1767  0.1618  0.1754  0.1698  0.1271  0.1104  0.0842   0.0754   0.1897   0.1006   0.2566   0.1470   0.1221   0.0978   0.1372   0.2182   0.1417   0.1471   0.1545   0.1287   0.1301   0.1992   0.1249   0.1104   0.1489   0.0928   0.0654   0.1482   0.1336   0.0793   1.0000   0.1534   0.1672   0.1092   0.1547   0.0857   0.1635   0.1990   0.1245   0.0974   0.1047   0.1223   0.1437   0.1471   0.1140   0.1469   0.1317   0.1227
SIM34L2  0.1331  0.1304  0.1271  0.1554  0.1414  0.1177  0.1648  0.1361  0.1475  0.1151   0.1489   0.1889   0.1477   0.1677   0.1122   0.1703   0.1455   0.1538   0.2599   0.1429   0.1607   0.1402   0.1378   0.1512   0.1612   0.2155   0.1239   0.2550   0.1663   0.1367   0.1676   0.1746   0.1275   0.1534   1.0000   0.1498   0.1745   0.1435   0.1450   0.1737   0.1309   0.1607   0.1641   0.1825   0.1560   0.1570   0.2231   0.2444   0.2286   0.0868   0.2328
SIM35L2  0.1199  0.1115  0.0910  0.0921  0.1279  0.0764  0.1301  0.1257  0.1197  0.0773   0.0981   0.1419   0.1125   0.1413   0.1301   0.1359   0.1436   0.1845   0.1463   0.1577   0.1215   0.1774   0.1298   0.1542   0.1315   0.0837   0.1581   0.1627   0.0612   0.1292   0.1417   0.1756   0.1146   0.1672   0.1498   1.0000   0.1096   0.1156   0.1111   0.1429   0.1616   0.0849   0.2091   0.1844   0.0987   0.1422   0.0751   0.1167   0.0580   0.1445   0.1693
SIM36L2  0.1218  0.0922  0.1770  0.2057  0.1221  0.1295  0.1025  0.1395  0.1153  0.1135   0.1436   0.1146   0.1623   0.1969   0.1289   0.1633   0.1324   0.1936   0.2294   0.2566   0.2145   0.1504   0.1425   0.1644   0.1313   0.2094   0.2029   0.1639   0.1528   0.1036   0.1522   0.1126   0.2088   0.1092   0.1745   0.1096   1.0000   0.0971   0.1457   0.0949   0.0934   0.1298   0.1557   0.1167   0.1553   0.1882   0.2314   0.1242   0.1869   0.1554   0.1864
SIM37L2  0.1400  0.0717  0.1808  0.1420  0.1250  0.1246  0.1443  0.1373  0.1145  0.1260   0.0913   0.1349   0.0954   0.2123   0.1445   0.1297   0.1024   0.0643   0.0780   0.1386   0.1817   0.1123   0.0988   0.1328   0.1495   0.1542   0.1007   0.1587   0.1869   0.1503   0.1339   0.1520   0.1318   0.1547   0.1435   0.1156   0.0971   1.0000   0.1695   0.0850   0.1451   0.1620   0.1764   0.1016   0.1494   0.1452   0.2172   0.1595   0.1216   0.1018   0.1506
SIM38L2  0.1027  0.0432  0.1121  0.1109  0.1041  0.1109  0.1295  0.1441  0.0849  0.1053   0.0990   0.1235   0.0603   0.1725   0.1042   0.1344   0.1295   0.0941   0.1231   0.1316   0.1567   0.1255   0.1613   0.0742   0.1628   0.1391   0.1101   0.1005   0.1021   0.1648   0.1330   0.1711   0.1178   0.0857   0.1450   0.1111   0.1457   0.1695   1.0000   0.0680   0.1510   0.1689   0.1030   0.1034   0.1289   0.1166   0.0952   0.1584   0.1190   0.1236   0.1217
SIM39L2  0.1471  0.1410  0.1327  0.0905  0.1680  0.1277  0.1313  0.1585  0.1542  0.1132   0.1629   0.0911   0.0634   0.1187   0.1514   0.1373   0.1614   0.1314   0.0721   0.1201   0.2069   0.1363   0.1267   0.1437   0.1303   0.1104   0.0755   0.1831   0.1399   0.1133   0.1473   0.1346   0.0733   0.1635   0.1737   0.1429   0.0949   0.0850   0.0680   1.0000   0.1467   0.1548   0.1418   0.1854   0.1430   0.1263   0.1210   0.1687   0.1244   0.1013   0.1979
SIM40L2  0.1329  0.1219  0.1785  0.1134  0.1466  0.1642  0.1185  0.1357  0.1289  0.0735   0.1424   0.1459   0.0867   0.1741   0.1489   0.1009   0.1358   0.1371   0.0920   0.1113   0.1279   0.1667   0.1735   0.1968   0.1669   0.1147   0.1028   0.0935   0.1099   0.1488   0.1617   0.1957   0.1352   0.1990   0.1309   0.1616   0.0934   0.1451   0.1510   0.1467   1.0000   0.1004   0.1013   0.1176   0.1490   0.1281   0.0833   0.1268   0.1470   0.1335   0.1047
SIM41L2  0.1146  0.1390  0.1325  0.1842  0.1684  0.1174  0.1490  0.1070  0.1042  0.1122   0.1304   0.0861   0.1269   0.1569   0.1067   0.1248   0.0937   0.1343   0.1210   0.0914   0.1398   0.1092   0.1700   0.1069   0.1482   0.1416   0.1401   0.2062   0.1474   0.1100   0.1770   0.1468   0.1298   0.1245   0.1607   0.0849   0.1298   0.1620   0.1689   0.1548   0.1004   1.0000   0.1047   0.0884   0.2022   0.0883   0.1354   0.1185   0.1344   0.0976   0.1172
SIM42L2  0.1221  0.0965  0.1343  0.1634  0.1467  0.1498  0.1687  0.1344  0.1157  0.0994   0.1358   0.1559   0.1189   0.1629   0.1649   0.1643   0.1221   0.1469   0.1163   0.2010   0.1607   0.1175   0.1246   0.1073   0.1630   0.1880   0.1426   0.1542   0.1641   0.1343   0.1715   0.1466   0.1963   0.0974   0.1641   0.2091   0.1557   0.1764   0.1030   0.1418   0.1013   0.1047   1.0000   0.1676   0.1032   0.1364   0.1919   0.1836   0.0930   0.1282   0.1895
SIM43L2  0.1152  0.1889  0.1293  0.0890  0.1891  0.0911  0.1999  0.0844  0.1012  0.2664   0.1117   0.1490   0.1203   0.1786   0.1710   0.1145   0.1710   0.1559   0.1428   0.1547   0.1590   0.1315   0.1194   0.1355   0.1224   0.1834   0.2207   0.1790   0.1967   0.1513   0.1017   0.1518   0.1924   0.1047   0.1825   0.1844   0.1167   0.1016   0.1034   0.1854   0.1176   0.0884   0.1676   1.0000   0.0910   0.2296   0.2092   0.2531   0.1399   0.1320   0.3179
SIM44L2  0.1094  0.1473  0.1883  0.2422  0.1322  0.1195  0.1922  0.1237  0.1389  0.1019   0.2170   0.1089   0.1523   0.1251   0.1439   0.1337   0.1401   0.1369   0.0847   0.1629   0.1627   0.1059   0.1467   0.1539   0.1236   0.1124   0.1237   0.1207   0.1104   0.1525   0.1214   0.1134   0.1445   0.1223   0.1560   0.0987   0.1553   0.1494   0.1289   0.1430   0.1490   0.2022   0.1032   0.0910   1.0000   0.1531   0.1000   0.1161   0.1524   0.1010   0.1445
SIM45L2  0.1324  0.2261  0.0754  0.1915  0.1946  0.1124  0.0896  0.1158  0.0541  0.1498   0.1416   0.2307   0.1144   0.1312   0.1351   0.0953   0.0542   0.1493   0.1819   0.1197   0.0931   0.1881   0.2188   0.1809   0.1538   0.1199   0.2030   0.1839   0.1070   0.1089   0.1197   0.1569   0.1028   0.1437   0.1570   0.1422   0.1882   0.1452   0.1166   0.1263   0.1281   0.0883   0.1364   0.2296   0.1531   1.0000   0.1587   0.0742   0.1135   0.1116   0.1605
SIM46L2  0.1199  0.1464  0.1346  0.1020  0.1118  0.0643  0.1874  0.1071  0.0460  0.2144   0.1020   0.1494   0.1210   0.2179   0.1597   0.1289   0.1051   0.1108   0.2222   0.2165   0.1547   0.1272   0.0855   0.0710   0.1501   0.2228   0.1753   0.2149   0.1818   0.1659   0.0561   0.0775   0.1515   0.1471   0.2231   0.0751   0.2314   0.2172   0.0952   0.1210   0.0833   0.1354   0.1919   0.2092   0.1000   0.1587   1.0000   0.2229   0.1614   0.1059   0.2286
SIM47L2  0.1240  0.0815  0.0875  0.1905  0.1352  0.0949  0.2127  0.1028  0.0600  0.2034   0.0936   0.1587   0.0618   0.2234   0.1965   0.1099   0.1245   0.1321   0.1708   0.1852   0.1461   0.0809   0.1294   0.1149   0.1412   0.1622   0.1281   0.1405   0.1783   0.1781   0.1298   0.1304   0.1837   0.1140   0.2444   0.1167   0.1242   0.1595   0.1584   0.1687   0.1268   0.1185   0.1836   0.2531   0.1161   0.0742   0.2229   1.0000   0.1843   0.1337   0.2475
SIM48L2  0.1214  0.0903  0.1951  0.1529  0.1533  0.1245  0.1916  0.1251  0.1088  0.1612   0.1272   0.1514   0.1395   0.1866   0.0766   0.0696   0.0827   0.1189   0.1651   0.1455   0.1747   0.1251   0.1033   0.1203   0.1613   0.1239   0.1245   0.1204   0.1942   0.1500   0.0814   0.2158   0.1267   0.1469   0.2286   0.0580   0.1869   0.1216   0.1190   0.1244   0.1470   0.1344   0.0930   0.1399   0.1524   0.1135   0.1614   0.1843   1.0000   0.1006   0.1407
SIM49L2  0.1007  0.1029  0.0610  0.1752  0.0936  0.1405  0.1061  0.1147  0.0995  0.0887   0.1182   0.1420   0.0938   0.1347   0.1351   0.1686   0.1000   0.1550   0.0863   0.1483   0.1312   0.1234   0.1346   0.1080   0.1613   0.1208   0.0644   0.0933   0.1045   0.1439   0.1400   0.1610   0.1438   0.1317   0.0868   0.1445   0.1554   0.1018   0.1236   0.1013   0.1335   0.0976   0.1282   0.1320   0.1010   0.1116   0.1059   0.1337   0.1006   1.0000   0.1634
SIM50L2  0.0982  0.2140  0.1141  0.1448  0.1676  0.1186  0.2535  0.1401  0.1203  0.2028   0.1468   0.1822   0.1130   0.2441   0.1209   0.1361   0.1171   0.1196   0.1765   0.2244   0.1939   0.1219   0.1391   0.1711   0.1494   0.1496   0.1646   0.1789   0.2235   0.1517   0.1474   0.0554   0.2343   0.1227   0.2328   0.1693   0.1864   0.1506   0.1217   0.1979   0.1047   0.1172   0.1895   0.3179   0.1445   0.1605   0.2286   0.2475   0.1407   0.1634   1.0000

LD Score Matrix Condition Number
4.9685

Annotation Correlation Matrix
         SIM1    SIM2    SIM3    SIM4    SIM5    SIM6    SIM7    SIM8    SIM9   SIM10   SIM11   SIM12   SIM13   SIM14   SIM15   SIM16   SIM17   SIM18   SIM19   SIM20   SIM21   SIM22   SIM23   SIM24   SIM25   SIM26   SIM27   SIM28   SIM29   SIM30   SIM31   SIM32   SIM33   SIM34   SIM35   SIM36   SIM37   SIM38   SIM39   SIM40   SIM41   SIM42   SIM43   SIM44   SIM45   SIM46   SIM47   SIM48   SIM49   SIM50
SIM1   1.0000  0.0062  0.0159  0.0169  0.0024  0.0171  0.0027  0.0172  0.0163  0.0129  0.0167  0.0271  0.0064  0.0233  0.0135  0.0199  0.0136  0.0137  0.0233  0.0026  0.0282  0.0168  0.0200  0.0167  0.0204  0.0103  0.0196  0.0124  0.0169  0.0239  0.0062  0.0295  0.0137  0.0129  0.0243  0.0097  0.0137  0.0135  0.0103  0.0059  0.0165  0.0057  0.0062  0.0093  0.0244  0.0166  0.0127  0.0173  0.0027  0.0059
SIM2   0.0062  1.0000  0.0192  0.0203  0.0160  0.0206  0.0063  0.0098  0.0058  0.0093  0.0165  0.0130  0.0211  0.0162  0.0062  0.0094  0.0099  0.0100  0.0059  0.0237  0.0171  0.0237  0.0094  0.0201  0.0131  0.0139  0.0092  0.0157  0.0168  0.0237  0.0168  0.0091  0.0208  0.0301  0.0098  0.0096  0.0136  0.0098  0.0251  0.0161  0.0338  0.0225  0.0169  0.0228  0.0026  0.0199  0.0160  0.0172  0.0100  0.0093
SIM3   0.0159  0.0192  1.0000  0.0090  0.0117  0.0091  0.0229  0.0092  0.0216  0.0152  0.0122  0.0154  0.0197  0.0184  0.0057  0.0250  0.0160  0.0093  0.0087  0.0156  0.0058  0.0123  0.0088  0.0122  0.0089  0.0060  0.0246  0.0241  0.0090  0.0223  0.0324  0.0116  0.0264  0.0087  0.0125  0.0223  0.0058  0.0091  0.0060  0.0118  0.0285  0.0052  0.0091  0.0375  0.0363  0.0022  0.0150  0.0092  0.0161  0.0183
SIM4   0.0169  0.0203  0.0090  1.0000  0.0192  0.0204  0.0170  0.0311  0.0092  0.0126  0.0164  0.0094  0.0172  0.0263  0.0168  0.0127  0.0169  0.0026  0.0126  0.0305  0.0205  0.0095  0.0196  0.0269  0.0060  0.0101  0.0226  0.0288  0.0131  0.0130  0.0201  0.0123  0.0206  0.0230  0.0097  0.0165  0.0062  0.0132  0.0212  0.0159 -0.0010  0.0256  0.0238  0.0125  0.0133  0.0094  0.0226  0.0134  0.0099  0.0228
SIM5   0.0024  0.0160  0.0117  0.0192  1.0000  0.0126  0.0196  0.0229  0.0185  0.0153  0.0189  0.0188  0.0234  0.0153  0.0024  0.0022  0.0093  0.0094  0.0186  0.0191  0.0127  0.0124  0.0253  0.0090  0.0124  0.0166  0.0184  0.0212  0.0057  0.0057  0.0125 -0.0011  0.0059  0.0220  0.0194  0.0158  0.0059  0.0058  0.0096  0.0119  0.0089  0.0053  0.0091  0.0151  0.0127  0.0188 -0.0011  0.0162  0.0059  0.0218
SIM6   0.0171  0.0206  0.0091  0.0204  0.0126  1.0000  0.0027  0.0244  0.0197  0.0232  0.0061  0.0095  0.0101  0.0025  0.0099  0.0059  0.0136  0.0174  0.0128  0.0061  0.0208  0.0097  0.0339  0.0096  0.0168  0.0102 -0.0010  0.0225  0.0097  0.0061  0.0097  0.0091  0.0027  0.0025  0.0207  0.0061  0.0210  0.0135  0.0103  0.0024  0.0165  0.0057  0.0062  0.0093  0.0135  0.0095  0.0195  0.0027  0.0064  0.0300
SIM7   0.0027  0.0063  0.0229  0.0170  0.0196  0.0027  1.0000  0.0136  0.0198  0.0234  0.0203  0.0061  0.0102  0.0200  0.0063  0.0200  0.0100  0.0064  0.0060  0.0062  0.0173  0.0169  0.0096  0.0168  0.0133  0.0103  0.0162  0.0125  0.0134  0.0133  0.0098  0.0092  0.0138  0.0060  0.0208  0.0134  0.0064  0.0172  0.0142  0.0129  0.0131  0.0092  0.0026  0.0093  0.0063  0.0167  0.0162 -0.0010  0.0101  0.0025
SIM8   0.0172  0.0098  0.0092  0.0311  0.0229  0.0244  0.0136  1.0000  0.0163  0.0094  0.0061  0.0025  0.0101  0.0303  0.0099  0.0094  0.0172  0.0027  0.0094  0.0132  0.0209  0.0132  0.0130  0.0203  0.0168  0.0177  0.0127  0.0158  0.0241  0.0097  0.0097  0.0193  0.0027  0.0129  0.0026  0.0168  0.0100  0.0171  0.0028  0.0231  0.0095  0.0193  0.0062  0.0299  0.0208  0.0025  0.0058  0.0027  0.0174  0.0163
SIM9   0.0163  0.0058  0.0216  0.0092  0.0185  0.0197  0.0198  0.0163  1.0000  0.0320  0.0091  0.0190  0.0060  0.0155  0.0093  0.0056  0.0025  0.0200  0.0089  0.0125  0.0129  0.0091  0.0123  0.0226  0.0024  0.0097  0.0153  0.0150  0.0229  0.0125  0.0194  0.0183  0.0129  0.0155  0.0196  0.0329  0.0095  0.0128  0.0205  0.0022  0.0090  0.0054  0.0401  0.0186  0.0094  0.0157  0.0022  0.0199  0.0060  0.0022
SIM10  0.0129  0.0093  0.0152  0.0126  0.0153  0.0232  0.0234  0.0094  0.0320  1.0000  0.0125  0.0158  0.0202  0.0222  0.0232  0.0089  0.0199  0.0060  0.0056  0.0160  0.0094  0.0160  0.0157  0.0125  0.0262  0.0347  0.0186  0.0021  0.0127  0.0160  0.0058  0.0216  0.0165  0.0289  0.0197  0.0330  0.0130  0.0024  0.0170  0.0220  0.0157  0.0119  0.0127  0.0055  0.0094  0.0023  0.0088  0.0200  0.0095  0.0221
SIM11  0.0167  0.0165  0.0122  0.0164  0.0189  0.0061  0.0203  0.0061  0.0091  0.0125  1.0000  0.0161  0.0170  0.0125  0.0096  0.0159  0.0132  0.0169  0.0057  0.0128  0.0132  0.0128  0.0228  0.0059  0.0128  0.0172  0.0090  0.0121  0.0130  0.0059  0.0094  0.0353  0.0168  0.0092  0.0131  0.0163  0.0240  0.0166  0.0173  0.0057  0.0126  0.0154  0.0130  0.0123  0.0096  0.0229  0.0156  0.0168  0.0204  0.0057
SIM12  0.0271  0.0130  0.0154  0.0094  0.0188  0.0095  0.0061  0.0025  0.0190  0.0158  0.0161  1.0000  0.0062  0.0091  0.0271  0.0124  0.0202  0.0097  0.0158  0.0093  0.0061  0.0300  0.0057  0.0127  0.0197  0.0171  0.0189  0.0152  0.0198  0.0128  0.0163  0.0318  0.0132  0.0091  0.0235  0.0197  0.0132  0.0095  0.0208  0.0123  0.0364  0.0153  0.0164  0.0289  0.0095  0.0262  0.0189  0.0132  0.0132  0.0090
SIM13  0.0064  0.0211  0.0197  0.0172  0.0234  0.0101  0.0102  0.0101  0.0060  0.0202  0.0170  0.0062  1.0000  0.0202  0.0138  0.0132  0.0139  0.0066  0.0167  0.0063  0.0102  0.0135  0.0097  0.0135  0.0027  0.0219  0.0060  0.0093  0.0100  0.0171  0.0245  0.0232  0.0140  0.0168  0.0175  0.0136 -0.0009  0.0175  0.0258  0.0095  0.0169  0.0093  0.0210  0.0165  0.0175  0.0169  0.0199 -0.0009  0.0065  0.0201
SIM14  0.0233  0.0162  0.0184  0.0263  0.0153  0.0025  0.0200  0.0303  0.0155  0.0222  0.0125  0.0091  0.0202  1.0000  0.0129  0.0156  0.0199  0.0307  0.0155  0.0160  0.0164  0.0126  0.0190  0.0295  0.0126  0.0062  0.0088  0.0183  0.0093  0.0228  0.0127  0.0119  0.0165  0.0256  0.0163  0.0194  0.0095  0.0198  0.0206  0.0089  0.0057  0.0216  0.0162  0.0088  0.0233  0.0192  0.0121  0.0165  0.0166  0.0089
SIM15  0.0135  0.0062  0.0057  0.0168  0.0024  0.0099  0.0063  0.0099  0.0093  0.0232  0.0096  0.0271  0.0138  0.0129  1.0000  0.0198  0.0208  0.0100  0.0059  0.0061  0.0063  0.0097  0.0164  0.0132  0.0061  0.0065  0.0367  0.0023  0.0097  0.0026  0.0062  0.0091  0.0137  0.0129  0.0171  0.0417  0.0210  0.0099  0.0103  0.0162  0.0270  0.0192  0.0241  0.0230  0.0099  0.0165  0.0195  0.0246  0.0173  0.0128
SIM16  0.0199  0.0094  0.0250  0.0127  0.0022  0.0059  0.0200  0.0094  0.0056  0.0089  0.0159  0.0124  0.0132  0.0156  0.0198  1.0000  0.0234  0.0166  0.0222  0.0194  0.0130  0.0126  0.0124  0.0058  0.0160  0.0276  0.0154  0.0215  0.0093  0.0126  0.0093  0.0120  0.0130  0.0224  0.0163  0.0195  0.0060  0.0163  0.0062  0.0188  0.0192  0.0054  0.0059  0.0055  0.0129  0.0091  0.0220  0.0095  0.0131  0.0122
SIM17  0.0136  0.0099  0.0160  0.0169  0.0093  0.0136  0.0100  0.0172  0.0025  0.0199  0.0132  0.0202  0.0139  0.0199  0.0208  0.0234  1.0000  0.0027  0.0094  0.0133  0.0173  0.0026  0.0201  0.0168  0.0204  0.0140  0.0162  0.0125  0.0134  0.0204  0.0170  0.0160  0.0211  0.0095  0.0172  0.0133  0.0101  0.0099  0.0179  0.0198  0.0096  0.0126  0.0207  0.0197  0.0063  0.0131  0.0059  0.0100  0.0248  0.0163
SIM18  0.0137  0.0100  0.0093  0.0026  0.0094  0.0174  0.0064  0.0027  0.0200  0.0060  0.0169  0.0097  0.0066  0.0307  0.0100  0.0166  0.0027  1.0000  0.0166  0.0206  0.0212  0.0098  0.0273  0.0098  0.0098  0.0142  0.0129  0.0126  0.0063  0.0062  0.0063  0.0059  0.0250  0.0131  0.0210  0.0063  0.0213  0.0137  0.0105  0.0165  0.0274  0.0058  0.0063  0.0199  0.0137  0.0133  0.0164  0.0213  0.0139  0.0060
SIM19  0.0233  0.0059  0.0087  0.0126  0.0186  0.0128  0.0060  0.0094  0.0089  0.0056  0.0057  0.0158  0.0167  0.0155  0.0059  0.0222  0.0094  0.0166  1.0000  0.0194  0.0199  0.0092  0.0257  0.0261  0.0228  0.0133  0.0153 -0.0011  0.0161  0.0160  0.0229  0.0087  0.0270  0.0156  0.0163  0.0126  0.0165  0.0128  0.0241  0.0055 -0.0010  0.0216  0.0093  0.0088  0.0129  0.0090  0.0055  0.0130  0.0165  0.0386
SIM20  0.0026  0.0237  0.0156  0.0305  0.0191  0.0061  0.0062  0.0132  0.0125  0.0160  0.0128  0.0093  0.0063  0.0160  0.0061  0.0194  0.0133  0.0206  0.0194  1.0000  0.0062  0.0095  0.0230  0.0233  0.0130  0.0210  0.0057  0.0188  0.0095  0.0199  0.0271  0.0156  0.0206  0.0092  0.0132  0.0200 -0.0010  0.0026  0.0174  0.0057  0.0162  0.0122  0.0237  0.0158  0.0132  0.0128  0.0158  0.0098  0.0134  0.0125
SIM21  0.0282  0.0171  0.0058  0.0205  0.0127  0.0208  0.0173  0.0209  0.0129  0.0094  0.0132  0.0061  0.0102  0.0164  0.0063  0.0130  0.0173  0.0212  0.0199  0.0062  1.0000  0.0311  0.0130  0.0204  0.0204  0.0066  0.0128  0.0226  0.0098  0.0062  0.0062  0.0126  0.0211  0.0200  0.0099  0.0098  0.0064  0.0244  0.0104  0.0059  0.0131  0.0227  0.0279  0.0059  0.0100 -0.0010  0.0162  0.0137  0.0248  0.0267
SIM22  0.0168  0.0237  0.0123  0.0095  0.0124  0.0097  0.0169  0.0132  0.0091  0.0160  0.0128  0.0300  0.0135  0.0126  0.0097  0.0126  0.0026  0.0098  0.0092  0.0095  0.0311  1.0000  0.0093  0.0059  0.0199  0.0027  0.0091  0.0188  0.0095  0.0025  0.0235  0.0156  0.0170  0.0092  0.0061  0.0130  0.0062  0.0167  0.0101  0.0227  0.0265  0.0189  0.0166  0.0158  0.0204  0.0093  0.0225  0.0169  0.0206  0.0193
SIM23  0.0200  0.0094  0.0088  0.0196  0.0253  0.0339  0.0096  0.0130  0.0123  0.0157  0.0228  0.0057  0.0097  0.0190  0.0164  0.0124  0.0201  0.0273  0.0257  0.0230  0.0130  0.0093  1.0000  0.0229  0.0161  0.0134  0.0221  0.0152  0.0128  0.0093  0.0128  0.0153  0.0272  0.0225  0.0129  0.0127  0.0202  0.0060  0.0063  0.0123  0.0091  0.0152  0.0059  0.0122  0.0165  0.0125  0.0155  0.0061  0.0238  0.0089
SIM24  0.0167  0.0201  0.0122  0.0269  0.0090  0.0096  0.0168  0.0203  0.0226  0.0125  0.0059  0.0127  0.0135  0.0295  0.0132  0.0058  0.0168  0.0098  0.0261  0.0233  0.0204  0.0059  0.0229  1.0000  0.0129  0.0209  0.0124  0.0121  0.0165  0.0233  0.0165  0.0222  0.0098  0.0126  0.0061  0.0234  0.0276  0.0061  0.0137  0.0023  0.0161  0.0188  0.0095  0.0224  0.0096  0.0162  0.0325  0.0169  0.0241  0.0125
SIM25  0.0204  0.0131  0.0089  0.0060  0.0124  0.0168  0.0133  0.0168  0.0024  0.0262  0.0128  0.0197  0.0027  0.0126  0.0061  0.0160  0.0204  0.0098  0.0228  0.0130  0.0204  0.0199  0.0161  0.0129  1.0000  0.0100  0.0192  0.0055  0.0166  0.0199  0.0165  0.0056  0.0170  0.0058  0.0132  0.0060  0.0098  0.0061  0.0174  0.0159  0.0024  0.0189  0.0061  0.0124  0.0061  0.0231  0.0225  0.0098  0.0170  0.0125
