*********************************************************************
* LD Score Regression (LDSC)
* Version 1.0.1
* (C) 2014-2019 Brendan Bulik-Sullivan and Hilary Finucane
* Broad Institute of MIT and Harvard / MIT Department of Mathematics
* GNU General Public License v3
*********************************************************************
Call: 
./ldsc.py \
--out /data/sbcs/GuoLab/backup/liq17/CRC_TF_TWAS_zhishan2024/NC_revision_OceanCode/v2_NC_revision//84Tracks//ldscores_sim10000//16 \
--bfile /data/sbcs/GuoLab/backup/liq17/ref/Alkesgroup/1000G_EUR_Phase3_plink_hg38/1000G.EUR.QC.16 \
--annot /data/sbcs/GuoLab/backup/liq17/CRC_TF_TWAS_zhishan2024/NC_revision_OceanCode/v2_NC_revision//84Tracks//annots_sim10000//16.annot.txt \
--l2  \
--ld-wind-kb 100.0 

Beginning analysis at Mon Oct 27 00:32:34 2025
Read list of 316962 SNPs from /data/sbcs/GuoLab/backup/liq17/ref/Alkesgroup/1000G_EUR_Phase3_plink_hg38/1000G.EUR.QC.16.bim
Read 50 annotations for 316962 SNPs from /data/sbcs/GuoLab/backup/liq17/CRC_TF_TWAS_zhishan2024/NC_revision_OceanCode/v2_NC_revision//84Tracks//annots_sim10000//16.annot.txt
Read list of 489 individuals from /data/sbcs/GuoLab/backup/liq17/ref/Alkesgroup/1000G_EUR_Phase3_plink_hg38/1000G.EUR.QC.16.fam
Reading genotypes from /data/sbcs/GuoLab/backup/liq17/ref/Alkesgroup/1000G_EUR_Phase3_plink_hg38/1000G.EUR.QC.16.bed
Estimating LD Score.
Writing LD Scores for 316962 SNPs to /data/sbcs/GuoLab/backup/liq17/CRC_TF_TWAS_zhishan2024/NC_revision_OceanCode/v2_NC_revision//84Tracks//ldscores_sim10000//16.l2.ldscore.gz

Summary of LD Scores in /data/sbcs/GuoLab/backup/liq17/CRC_TF_TWAS_zhishan2024/NC_revision_OceanCode/v2_NC_revision//84Tracks//ldscores_sim10000//16.l2.ldscore.gz
         MAF  SIM1L2  SIM2L2  SIM3L2  SIM4L2  SIM5L2  SIM6L2  SIM7L2  SIM8L2  SIM9L2  SIM10L2  SIM11L2  SIM12L2  SIM13L2  SIM14L2  SIM15L2  SIM16L2  SIM17L2  SIM18L2  SIM19L2  SIM20L2  SIM21L2  SIM22L2  SIM23L2  SIM24L2  SIM25L2  SIM26L2  SIM27L2  SIM28L2  SIM29L2  SIM30L2  SIM31L2  SIM32L2  SIM33L2  SIM34L2  SIM35L2  SIM36L2  SIM37L2  SIM38L2  SIM39L2  SIM40L2  SIM41L2  SIM42L2  SIM43L2  SIM44L2  SIM45L2  SIM46L2  SIM47L2  SIM48L2  SIM49L2  SIM50L2
mean  0.1434  0.0610  0.0611  0.0574  0.0529  0.0576  0.0582  0.0627  0.0550  0.0446   0.0618   0.0548   0.0643   0.0569   0.0525   0.0495   0.0605   0.0524   0.0601   0.0579   0.0621   0.0576   0.0497   0.0521   0.0606   0.0530   0.0572   0.0619   0.0552   0.0620   0.0542   0.0666   0.0478   0.0489   0.0561   0.0662   0.0545   0.0541   0.0596   0.0590   0.0558   0.0578   0.0678   0.0561   0.0637   0.0522   0.0541   0.0551   0.0606   0.0601   0.0582
std   0.1482  0.1954  0.1949  0.2018  0.1789  0.1836  0.1905  0.2082  0.1828  0.1635   0.2041   0.1841   0.2214   0.1863   0.1828   0.1701   0.2261   0.1752   0.2024   0.1914   0.1941   0.1960   0.1653   0.1814   0.1983   0.1784   0.1922   0.1885   0.1949   0.1890   0.1865   0.2175   0.1816   0.1759   0.1766   0.2143   0.1879   0.1829   0.2037   0.1941   0.2138   0.1913   0.2268   0.1974   0.2317   0.1775   0.1840   0.2027   0.1975   0.2074   0.2090
min   0.0051 -0.0121 -0.0147 -0.0116 -0.0117 -0.0121 -0.0145 -0.0127 -0.0113 -0.0115  -0.0151  -0.0111  -0.0134  -0.0130  -0.0122  -0.0116  -0.0153  -0.0179  -0.0111  -0.0131  -0.0139  -0.0107  -0.0167  -0.0109  -0.0152  -0.0125  -0.0138  -0.0157  -0.0172  -0.0133  -0.0119  -0.0146  -0.0124  -0.0120  -0.0126  -0.0121  -0.0157  -0.0158  -0.0125  -0.0193  -0.0106  -0.0136  -0.0156  -0.0133  -0.0195  -0.0114  -0.0144  -0.0132  -0.0144  -0.0128  -0.0119
25%   0.0164  0.0000  0.0000  0.0000  0.0000  0.0000  0.0000  0.0000  0.0000  0.0000   0.0000   0.0000   0.0000   0.0000   0.0000   0.0000   0.0000   0.0000   0.0000   0.0000   0.0000   0.0000   0.0000   0.0000   0.0000   0.0000   0.0000   0.0000   0.0000   0.0000   0.0000   0.0000   0.0000   0.0000   0.0000   0.0000   0.0000   0.0000   0.0000   0.0000   0.0000   0.0000   0.0000   0.0000   0.0000   0.0000   0.0000   0.0000   0.0000   0.0000   0.0000
50%   0.0787  0.0000  0.0000  0.0000  0.0000  0.0000  0.0000  0.0000  0.0000  0.0000   0.0000   0.0000   0.0000   0.0000   0.0000   0.0000   0.0000   0.0000   0.0000   0.0000   0.0000   0.0000   0.0000   0.0000   0.0000   0.0000   0.0000   0.0000   0.0000   0.0000   0.0000   0.0000   0.0000   0.0000   0.0000   0.0000   0.0000   0.0000   0.0000   0.0000   0.0000   0.0000   0.0000   0.0000   0.0000   0.0000   0.0000   0.0000   0.0000   0.0000   0.0000
75%   0.2505  0.0138  0.0143  0.0103  0.0118  0.0150  0.0128  0.0109  0.0118  0.0073   0.0117   0.0109   0.0137   0.0125   0.0086   0.0105   0.0112   0.0088   0.0126   0.0119   0.0155   0.0140   0.0103   0.0085   0.0130   0.0112   0.0118   0.0181   0.0085   0.0155   0.0104   0.0141   0.0072   0.0069   0.0135   0.0162   0.0086   0.0103   0.0130   0.0116   0.0077   0.0127   0.0155   0.0094   0.0127   0.0103   0.0097   0.0073   0.0132   0.0116   0.0108
max   0.5000  2.0049  2.0120  2.5088  2.1162  1.9988  2.1925  2.6402  2.8469  2.1071   2.2318   2.1559   4.1883   3.0989   3.8214   2.0791   3.2979   2.1520   2.6814   2.0000   2.0024   2.2621   2.3849   1.9917   2.0394   2.3695   2.0045   2.1191   2.6618   2.0702   2.1196   3.1726   2.9144   2.0616   2.0883   3.0555   2.6891   3.1136   2.8837   2.3858   3.0500   2.4001   2.9552   3.0112   3.6410   2.2483   2.0128   3.2201   2.2208   2.9495   2.8475

MAF/LD Score Correlation Matrix
            MAF  SIM1L2  SIM2L2  SIM3L2  SIM4L2  SIM5L2  SIM6L2  SIM7L2  SIM8L2  SIM9L2  SIM10L2  SIM11L2  SIM12L2  SIM13L2  SIM14L2  SIM15L2  SIM16L2  SIM17L2  SIM18L2  SIM19L2  SIM20L2  SIM21L2  SIM22L2  SIM23L2  SIM24L2  SIM25L2  SIM26L2  SIM27L2  SIM28L2  SIM29L2  SIM30L2  SIM31L2  SIM32L2  SIM33L2  SIM34L2  SIM35L2  SIM36L2  SIM37L2  SIM38L2  SIM39L2  SIM40L2  SIM41L2  SIM42L2  SIM43L2  SIM44L2  SIM45L2  SIM46L2  SIM47L2  SIM48L2  SIM49L2  SIM50L2
MAF      1.0000  0.1430  0.1203  0.0996  0.1144  0.1725  0.1198  0.1128  0.1494  0.1153   0.0999   0.1301   0.1126   0.1112   0.1315   0.1350   0.0955   0.1065   0.0975   0.1014   0.1106   0.1203   0.1141   0.1273   0.1407   0.1451   0.1395   0.1579   0.1289   0.1354   0.0987   0.1289   0.0809   0.1023   0.1475   0.1481   0.1053   0.1458   0.1106   0.1225   0.1119   0.1137   0.0882   0.1182   0.0915   0.1095   0.1276   0.0981   0.1164   0.1411   0.1209
SIM1L2   0.1430  1.0000  0.1640  0.1641  0.1435  0.2207  0.2155  0.1766  0.1404  0.1133   0.1997   0.1622   0.1846   0.1054   0.2012   0.1313   0.2689   0.1641   0.1931   0.2477   0.1832   0.1971   0.1419   0.2403   0.2328   0.1830   0.2382   0.1811   0.1492   0.2422   0.2215   0.2705   0.1285   0.1007   0.1499   0.1535   0.1731   0.2030   0.2537   0.2190   0.2654   0.0584   0.2642   0.2196   0.2697   0.0852   0.2432   0.1486   0.2284   0.2292   0.2802
SIM2L2   0.1203  0.1640  1.0000  0.2012  0.1675  0.1936  0.2271  0.2083  0.1115  0.1626   0.2096   0.1565   0.1916   0.1097   0.1744   0.1500   0.2179   0.2352   0.1727   0.1886   0.1469   0.2400   0.1436   0.2118   0.2282   0.1797   0.2881   0.1479   0.1992   0.1945   0.3052   0.2444   0.1026   0.1193   0.1597   0.1560   0.1443   0.1618   0.2515   0.1943   0.2846   0.1226   0.2568   0.2178   0.2627   0.1737   0.1723   0.1965   0.1958   0.1632   0.2480
SIM3L2   0.0996  0.1641  0.2012  1.0000  0.1423  0.2906  0.1926  0.1576  0.2554  0.1718   0.2595   0.1451   0.2093   0.1793   0.2480   0.1439   0.2350   0.1888   0.3106   0.2303   0.1265   0.2495   0.2001   0.1724   0.2531   0.1770   0.1746   0.2180   0.1904   0.1179   0.1678   0.2167   0.1919   0.2050   0.2020   0.2499   0.1208   0.1505   0.1914   0.1484   0.2633   0.1274   0.2027   0.2124   0.2632   0.2071   0.2265   0.1720   0.2506   0.1821   0.2950
SIM4L2   0.1144  0.1435  0.1675  0.1423  1.0000  0.1598  0.1717  0.1523  0.1752  0.1354   0.1516   0.1153   0.1920   0.1492   0.1125   0.1426   0.1620   0.1371   0.1567   0.1450   0.1573   0.2328   0.1618   0.2247   0.1759   0.1872   0.1877   0.1524   0.2387   0.2391   0.1556   0.2129   0.1011   0.0816   0.1394   0.1719   0.1015   0.1712   0.2030   0.1813   0.1943   0.1836   0.1787   0.1621   0.2140   0.1440   0.1641   0.1980   0.1863   0.2166   0.1737
SIM5L2   0.1725  0.2207  0.1936  0.2906  0.1598  1.0000  0.2282  0.1654  0.2193  0.0986   0.1601   0.1508   0.2319   0.1215   0.1792   0.1300   0.2756   0.1661   0.1893   0.2170   0.1246   0.2791   0.1574   0.2179   0.1875   0.2206   0.2229   0.1975   0.2341   0.2349   0.2123   0.2574   0.1367   0.1952   0.1666   0.1762   0.1333   0.1787   0.2092   0.2023   0.2717   0.1154   0.2696   0.1757   0.3209   0.1470   0.1922   0.1890   0.2315   0.2280   0.2876
SIM6L2   0.1198  0.2155  0.2271  0.1926  0.1717  0.2282  1.0000  0.1950  0.1895  0.1707   0.1520   0.1600   0.2809   0.1752   0.1727   0.1488   0.3426   0.1702   0.1949   0.1890   0.1816   0.2902   0.2144   0.2130   0.1621   0.2601   0.2954   0.1911   0.2095   0.2426   0.2476   0.2305   0.1320   0.1886   0.1592   0.1919   0.1520   0.2007   0.2612   0.2412   0.3490   0.1389   0.3268   0.2575   0.3652   0.1226   0.1904   0.2163   0.2744   0.2797   0.3243
SIM7L2   0.1128  0.1766  0.2083  0.1576  0.1523  0.1654  0.1950  1.0000  0.1605  0.1507   0.1980   0.2024   0.2242   0.1941   0.1932   0.1780   0.2598   0.1748   0.1933   0.2182   0.2423   0.1789   0.1534   0.1662   0.1837   0.2405   0.2190   0.1841   0.1411   0.2200   0.1427   0.2862   0.1411   0.1759   0.1563   0.1911   0.1396   0.1625   0.1909   0.2277   0.2000   0.1001   0.1875   0.1518   0.2029   0.1773   0.2127   0.1422   0.1749   0.1934   0.2877
SIM8L2   0.1494  0.1404  0.1115  0.2554  0.1752  0.2193  0.1895  0.1605  1.0000  0.1200   0.1151   0.1689   0.2568   0.1222   0.1118   0.1507   0.2039   0.1163   0.1587   0.1471   0.1192   0.1897   0.1659   0.1597   0.1627   0.1436   0.1882   0.1689   0.1778   0.1660   0.1421   0.1995   0.1626   0.1133   0.1430   0.1651   0.1174   0.1884   0.1676   0.1037   0.2759   0.1889   0.2165   0.1403   0.1675   0.1587   0.1403   0.1185   0.1919   0.2482   0.2294
SIM9L2   0.1153  0.1133  0.1626  0.1718  0.1354  0.0986  0.1707  0.1507  0.1200  1.0000   0.1561   0.1890   0.2102   0.1360   0.2352   0.1511   0.1371   0.1532   0.1310   0.1626   0.1286   0.1191   0.1187   0.1300   0.1360   0.1357   0.1244   0.1719   0.1640   0.1054   0.0960   0.1804   0.1538   0.1319   0.1181   0.1215   0.0951   0.1012   0.1311   0.2065   0.1625   0.1184   0.1355   0.1552   0.2265   0.1195   0.1801   0.1928   0.1749   0.1779   0.1446
SIM10L2  0.0999  0.1997  0.2096  0.2595  0.1516  0.1601  0.1520  0.1980  0.1151  0.1561   1.0000   0.1560   0.2004   0.1588   0.2367   0.1863   0.2413   0.1723   0.2395   0.2939   0.2094   0.1838   0.1804   0.2067   0.2606   0.1107   0.2087   0.1789   0.1470   0.2171   0.2108   0.2480   0.1155   0.1872   0.2134   0.2005   0.1674   0.1148   0.1348   0.1638   0.2210   0.1457   0.1684   0.1474   0.2359   0.1602   0.1641   0.2255   0.2176   0.1957   0.2425
SIM11L2  0.1301  0.1622  0.1565  0.1451  0.1153  0.1508  0.1600  0.2024  0.1689  0.1890   0.1560   1.0000   0.1769   0.1234   0.1583   0.1838   0.1740   0.1434   0.1773   0.1516   0.1543   0.1356   0.1806   0.1400   0.1544   0.1747   0.1520   0.1568   0.1525   0.2261   0.1691   0.1699   0.1642   0.1443   0.0829   0.1766   0.0963   0.1766   0.1552   0.2225   0.2389   0.1745   0.2193   0.1845   0.1436   0.1802   0.2022   0.1673   0.1703   0.2039   0.1799
SIM12L2  0.1126  0.1846  0.1916  0.2093  0.1920  0.2319  0.2809  0.2242  0.2568  0.2102   0.2004   0.1769   1.0000   0.1633   0.1455   0.1639   0.2560   0.2298   0.1683   0.2549   0.1335   0.2173   0.1949   0.1893   0.2479   0.3094   0.1829   0.1804   0.1929   0.2725   0.2188   0.2873   0.1614   0.1440   0.1911   0.2002   0.0970   0.1796   0.2679   0.2284   0.3725   0.2281   0.2739   0.2076   0.3291   0.1744   0.1780   0.2082   0.2502   0.2203   0.2588
SIM13L2  0.1112  0.1054  0.1097  0.1793  0.1492  0.1215  0.1752  0.1941  0.1222  0.1360   0.1588   0.1234   0.1633   1.0000   0.1506   0.1239   0.1321   0.1148   0.1619   0.1354   0.1092   0.1259   0.1498   0.1275   0.1967   0.1372   0.1382   0.1843   0.1084   0.1388   0.1599   0.1105   0.1327   0.1543   0.1231   0.1946   0.1260   0.0970   0.1568   0.1214   0.1504   0.0995   0.1489   0.1328   0.1516   0.1610   0.1221   0.1279   0.1276   0.0869   0.1012
SIM14L2  0.1315  0.2012  0.1744  0.2480  0.1125  0.1792  0.1727  0.1932  0.1118  0.2352   0.2367   0.1583   0.1455   0.1506   1.0000   0.1335   0.2254   0.1296   0.1826   0.1941   0.1545   0.1685   0.1550   0.1589   0.1945   0.2072   0.1994   0.1948   0.1770   0.1729   0.1389   0.1606   0.1359   0.1843   0.1624   0.2428   0.1547   0.1228   0.1895   0.1960   0.2109   0.0900   0.1825   0.1147   0.2113   0.1358   0.2011   0.1589   0.1760   0.1414   0.1977
SIM15L2  0.1350  0.1313  0.1500  0.1439  0.1426  0.1300  0.1488  0.1780  0.1507  0.1511   0.1863   0.1838   0.1639   0.1239   0.1335   1.0000   0.1484   0.1181   0.1178   0.2076   0.1565   0.1143   0.1430   0.1507   0.1397   0.1979   0.2390   0.1260   0.0660   0.1584   0.1167   0.1788   0.0910   0.0964   0.1289   0.1537   0.1205   0.1377   0.0665   0.1114   0.1062   0.1443   0.1121   0.1226   0.1252   0.1904   0.1477   0.0967   0.1375   0.1013   0.2245
SIM16L2  0.0955  0.2689  0.2179  0.2350  0.1620  0.2756  0.3426  0.2598  0.2039  0.1371   0.2413   0.1740   0.2560   0.1321   0.2254   0.1484   1.0000   0.1720   0.3004   0.2796   0.1440   0.3646   0.2175   0.2324   0.2253   0.2379   0.3089   0.2069   0.2377   0.2738   0.2583   0.3046   0.0806   0.1400   0.2518   0.1887   0.0974   0.2189   0.3524   0.1910   0.3887   0.1207   0.3618   0.2238   0.4558   0.1624   0.1855   0.2105   0.2716   0.2526   0.4287
SIM17L2  0.1065  0.1641  0.2352  0.1888  0.1371  0.1661  0.1702  0.1748  0.1163  0.1532   0.1723   0.1434   0.2298   0.1148   0.1296   0.1181   0.1720   1.0000   0.1982   0.1555   0.1378   0.2089   0.1705   0.1662   0.2317   0.1637   0.1380   0.1371   0.1336   0.2097   0.2143   0.1946   0.0944   0.1875   0.1356   0.1312   0.1415   0.1559   0.1594   0.1786   0.1941   0.1566   0.2134   0.1663   0.2007   0.1877   0.1619   0.2099   0.1764   0.1505   0.2333
SIM18L2  0.0975  0.1931  0.1727  0.3106  0.1567  0.1893  0.1949  0.1933  0.1587  0.1310   0.2395   0.1773   0.1683   0.1619   0.1826   0.1178   0.3004   0.1982   1.0000   0.1944   0.1508   0.2659   0.1451   0.1474   0.2130   0.1612   0.1906   0.2337   0.1914   0.2110   0.2422   0.2263   0.1579   0.1881   0.1903   0.2701   0.1611   0.1592   0.1677   0.2262   0.2045   0.0905   0.2313   0.2367   0.2886   0.1846   0.1998   0.1464   0.2591   0.2437   0.2653
SIM19L2  0.1014  0.2477  0.1886  0.2303  0.1450  0.2170  0.1890  0.2182  0.1471  0.1626   0.2939   0.1516   0.2549   0.1354   0.1941   0.2076   0.2796   0.1555   0.1944   1.0000   0.1813   0.1565   0.1405   0.1974   0.1860   0.1769   0.2628   0.1653   0.1950   0.2068   0.1546   0.2853   0.1893   0.1180   0.2445   0.1640   0.2226   0.1565   0.2346   0.2221   0.2819   0.0964   0.2088   0.1682   0.2593   0.1987   0.1762   0.2029   0.2239   0.2159   0.2686
SIM20L2  0.1106  0.1832  0.1469  0.1265  0.1573  0.1246  0.1816  0.2423  0.1192  0.1286   0.2094   0.1543   0.1335   0.1092   0.1545   0.1565   0.1440   0.1378   0.1508   0.1813   1.0000   0.1316   0.1113   0.1725   0.1542   0.1103   0.1761   0.1680   0.1582   0.2310   0.0880   0.2223   0.0940   0.1136   0.0922   0.1541   0.1638   0.1849   0.1182   0.1340   0.1194   0.1412   0.1566   0.1376   0.1364   0.1664   0.1687   0.1953   0.1808   0.1311   0.1597
SIM21L2  0.1203  0.1971  0.2400  0.2495  0.2328  0.2791  0.2902  0.1789  0.1897  0.1191   0.1838   0.1356   0.2173   0.1259   0.1685   0.1143   0.3646   0.2089   0.2659   0.1565   0.1316   1.0000   0.2315   0.2357   0.2323   0.2259   0.2001   0.1643   0.2918   0.1983   0.2326   0.2384   0.1549   0.1978   0.1476   0.1781   0.1182   0.2292   0.2443   0.1736   0.3269   0.1262   0.3226   0.1991   0.3587   0.1161   0.2334   0.2530   0.2712   0.2351   0.3318
SIM22L2  0.1141  0.1419  0.1436  0.2001  0.1618  0.1574  0.2144  0.1534  0.1659  0.1187   0.1804   0.1806   0.1949   0.1498   0.1550   0.1430   0.2175   0.1705   0.1451   0.1405   0.1113   0.2315   1.0000   0.1464   0.1602   0.1624   0.1509   0.1444   0.1440   0.1774   0.1866   0.1705   0.1338   0.1690   0.1334   0.1364   0.1025   0.1857   0.1852   0.1789   0.2401   0.1293   0.2344   0.1500   0.2005   0.1591   0.1519   0.1482   0.2038   0.1964   0.2144
SIM23L2  0.1273  0.2403  0.2118  0.1724  0.2247  0.2179  0.2130  0.1662  0.1597  0.1300   0.2067   0.1400   0.1893   0.1275   0.1589   0.1507   0.2324   0.1662   0.1474   0.1974   0.1725   0.2357   0.1464   1.0000   0.2915   0.1596   0.2129   0.1683   0.2655   0.2088   0.2271   0.2293   0.1219   0.1159   0.1530   0.1633   0.1491   0.1845   0.2758   0.2112   0.2760   0.2028   0.2302   0.2007   0.2670   0.1676   0.1724   0.2885   0.2463   0.2243   0.2598
SIM24L2  0.1407  0.2328  0.2282  0.2531  0.1759  0.1875  0.1621  0.1837  0.1627  0.1360   0.2606   0.1544   0.2479   0.1967   0.1945   0.1397   0.2253   0.2317   0.2130   0.1860   0.1542   0.2323   0.1602   0.2915   1.0000   0.1731   0.1651   0.1890   0.1620   0.1961   0.2428   0.2269   0.1447   0.1908   0.1893   0.1842   0.1663   0.2312   0.2429   0.2173   0.3023   0.1897   0.2665   0.2562   0.2225   0.2140   0.2125   0.2610   0.2157   0.2208   0.2666
SIM25L2  0.1451  0.1830  0.1797  0.1770  0.1872  0.2206  0.2601  0.2405  0.1436  0.1357   0.1107   0.1747   0.3094   0.1372   0.2072   0.1979   0.2379   0.1637   0.1612   0.1769   0.1103   0.2259   0.1624   0.1596   0.1731   1.0000   0.2080   0.2202   0.1940   0.2182   0.1967   0.1874   0.1159   0.1022   0.0920   0.2479   0.1007   0.1575   0.2241   0.2164   0.2372   0.1716   0.1924   0.1597   0.2630   0.1940   0.1497   0.1830   0.1796   0.1699   0.2475
SIM26L2  0.1395  0.2382  0.2881  0.1746  0.1877  0.2229  0.2954  0.2190  0.1882  0.1244   0.2087   0.1520   0.1829   0.1382   0.1994   0.2390   0.3089   0.1380   0.1906   0.2628   0.1761   0.2001   0.1509   0.2129   0.1651   0.2080   1.0000   0.1871   0.1783   0.2881   0.1930   0.2624   0.1018   0.1232   0.2407   0.1361   0.1754   0.1798   0.1915   0.1966   0.2684   0.1440   0.2192   0.2145   0.2648   0.1436   0.1580   0.1729   0.2506   0.2238   0.2893
SIM27L2  0.1579  0.1811  0.1479  0.2180  0.1524  0.1975  0.1911  0.1841  0.1689  0.1719   0.1789   0.1568   0.1804   0.1843   0.1948   0.1260   0.2069   0.1371   0.2337   0.1653   0.1680   0.1643   0.1444   0.1683   0.1890   0.2202   0.1871   1.0000   0.1708   0.1998   0.2132   0.2191   0.1302   0.1146   0.1704   0.2063   0.1358   0.1239   0.1848   0.2159   0.1945   0.1853   0.2264   0.2023   0.2238   0.1984   0.2088   0.0879   0.1840   0.1973   0.2147
SIM28L2  0.1289  0.1492  0.1992  0.1904  0.2387  0.2341  0.2095  0.1411  0.1778  0.1640   0.1470   0.1525   0.1929   0.1084   0.1770   0.0660   0.2377   0.1336   0.1914   0.1950   0.1582   0.2918   0.1440   0.2655   0.1620   0.1940   0.1783   0.1708   1.0000   0.1930   0.1397   0.2174   0.1036   0.1545   0.1517   0.1519   0.0999   0.1424   0.2268   0.2383   0.2320   0.1232   0.2322   0.1634   0.3060   0.1506   0.1414   0.2300   0.1804   0.2370   0.2558
SIM29L2  0.1354  0.2422  0.1945  0.1179  0.2391  0.2349  0.2426  0.2200  0.1660  0.1054   0.2171   0.2261   0.2725   0.1388   0.1729   0.1584   0.2738   0.2097   0.2110   0.2068   0.2310   0.1983   0.1774   0.2088   0.1961   0.2182   0.2881   0.1998   0.1930   1.0000   0.2480   0.2711   0.1376   0.1236   0.1383   0.2007   0.1684   0.1994   0.2687   0.2309   0.2789   0.1677   0.2464   0.2578   0.2310   0.1890   0.1923   0.1941   0.2167   0.2067   0.2338
SIM30L2  0.0987  0.2215  0.3052  0.1678  0.1556  0.2123  0.2476  0.1427  0.1421  0.0960   0.2108   0.1691   0.2188   0.1599   0.1389   0.1167   0.2583   0.2143   0.2422   0.1546   0.0880   0.2326   0.1866   0.2271   0.2428   0.1967   0.1930   0.2132   0.1397   0.2480   1.0000   0.2812   0.0622   0.1881   0.1425   0.1782   0.1158   0.2015   0.2351   0.1928   0.2846   0.1500   0.3003   0.2782   0.3013   0.1563   0.1760   0.2054   0.2157   0.2402   0.2736
SIM31L2  0.1289  0.2705  0.2444  0.2167  0.2129  0.2574  0.2305  0.2862  0.1995  0.1804   0.2480   0.1699   0.2873   0.1105   0.1606   0.1788   0.3046   0.1946   0.2263   0.2853   0.2223   0.2384   0.1705   0.2293   0.2269   0.1874   0.2624   0.2191   0.2174   0.2711   0.2812   1.0000   0.1525   0.1213   0.1988   0.1052   0.1240   0.1943   0.2621   0.2218   0.3037   0.1852   0.3053   0.2320   0.3556   0.1848   0.2184   0.2262   0.1841   0.2969   0.3284
SIM32L2  0.0809  0.1285  0.1026  0.1919  0.1011  0.1367  0.1320  0.1411  0.1626  0.1538   0.1155   0.1642   0.1614   0.1327   0.1359   0.0910   0.0806   0.0944   0.1579   0.1893   0.0940   0.1549   0.1338   0.1219   0.1447   0.1159   0.1018   0.1302   0.1036   0.1376   0.0622   0.1525   1.0000   0.2148   0.1459   0.1521   0.1373   0.1118   0.1486   0.2067   0.1720   0.1698   0.0792   0.2101   0.1098   0.1594   0.2362   0.1699   0.1619   0.1170   0.1154
SIM33L2  0.1023  0.1007  0.1193  0.2050  0.0816  0.1952  0.1886  0.1759  0.1133  0.1319   0.1872   0.1443   0.1440   0.1543   0.1843   0.0964   0.1400   0.1875   0.1881   0.1180   0.1136   0.1978   0.1690   0.1159   0.1908   0.1022   0.1232   0.1146   0.1545   0.1236   0.1881   0.1213   0.2148   1.0000   0.1237   0.1632   0.1234   0.1772   0.1458   0.1073   0.2329   0.1167   0.2280   0.1651   0.2268   0.1530   0.2090   0.1894   0.1791   0.1212   0.1720
SIM34L2  0.1475  0.1499  0.1597  0.2020  0.1394  0.1666  0.1592  0.1563  0.1430  0.1181   0.2134   0.0829   0.1911   0.1231   0.1624   0.1289   0.2518   0.1356   0.1903   0.2445   0.0922   0.1476   0.1334   0.1530   0.1893   0.0920   0.2407   0.1704   0.1517   0.1383   0.1425   0.1988   0.1459   0.1237   1.0000   0.1185   0.1489   0.1337   0.1883   0.1490   0.2136   0.0937   0.1892   0.1617   0.2027   0.1530   0.1402   0.1149   0.1538   0.1588   0.2154
SIM35L2  0.1481  0.1535  0.1560  0.2499  0.1719  0.1762  0.1919  0.1911  0.1651  0.1215   0.2005   0.1766   0.2002   0.1946   0.2428   0.1537   0.1887   0.1312   0.2701   0.1640   0.1541   0.1781   0.1364   0.1633   0.1842   0.2479   0.1361   0.2063   0.1519   0.2007   0.1782   0.1052   0.1521   0.1632   0.1185   1.0000   0.1266   0.1649   0.1704   0.1739   0.1684   0.1369   0.1168   0.1617   0.1929   0.1906   0.2447   0.1824   0.1682   0.2056   0.1905
SIM36L2  0.1053  0.1731  0.1443  0.1208  0.1015  0.1333  0.1520  0.1396  0.1174  0.0951   0.1674   0.0963   0.0970   0.1260   0.1547   0.1205   0.0974   0.1415   0.1611   0.2226   0.1638   0.1182   0.1025   0.1491   0.1663   0.1007   0.1754   0.1358   0.0999   0.1684   0.1158   0.1240   0.1373   0.1234   0.1489   0.1266   1.0000   0.1218   0.1459   0.1230   0.1569   0.1015   0.0813   0.1871   0.1051   0.1275   0.1460   0.1380   0.1489   0.1165   0.1469
SIM37L2  0.1458  0.2030  0.1618  0.1505  0.1712  0.1787  0.2007  0.1625  0.1884  0.1012   0.1148   0.1766   0.1796   0.0970   0.1228   0.1377   0.2189   0.1559   0.1592   0.1565   0.1849   0.2292   0.1857   0.1845   0.2312   0.1575   0.1798   0.1239   0.1424   0.1994   0.2015   0.1943   0.1118   0.1772   0.1337   0.1649   0.1218   1.0000   0.2021   0.1504   0.2542   0.1411   0.2324   0.1960   0.1783   0.1202   0.1728   0.1747   0.1411   0.1798   0.2220
SIM38L2  0.1106  0.2537  0.2515  0.1914  0.2030  0.2092  0.2612  0.1909  0.1676  0.1311   0.1348   0.1552   0.2679   0.1568   0.1895   0.0665   0.3524   0.1594   0.1677   0.2346   0.1182   0.2443   0.1852   0.2758   0.2429   0.2241   0.1915   0.1848   0.2268   0.2687   0.2351   0.2621   0.1486   0.1458   0.1883   0.1704   0.1459   0.2021   1.0000   0.2097   0.4051   0.1823   0.3098   0.2662   0.3135   0.2043   0.2030   0.2346   0.2204   0.2479   0.2716
SIM39L2  0.1225  0.2190  0.1943  0.1484  0.1813  0.2023  0.2412  0.2277  0.1037  0.2065   0.1638   0.2225   0.2284   0.1214   0.1960   0.1114   0.1910   0.1786   0.2262   0.2221   0.1340   0.1736   0.1789   0.2112   0.2173   0.2164   0.1966   0.2159   0.2383   0.2309   0.1928   0.2218   0.2067   0.1073   0.1490   0.1739   0.1230   0.1504   0.2097   1.0000   0.2209   0.1522   0.1969   0.1435   0.2924   0.1576   0.1994   0.1697   0.1450   0.2609   0.2136
SIM40L2  0.1119  0.2654  0.2846  0.2633  0.1943  0.2717  0.3490  0.2000  0.2759  0.1625   0.2210   0.2389   0.3725   0.1504   0.2109   0.1062   0.3887   0.1941   0.2045   0.2819   0.1194   0.3269   0.2401   0.2760   0.3023   0.2372   0.2684   0.1945   0.2320   0.2789   0.2846   0.3037   0.1720   0.2329   0.2136   0.1684   0.1569   0.2542   0.4051   0.2209   1.0000   0.1739   0.4055   0.2047   0.4015   0.2096   0.2150   0.2218   0.2854   0.3193   0.4048
SIM41L2  0.1137  0.0584  0.1226  0.1274  0.1836  0.1154  0.1389  0.1001  0.1889  0.1184   0.1457   0.1745   0.2281   0.0995   0.0900   0.1443   0.1207   0.1566   0.0905   0.0964   0.1412   0.1262   0.1293   0.2028   0.1897   0.1716   0.1440   0.1853   0.1232   0.1677   0.1500   0.1852   0.1698   0.1167   0.0937   0.1369   0.1015   0.1411   0.1823   0.1522   0.1739   1.0000   0.1686   0.1094   0.0816   0.1708   0.1700   0.1851   0.1527   0.2145   0.1618
SIM42L2  0.0882  0.2642  0.2568  0.2027  0.1787  0.2696  0.3268  0.1875  0.2165  0.1355   0.1684   0.2193   0.2739   0.1489   0.1825   0.1121   0.3618   0.2134   0.2313   0.2088   0.1566   0.3226   0.2344   0.2302   0.2665   0.1924   0.2192   0.2264   0.2322   0.2464   0.3003   0.3053   0.0792   0.2280   0.1892   0.1168   0.0813   0.2324   0.3098   0.1969   0.4055   0.1686   1.0000   0.2996   0.3782   0.1825   0.1555   0.2021   0.3234   0.2749   0.3477
SIM43L2  0.1182  0.2196  0.2178  0.2124  0.1621  0.1757  0.2575  0.1518  0.1403  0.1552   0.1474   0.1845   0.2076   0.1328   0.1147   0.1226   0.2238   0.1663   0.2367   0.1682   0.1376   0.1991   0.1500   0.2007   0.2562   0.1597   0.2145   0.2023   0.1634   0.2578   0.2782   0.2320   0.2101   0.1651   0.1617   0.1617   0.1871   0.1960   0.2662   0.1435   0.2047   0.1094   0.2996   1.0000   0.2367   0.1594   0.2243   0.2032   0.2523   0.1753   0.2289
SIM44L2  0.0915  0.2697  0.2627  0.2632  0.2140  0.3209  0.3652  0.2029  0.1675  0.2265   0.2359   0.1436   0.3291   0.1516   0.2113   0.1252   0.4558   0.2007   0.2886   0.2593   0.1364   0.3587   0.2005   0.2670   0.2225   0.2630   0.2648   0.2238   0.3060   0.2310   0.3013   0.3556   0.1098   0.2268   0.2027   0.1929   0.1051   0.1783   0.3135   0.2924   0.4015   0.0816   0.3782   0.2367   1.0000   0.1489   0.1794   0.2815   0.2837   0.3222   0.4223
SIM45L2  0.1095  0.0852  0.1737  0.2071  0.1440  0.1470  0.1226  0.1773  0.1587  0.1195   0.1602   0.1802   0.1744   0.1610   0.1358   0.1904   0.1624   0.1877   0.1846   0.1987   0.1664   0.1161   0.1591   0.1676   0.2140   0.1940   0.1436   0.1984   0.1506   0.1890   0.1563   0.1848   0.1594   0.1530   0.1530   0.1906   0.1275   0.1202   0.2043   0.1576   0.2096   0.1708   0.1825   0.1594   0.1489   1.0000   0.1645   0.1574   0.1820   0.1676   0.2031
SIM46L2  0.1276  0.2432  0.1723  0.2265  0.1641  0.1922  0.1904  0.2127  0.1403  0.1801   0.1641   0.2022   0.1780   0.1221   0.2011   0.1477   0.1855   0.1619   0.1998   0.1762   0.1687   0.2334   0.1519   0.1724   0.2125   0.1497   0.1580   0.2088   0.1414   0.1923   0.1760   0.2184   0.2362   0.2090   0.1402   0.2447   0.1460   0.1728   0.2030   0.1994   0.2150   0.1700   0.1555   0.2243   0.1794   0.1645   1.0000   0.2289   0.1645   0.1367   0.1578
SIM47L2  0.0981  0.1486  0.1965  0.1720  0.1980  0.1890  0.2163  0.1422  0.1185  0.1928   0.2255   0.1673   0.2082   0.1279   0.1589   0.0967   0.2105   0.2099   0.1464   0.2029   0.1953   0.2530   0.1482   0.2885   0.2610   0.1830   0.1729   0.0879   0.2300   0.1941   0.2054   0.2262   0.1699   0.1894   0.1149   0.1824   0.1380   0.1747   0.2346   0.1697   0.2218   0.1851   0.2021   0.2032   0.2815   0.1574   0.2289   1.0000   0.2337   0.1825   0.1994
SIM48L2  0.1164  0.2284  0.1958  0.2506  0.1863  0.2315  0.2744  0.1749  0.1919  0.1749   0.2176   0.1703   0.2502   0.1276   0.1760   0.1375   0.2716   0.1764   0.2591   0.2239   0.1808   0.2712   0.2038   0.2463   0.2157   0.1796   0.2506   0.1840   0.1804   0.2167   0.2157   0.1841   0.1619   0.1791   0.1538   0.1682   0.1489   0.1411   0.2204   0.1450   0.2854   0.1527   0.3234   0.2523   0.2837   0.1820   0.1645   0.2337   1.0000   0.1868   0.2900
SIM49L2  0.1411  0.2292  0.1632  0.1821  0.2166  0.2280  0.2797  0.1934  0.2482  0.1779   0.1957   0.2039   0.2203   0.0869   0.1414   0.1013   0.2526   0.1505   0.2437   0.2159   0.1311   0.2351   0.1964   0.2243   0.2208   0.1699   0.2238   0.1973   0.2370   0.2067   0.2402   0.2969   0.1170   0.1212   0.1588   0.2056   0.1165   0.1798   0.2479   0.2609   0.3193   0.2145   0.2749   0.1753   0.3222   0.1676   0.1367   0.1825   0.1868   1.0000   0.2941
SIM50L2  0.1209  0.2802  0.2480  0.2950  0.1737  0.2876  0.3243  0.2877  0.2294  0.1446   0.2425   0.1799   0.2588   0.1012   0.1977   0.2245   0.4287   0.2333   0.2653   0.2686   0.1597   0.3318   0.2144   0.2598   0.2666   0.2475   0.2893   0.2147   0.2558   0.2338   0.2736   0.3284   0.1154   0.1720   0.2154   0.1905   0.1469   0.2220   0.2716   0.2136   0.4048   0.1618   0.3477   0.2289   0.4223   0.2031   0.1578   0.1994   0.2900   0.2941   1.0000

LD Score Matrix Condition Number
5.8184

Annotation Correlation Matrix
         SIM1    SIM2    SIM3    SIM4    SIM5    SIM6    SIM7    SIM8    SIM9   SIM10   SIM11   SIM12   SIM13   SIM14   SIM15   SIM16   SIM17   SIM18   SIM19   SIM20   SIM21   SIM22   SIM23   SIM24   SIM25   SIM26   SIM27   SIM28   SIM29   SIM30   SIM31   SIM32   SIM33   SIM34   SIM35   SIM36   SIM37   SIM38   SIM39   SIM40   SIM41   SIM42   SIM43   SIM44   SIM45   SIM46   SIM47   SIM48   SIM49   SIM50
SIM1   1.0000  0.0079  0.0020  0.0082  0.0138  0.0326  0.0079  0.0204  0.0086  0.0110  0.0111  0.0018  0.0196  0.0115  0.0051  0.0022  0.0146 -0.0010  0.0084  0.0135  0.0110  0.0147  0.0178  0.0174  0.0083  0.0147  0.0076  0.0148  0.0080  0.0082  0.0079  0.0119  0.0053  0.0050  0.0076  0.0211  0.0114  0.0080  0.0199  0.0087  0.0263  0.0333  0.0176  0.0111  0.0111  0.0144  0.0116  0.0138  0.0204  0.0173
SIM2   0.0079  1.0000  0.0078  0.0107  0.0047  0.0137  0.0133  0.0167  0.0144  0.0193  0.0135  0.0045  0.0103  0.0140  0.0078  0.0020  0.0110  0.0164  0.0140  0.0130  0.0222 -0.0010  0.0141  0.0108  0.0109  0.0171  0.0073  0.0234  0.0222  0.0108  0.0047  0.0083  0.0080  0.0165  0.0185  0.0142  0.0139  0.0251  0.0018  0.0209  0.0136  0.0099  0.0109  0.0165  0.0194  0.0168  0.0081  0.0161  0.0166  0.0195
SIM3   0.0020  0.0078  1.0000  0.0112  0.0168  0.0142  0.0108  0.0203  0.0181  0.0140  0.0201  0.0076  0.0137  0.0207  0.0081  0.0179  0.0177  0.0231  0.0239  0.0077  0.0050  0.0303  0.0146  0.0051  0.0083  0.0209  0.0076  0.0148  0.0140  0.0082  0.0079  0.0119  0.0334  0.0171  0.0047  0.0147  0.0021  0.0110  0.0168  0.0055  0.0262  0.0103  0.0021  0.0141  0.0202  0.0143  0.0242  0.0197  0.0051  0.0172
SIM4   0.0082  0.0107  0.0112  1.0000  0.0108  0.0081  0.0226  0.0020  0.0149  0.0199  0.0170  0.0076  0.0136  0.0145  0.0203  0.0021  0.0145  0.0200  0.0145  0.0134  0.0200  0.0240  0.0146  0.0051  0.0206  0.0114  0.0104  0.0179  0.0049  0.0203  0.0138  0.0086  0.0146  0.0201  0.0191  0.0241  0.0082  0.0199  0.0138  0.0119  0.0140  0.0160  0.0206  0.0261  0.0110  0.0143  0.0021  0.0285  0.0111  0.0141
SIM5   0.0138  0.0047  0.0168  0.0108  1.0000  0.0078  0.0047  0.0286  0.0144  0.0106  0.0077  0.0073  0.0189  0.0201  0.0138  0.0143  0.0050  0.0106  0.0110  0.0159  0.0106  0.0172  0.0111  0.0168  0.0260  0.0232  0.0129  0.0173  0.0223  0.0168  0.0134  0.0146  0.0081  0.0077  0.0186  0.0142  0.0049  0.0164  0.0221  0.0084  0.0077  0.0322  0.0170  0.0077  0.0107  0.0168  0.0020  0.0133  0.0196  0.0078
SIM6   0.0326  0.0137  0.0142  0.0081  0.0078  1.0000  0.0078  0.0081  0.0244  0.0109  0.0230  0.0220  0.0078  0.0176  0.0142  0.0116  0.0207  0.0110  0.0114  0.0134  0.0200  0.0084  0.0115  0.0081  0.0144  0.0052  0.0133  0.0084  0.0139  0.0173  0.0019  0.0118  0.0083  0.0110  0.0278  0.0241  0.0175  0.0109  0.0197  0.0022  0.0110  0.0188  0.0175  0.0050  0.0050  0.0051  0.0021  0.0167  0.0111  0.0111
SIM7   0.0079  0.0133  0.0108  0.0226  0.0047  0.0078  1.0000  0.0108  0.0052  0.0106  0.0136  0.0186  0.0161  0.0140  0.0256  0.0204  0.0020  0.0018  0.0231  0.0130  0.0194  0.0081  0.0111  0.0198  0.0140  0.0081  0.0045 -0.0010  0.0077  0.0049  0.0105  0.0021  0.0141  0.0195  0.0298  0.0112  0.0049  0.0193  0.0134  0.0084  0.0253  0.0266  0.0020  0.0195  0.0136  0.0138  0.0051  0.0133  0.0315  0.0167
SIM8   0.0204  0.0167  0.0203  0.0020  0.0286  0.0081  0.0108  1.0000  0.0244  0.0079  0.0110  0.0191  0.0166  0.0207  0.0142  0.0084  0.0083  0.0140  0.0052  0.0163  0.0260  0.0177  0.0146  0.0112  0.0082  0.0146  0.0047  0.0147  0.0229  0.0142  0.0257  0.0343  0.0083  0.0140  0.0162  0.0115  0.0144  0.0079  0.0049  0.0151  0.0140  0.0274  0.0144  0.0140  0.0080  0.0112  0.0147  0.0196  0.0081  0.0202
SIM9   0.0086  0.0144  0.0181  0.0149  0.0144  0.0244  0.0052  0.0244  1.0000  0.0208  0.0241  0.0170  0.0143  0.0023  0.0117  0.0089  0.0185  0.0084  0.0055  0.0111  0.0303  0.0153  0.0153  0.0149  0.0183  0.0120  0.0080  0.0089  0.0146  0.0213  0.0176  0.0091  0.0088  0.0053  0.0110  0.0023  0.0151  0.0208  0.0237  0.0058  0.0084  0.0019  0.0215  0.0241  0.0021  0.0118  0.0219  0.0113  0.0148  0.0116
SIM10  0.0110  0.0193  0.0140  0.0199  0.0106  0.0109  0.0106  0.0079  0.0208  1.0000  0.0137  0.0216  0.0018  0.0112  0.0199  0.0083  0.0112  0.0137  0.0112  0.0046  0.0137  0.0113  0.0327  0.0050  0.0081  0.0174  0.0102  0.0114  0.0196  0.0200  0.0165  0.0085  0.0265  0.0078  0.0159  0.0144  0.0171  0.0107  0.0252  0.0085  0.0227  0.0101  0.0202  0.0049  0.0168  0.0110  0.0052  0.0134  0.0169  0.0109
SIM11  0.0111  0.0135  0.0201  0.0170  0.0077  0.0230  0.0136  0.0110  0.0241  0.0137  1.0000  0.0189  0.0222  0.0235  0.0200  0.0145  0.0113  0.0197  0.0051  0.0190  0.0019  0.0298  0.0051  0.0261  0.0294  0.0236  0.0160  0.0145  0.0137  0.0080  0.0077  0.0022  0.0174  0.0258  0.0132  0.0052  0.0142  0.0108  0.0253  0.0022  0.0138  0.0158  0.0264  0.0258  0.0168  0.0201  0.0083  0.0048  0.0110  0.0139
SIM12  0.0018  0.0045  0.0076  0.0076  0.0073  0.0220  0.0186  0.0191  0.0170  0.0216  0.0189  1.0000  0.0156 -0.0011  0.0192  0.0109  0.0078  0.0189  0.0137  0.0209  0.0046  0.0049  0.0049  0.0163  0.0194  0.0078  0.0290  0.0139  0.0131  0.0047  0.0243  0.0020  0.0108  0.0218  0.0071  0.0049  0.0165  0.0046  0.0073  0.0051  0.0275  0.0151  0.0165  0.0247  0.0247  0.0134  0.0079  0.0157  0.0162  0.0104
SIM13  0.0196  0.0103  0.0137  0.0136  0.0189  0.0078  0.0161  0.0166  0.0143  0.0018  0.0222  0.0156  1.0000  0.0229  0.0166  0.0142  0.0110  0.0134  0.0049  0.0157  0.0105  0.0201  0.0080  0.0167  0.0198  0.0110  0.0128  0.0202  0.0105  0.0255  0.0075  0.0052  0.0260  0.0193  0.0156  0.0141  0.0168  0.0163  0.0161  0.0145  0.0193  0.0154  0.0109  0.0164  0.0194  0.0196  0.0081  0.0189  0.0077  0.0136
SIM14  0.0115  0.0140  0.0207  0.0145  0.0201  0.0176  0.0140  0.0207  0.0023  0.0112  0.0235 -0.0011  0.0229  1.0000  0.0083  0.0022  0.0117  0.0020  0.0053  0.0196  0.0081  0.0117  0.0244  0.0021  0.0304  0.0149  0.0107  0.0310  0.0142  0.0083  0.0141  0.0056  0.0053  0.0051  0.0107  0.0214  0.0241  0.0051  0.0050  0.0285  0.0051  0.0192 -0.0010  0.0020  0.0082  0.0052  0.0054  0.0080  0.0083  0.0237
SIM15  0.0051  0.0078  0.0081  0.0203  0.0138  0.0142  0.0256  0.0142  0.0117  0.0199  0.0200  0.0192  0.0166  0.0083  1.0000  0.0116  0.0114  0.0200  0.0176  0.0135  0.0140  0.0021  0.0177  0.0112  0.0144  0.0146  0.0076  0.0116  0.0200  0.0142  0.0079  0.0087  0.0083  0.0231  0.0105  0.0053  0.0113  0.0079  0.0346  0.0087  0.0201  0.0217  0.0113  0.0141  0.0080  0.0143  0.0116  0.0078  0.0081  0.0111
SIM16  0.0022  0.0020  0.0179  0.0021  0.0143  0.0116  0.0204  0.0084  0.0089  0.0083  0.0145  0.0109  0.0142  0.0022  0.0116  1.0000  0.0087  0.0114  0.0151  0.0140  0.0145  0.0087  0.0151  0.0116  0.0118  0.0151  0.0138  0.0218  0.0238  0.0022  0.0113  0.0090  0.0087  0.0270  0.0139  0.0120  0.0022  0.0144  0.0205  0.0124  0.0083  0.0225  0.0245  0.0208  0.0208  0.0117  0.0185  0.0173  0.0053  0.0084
SIM17  0.0146  0.0110  0.0177  0.0145  0.0050  0.0207  0.0020  0.0083  0.0185  0.0112  0.0113  0.0078  0.0110  0.0117  0.0114  0.0087  1.0000  0.0143  0.0117  0.0138  0.0082  0.0150  0.0213  0.0084  0.0116  0.0181  0.0137  0.0054  0.0112  0.0271  0.0172  0.0121  0.0277  0.0113 -0.0011  0.0118  0.0084  0.0081  0.0111  0.0221  0.0021  0.0135  0.0211  0.0113  0.0237  0.0146  0.0215  0.0140  0.0083  0.0083
SIM18 -0.0010  0.0164  0.0231  0.0200  0.0106  0.0110  0.0018  0.0140  0.0084  0.0137  0.0197  0.0189  0.0134  0.0020  0.0200  0.0114  0.0143  1.0000  0.0143  0.0132  0.0197  0.0175  0.0021  0.0110  0.0051  0.0113  0.0274  0.0176  0.0137  0.0050  0.0195  0.0180  0.0020  0.0168  0.0132  0.0207  0.0111  0.0137  0.0195  0.0181  0.0049  0.0186  0.0112  0.0079  0.0139  0.0080  0.0145  0.0194  0.0050  0.0289
SIM19  0.0084  0.0140  0.0239  0.0145  0.0110  0.0114  0.0231  0.0052  0.0055  0.0112  0.0051  0.0137  0.0049  0.0053  0.0176  0.0151  0.0117  0.0143  1.0000  0.0108  0.0082  0.0022  0.0181  0.0052  0.0179  0.0149  0.0225  0.0247  0.0051  0.0083  0.0232  0.0154  0.0212  0.0174  0.0196  0.0118  0.0210  0.0203  0.0171  0.0056  0.0082  0.0076  0.0147  0.0020  0.0175  0.0115  0.0182  0.0170  0.0083  0.0083
SIM20  0.0135  0.0130  0.0077  0.0134  0.0159  0.0134  0.0130  0.0163  0.0111  0.0046  0.0190  0.0209  0.0157  0.0196  0.0135  0.0140  0.0138  0.0132  0.0108  1.0000  0.0104  0.0109  0.0138  0.0048  0.0195  0.0019  0.0236  0.0140  0.0218  0.0164  0.0131  0.0020  0.0138  0.0191  0.0264  0.0139  0.0195  0.0103  0.0074  0.0143  0.0104  0.0124  0.0137  0.0133  0.0306  0.0194  0.0049  0.0102  0.0134  0.0250
SIM21  0.0110  0.0222  0.0050  0.0200  0.0106  0.0200  0.0194  0.0260  0.0303  0.0137  0.0019  0.0046  0.0105  0.0081  0.0140  0.0145  0.0082  0.0197  0.0082  0.0104  1.0000  0.0175  0.0113  0.0261  0.0203  0.0113  0.0103  0.0145  0.0137  0.0230  0.0224  0.0148  0.0020  0.0079  0.0160  0.0113  0.0142  0.0137  0.0077  0.0054  0.0138  0.0129  0.0081  0.0138  0.0049  0.0080  0.0083  0.0164  0.0109  0.0139
SIM22  0.0147 -0.0010  0.0303  0.0240  0.0172  0.0084  0.0081  0.0177  0.0153  0.0113  0.0298  0.0049  0.0201  0.0117  0.0021  0.0087  0.0150  0.0175  0.0022  0.0109  0.0175  1.0000  0.0022  0.0272  0.0117  0.0150  0.0078  0.0152  0.0051  0.0147  0.0051  0.0089  0.0150  0.0052  0.0138  0.0183  0.0117  0.0082  0.0295  0.0090  0.0207  0.0194  0.0117  0.0176  0.0238  0.0084  0.0119  0.0081  0.0208  0.0114
SIM23  0.0178  0.0141  0.0146  0.0146  0.0111  0.0115  0.0111  0.0146  0.0153  0.0327  0.0051  0.0049  0.0080  0.0244  0.0177  0.0151  0.0213  0.0021  0.0181  0.0138  0.0113  0.0022  1.0000  0.0209  0.0053  0.0022  0.0137  0.0184  0.0143 -0.0010  0.0172  0.0122  0.0214  0.0237  0.0137  0.0151  0.0085  0.0143  0.0142  0.0155  0.0113  0.0223  0.0117  0.0144  0.0114  0.0272  0.0119  0.0111  0.0332  0.0114
SIM24  0.0174  0.0108  0.0051  0.0051  0.0168  0.0081  0.0198  0.0112  0.0149  0.0050  0.0261  0.0163  0.0167  0.0021  0.0112  0.0116  0.0084  0.0110  0.0052  0.0048  0.0261  0.0272  0.0209  1.0000  0.0083  0.0084  0.0250  0.0116  0.0080  0.0204  0.0019  0.0119  0.0178  0.0080  0.0221  0.0116  0.0237  0.0110  0.0348  0.0087  0.0080  0.0103  0.0238  0.0020  0.0141  0.0082  0.0179  0.0138  0.0142  0.0142
SIM25  0.0083  0.0109  0.0083  0.0206  0.0260  0.0144  0.0140  0.0082  0.0183  0.0081  0.0294  0.0194  0.0198  0.0304  0.0144  0.0118  0.0116  0.0051  0.0179  0.0195  0.0203  0.0117  0.0053  0.0083  1.0000  0.0085  0.0194  0.0245  0.0111  0.0175  0.0080  0.0120  0.0053  0.0112  0.0136  0.0054  0.0209  0.0172  0.0200 -0.0010  0.0173  0.0162  0.0146  0.0204  0.0112  0.0114  0.0277  0.0319  0.0051  0.0144
