*********************************************************************
* LD Score Regression (LDSC)
* Version 1.0.1
* (C) 2014-2019 Brendan Bulik-Sullivan and Hilary Finucane
* Broad Institute of MIT and Harvard / MIT Department of Mathematics
* GNU General Public License v3
*********************************************************************
Call: 
./ldsc.py \
--out /data/sbcs/GuoLab/backup/liq17/CRC_TF_TWAS_zhishan2024/NC_revision_OceanCode/v2_NC_revision//84Tracks//ldscores_sim10000//20 \
--bfile /data/sbcs/GuoLab/backup/liq17/ref/Alkesgroup/1000G_EUR_Phase3_plink_hg38/1000G.EUR.QC.20 \
--annot /data/sbcs/GuoLab/backup/liq17/CRC_TF_TWAS_zhishan2024/NC_revision_OceanCode/v2_NC_revision//84Tracks//annots_sim10000//20.annot.txt \
--l2  \
--ld-wind-kb 100.0 

Beginning analysis at Mon Oct 27 00:47:19 2025
Read list of 221582 SNPs from /data/sbcs/GuoLab/backup/liq17/ref/Alkesgroup/1000G_EUR_Phase3_plink_hg38/1000G.EUR.QC.20.bim
Read 50 annotations for 221582 SNPs from /data/sbcs/GuoLab/backup/liq17/CRC_TF_TWAS_zhishan2024/NC_revision_OceanCode/v2_NC_revision//84Tracks//annots_sim10000//20.annot.txt
Read list of 489 individuals from /data/sbcs/GuoLab/backup/liq17/ref/Alkesgroup/1000G_EUR_Phase3_plink_hg38/1000G.EUR.QC.20.fam
Reading genotypes from /data/sbcs/GuoLab/backup/liq17/ref/Alkesgroup/1000G_EUR_Phase3_plink_hg38/1000G.EUR.QC.20.bed
Estimating LD Score.
Writing LD Scores for 221582 SNPs to /data/sbcs/GuoLab/backup/liq17/CRC_TF_TWAS_zhishan2024/NC_revision_OceanCode/v2_NC_revision//84Tracks//ldscores_sim10000//20.l2.ldscore.gz

Summary of LD Scores in /data/sbcs/GuoLab/backup/liq17/CRC_TF_TWAS_zhishan2024/NC_revision_OceanCode/v2_NC_revision//84Tracks//ldscores_sim10000//20.l2.ldscore.gz
         MAF  SIM1L2  SIM2L2  SIM3L2  SIM4L2  SIM5L2  SIM6L2  SIM7L2  SIM8L2  SIM9L2  SIM10L2  SIM11L2  SIM12L2  SIM13L2  SIM14L2  SIM15L2  SIM16L2  SIM17L2  SIM18L2  SIM19L2  SIM20L2  SIM21L2  SIM22L2  SIM23L2  SIM24L2  SIM25L2  SIM26L2  SIM27L2  SIM28L2  SIM29L2  SIM30L2     SIM31L2  SIM32L2  SIM33L2  SIM34L2  SIM35L2  SIM36L2  SIM37L2  SIM38L2  SIM39L2  SIM40L2  SIM41L2  SIM42L2  SIM43L2  SIM44L2  SIM45L2  SIM46L2  SIM47L2  SIM48L2  SIM49L2  SIM50L2
mean  0.1482  0.0728  0.0627  0.0587  0.0598  0.0719  0.0704  0.0701  0.0544  0.0685   0.0700   0.0754   0.0777   0.0590   0.0779   0.0768   0.0727   0.0594   0.0674   0.0726   0.0785   0.0723   0.0666   0.0619   0.0642   0.0639   0.0668   0.0643   0.0629   0.0631   0.0879  7.0166e-02   0.0713   0.0730   0.0736   0.0647   0.0719   0.0671   0.0675   0.0581   0.0680   0.0583   0.0722   0.0795   0.0543   0.0733   0.0636   0.0702   0.0583   0.0747   0.0687
std   0.1493  0.2272  0.2031  0.1913  0.1925  0.2176  0.2106  0.2266  0.1768  0.2122   0.2058   0.2408   0.2322   0.1918   0.2401   0.2500   0.2235   0.1909   0.2182   0.2218   0.2282   0.2174   0.2179   0.1884   0.2060   0.2076   0.1980   0.2229   0.2039   0.1977   0.2499  2.0317e-01   0.2165   0.2187   0.2394   0.1998   0.2242   0.2072   0.2156   0.1806   0.2088   0.1919   0.2300   0.2287   0.1709   0.2333   0.1989   0.2157   0.1885   0.2284   0.2113
min   0.0051 -0.0094 -0.0111 -0.0102 -0.0092 -0.0113 -0.0119 -0.0112 -0.0093 -0.0108  -0.0118  -0.0131  -0.0112  -0.0096  -0.0114  -0.0123  -0.0117  -0.0105  -0.0106  -0.0096  -0.0112  -0.0115  -0.0096  -0.0123  -0.0104  -0.0108  -0.0114  -0.0135  -0.0108  -0.0117  -0.0125 -1.0607e-02  -0.0123  -0.0098  -0.0088  -0.0167  -0.0110  -0.0130  -0.0136  -0.0111  -0.0127  -0.0109  -0.0127  -0.0108  -0.0144  -0.0106  -0.0083  -0.0111  -0.0109  -0.0128  -0.0096
25%   0.0184  0.0000  0.0000  0.0000  0.0000  0.0000  0.0000  0.0000  0.0000  0.0000   0.0000   0.0000   0.0000   0.0000   0.0000   0.0000   0.0000   0.0000   0.0000   0.0000   0.0000   0.0000   0.0000   0.0000   0.0000   0.0000   0.0000   0.0000   0.0000   0.0000   0.0000  0.0000e+00   0.0000   0.0000   0.0000   0.0000   0.0000   0.0000   0.0000   0.0000   0.0000   0.0000   0.0000   0.0000   0.0000   0.0000   0.0000   0.0000   0.0000   0.0000   0.0000
50%   0.0869  0.0000  0.0000  0.0000  0.0000  0.0000  0.0000  0.0000  0.0000  0.0000   0.0000   0.0000   0.0000   0.0000   0.0000   0.0000   0.0000   0.0000   0.0000   0.0000   0.0000   0.0000   0.0000   0.0000   0.0000   0.0000   0.0000   0.0000   0.0000   0.0000   0.0000  3.7864e-05   0.0000   0.0000   0.0000   0.0000   0.0000   0.0000   0.0000   0.0000   0.0000   0.0000   0.0000   0.0000   0.0000   0.0000   0.0000   0.0000   0.0000   0.0000   0.0000
75%   0.2536  0.0200  0.0140  0.0148  0.0159  0.0186  0.0209  0.0158  0.0129  0.0170   0.0212   0.0200   0.0215   0.0145   0.0190   0.0166   0.0196   0.0163   0.0170   0.0199   0.0276   0.0206   0.0142   0.0154   0.0170   0.0170   0.0206   0.0129   0.0153   0.0176   0.0293  2.2750e-02   0.0197   0.0213   0.0189   0.0164   0.0189   0.0196   0.0173   0.0156   0.0157   0.0138   0.0193   0.0255   0.0145   0.0200   0.0160   0.0182   0.0135   0.0183   0.0183
max   0.5000  3.1240  2.1142  2.3881  2.0611  2.7799  1.9785  2.7229  1.9538  2.3132   2.0803   3.0766   2.6612   2.5819   2.7332   3.9653   2.9515   2.4954   2.9403   3.0298   2.8580   2.0017   2.4522   2.0614   2.3039   2.8480   2.0408   3.7194   2.2128   2.0610   2.7277  1.9772e+00   2.0064   2.4726   3.2148   2.5083   2.4396   2.0175   2.4288   2.0073   2.0206   2.8586   2.7734   2.2500   1.9058   2.8675   2.0000   2.1969   2.0194   2.6362   2.1860

MAF/LD Score Correlation Matrix
            MAF  SIM1L2  SIM2L2  SIM3L2  SIM4L2  SIM5L2  SIM6L2  SIM7L2  SIM8L2  SIM9L2  SIM10L2  SIM11L2  SIM12L2  SIM13L2  SIM14L2  SIM15L2  SIM16L2  SIM17L2  SIM18L2  SIM19L2  SIM20L2  SIM21L2  SIM22L2  SIM23L2  SIM24L2  SIM25L2  SIM26L2  SIM27L2  SIM28L2  SIM29L2  SIM30L2  SIM31L2  SIM32L2  SIM33L2  SIM34L2  SIM35L2  SIM36L2  SIM37L2  SIM38L2  SIM39L2  SIM40L2  SIM41L2  SIM42L2  SIM43L2  SIM44L2  SIM45L2  SIM46L2  SIM47L2  SIM48L2  SIM49L2  SIM50L2
MAF      1.0000  0.1571  0.1151  0.1093  0.1106  0.1252  0.1380  0.1268  0.1228  0.1265   0.1505   0.1294   0.1411   0.1070   0.1420   0.1545   0.1254   0.1008   0.1088   0.1541   0.1487   0.1484   0.1160   0.1697   0.1294   0.1446   0.1456   0.1156   0.1504   0.1199   0.1563   0.1139   0.1484   0.1484   0.1214   0.1317   0.1349   0.1338   0.0895   0.1152   0.1061   0.1060   0.1541   0.1874   0.1530   0.1467   0.1541   0.1331   0.1182   0.1499   0.1201
SIM1L2   0.1571  1.0000  0.1725  0.0965  0.1284  0.1616  0.1422  0.1152  0.0864  0.2026   0.1671   0.1727   0.0620   0.1098   0.1324   0.1708   0.1421   0.2344   0.0929   0.1197   0.0839   0.1333   0.1416   0.1125   0.0522   0.1119   0.1192   0.0415   0.0884   0.1118   0.2086   0.1118   0.1511   0.1312   0.1589   0.0695   0.1427   0.0954   0.1710   0.0756   0.1223   0.0272   0.0938   0.1241   0.0830   0.0810   0.1414   0.1328   0.1932   0.1169   0.1281
SIM2L2   0.1151  0.1725  1.0000  0.1483  0.1497  0.0822  0.1342  0.1358  0.0867  0.2264   0.1688   0.2389   0.1187   0.1395   0.1262   0.2348   0.1498   0.1087   0.0376   0.0900   0.1189   0.1463   0.2013   0.1100   0.0437   0.1238   0.0599   0.1288   0.0366   0.1202   0.1060   0.1821   0.1078   0.1140   0.2732   0.1150   0.1560   0.0915   0.1999   0.1275   0.1901   0.0807   0.0588   0.0938   0.1136   0.1604   0.0811   0.2006   0.0951   0.1110   0.1383
SIM3L2   0.1093  0.0965  0.1483  1.0000  0.1066  0.1520  0.1341  0.0862  0.0844  0.1451   0.0824   0.0911   0.1994   0.1521   0.1373   0.1686   0.0991   0.0375   0.0710   0.1543   0.0602   0.1201   0.1195   0.0673   0.1441   0.0886   0.1047   0.1121   0.1381   0.1392   0.1191   0.0753   0.1833   0.1352   0.1361   0.1230   0.1520   0.0858   0.0531   0.0963   0.1621   0.0903   0.0983   0.0502   0.1125   0.0837   0.0917   0.1720   0.0907   0.1317   0.1435
SIM4L2   0.1106  0.1284  0.1497  0.1066  1.0000  0.1636  0.1875  0.1280  0.0950  0.1595   0.1816   0.1378   0.1536   0.0822   0.1029   0.1454   0.1552   0.0984   0.1487   0.0670   0.0949   0.1371   0.1376   0.0739   0.0997   0.2359   0.0739   0.1516   0.1061   0.1463   0.1398   0.1501   0.0867   0.1025   0.1377   0.1356   0.1046   0.0629   0.1303   0.1509   0.1035   0.0865   0.0595   0.1448   0.0967   0.2348   0.1559   0.1500   0.0500   0.1403   0.0720
SIM5L2   0.1252  0.1616  0.0822  0.1520  0.1636  1.0000  0.0946  0.0943  0.1406  0.1172   0.1306   0.1739   0.1344   0.0278   0.2240   0.1231   0.1013   0.0701   0.1942   0.1353   0.1934   0.1399   0.1238   0.1156   0.1468   0.1505   0.0770   0.1696   0.1988   0.1020   0.1637   0.1013   0.1422   0.1141   0.0413   0.1041   0.1115   0.0958   0.0666   0.0559   0.1507   0.0695   0.1552   0.1396   0.0789   0.1716   0.2156   0.1062   0.0842   0.1354   0.0858
SIM6L2   0.1380  0.1422  0.1342  0.1341  0.1875  0.0946  1.0000  0.2027  0.1216  0.1130   0.2036   0.1340   0.1724   0.1150   0.2123   0.2582   0.1684   0.0957   0.0633   0.1446   0.1753   0.1807   0.1848   0.0871   0.1743   0.2031   0.1573   0.2114   0.1302   0.1613   0.1337   0.1301   0.1267   0.1231   0.2499   0.0971   0.1479   0.1825   0.2277   0.1277   0.1471   0.0995   0.1367   0.1484   0.0667   0.1346   0.1752   0.1194   0.1739   0.1804   0.1518
SIM7L2   0.1268  0.1152  0.1358  0.0862  0.1280  0.0943  0.2027  1.0000  0.1213  0.1098   0.1307   0.1004   0.1296   0.1653   0.1726   0.2046   0.0933   0.1159   0.0945   0.1074   0.1067   0.2281   0.1478   0.1006   0.0718   0.1337   0.0970   0.1739   0.1433   0.1110   0.1025   0.1194   0.1847   0.0901   0.1371   0.0713   0.1538   0.1447   0.1000   0.0650   0.1257   0.0845   0.1268   0.1909   0.1099   0.0739   0.0910   0.1029   0.1706   0.0596   0.1399
SIM8L2   0.1228  0.0864  0.0867  0.0844  0.0950  0.1406  0.1216  0.1213  1.0000  0.0928   0.1267   0.0678   0.1156   0.1331   0.0661   0.0655   0.0436   0.0604   0.1279   0.0976   0.0793   0.0863   0.0931   0.0701   0.1446   0.0775   0.0948   0.0942   0.0933   0.1021   0.1244   0.0970   0.0791   0.0824   0.0809   0.1042   0.1407   0.0379   0.0686   0.0554   0.1470   0.0552   0.0792   0.1474   0.1011   0.0964   0.1417   0.1191   0.0150   0.1756   0.0234
SIM9L2   0.1265  0.2026  0.2264  0.1451  0.1595  0.1172  0.1130  0.1098  0.0928  1.0000   0.2116   0.2790   0.1585   0.1101   0.1896   0.1654   0.1371   0.1013   0.1168   0.1280   0.1406   0.1832   0.1551   0.1372   0.1085   0.1607   0.1643   0.0926   0.1707   0.1180   0.1936   0.1480   0.1725   0.1329   0.2050   0.1439   0.1536   0.0970   0.1618   0.1361   0.1734   0.1011   0.1332   0.1697   0.1318   0.1114   0.0531   0.1664   0.1322   0.1358   0.1358
SIM10L2  0.1505  0.1671  0.1688  0.0824  0.1816  0.1306  0.2036  0.1307  0.1267  0.2116   1.0000   0.1381   0.2063   0.1265   0.1821   0.1569   0.1499   0.1508   0.0894   0.1322   0.1949   0.0849   0.1242   0.1202   0.0809   0.1560   0.1024   0.1849   0.2035   0.1085   0.1424   0.2025   0.1203   0.0911   0.1555   0.1361   0.0855   0.0580   0.1933   0.0895   0.1040   0.0333   0.2447   0.2067   0.0962   0.1037   0.1787   0.1524   0.1192   0.2186   0.1546
SIM11L2  0.1294  0.1727  0.2389  0.0911  0.1378  0.1739  0.1340  0.1004  0.0678  0.2790   0.1381   1.0000   0.1618   0.0875   0.2166   0.2458   0.1535   0.1333   0.0589   0.1430   0.1414   0.1988   0.1198   0.1511   0.0456   0.1205   0.0178   0.1451   0.1190   0.0850   0.1851   0.1683   0.0990   0.0780   0.2401   0.1523   0.1072   0.1078   0.2136   0.1285   0.1813   0.1264   0.1040   0.1147   0.0456   0.1453   0.1286   0.0764   0.1420   0.0880   0.1318
SIM12L2  0.1411  0.0620  0.1187  0.1994  0.1536  0.1344  0.1724  0.1296  0.1156  0.1585   0.2063   0.1618   1.0000   0.1842   0.2487   0.2568   0.1551   0.0811   0.1817   0.2596   0.1984   0.1441   0.1638   0.1439   0.1209   0.2052   0.1730   0.2235   0.2271   0.1643   0.1794   0.1501   0.0895   0.1844   0.2709   0.1839   0.1732   0.0686   0.1373   0.1470   0.1906   0.2007   0.2713   0.2423   0.1128   0.2401   0.1486   0.1804   0.1229   0.2640   0.2098
SIM13L2  0.1070  0.1098  0.1395  0.1521  0.0822  0.0278  0.1150  0.1653  0.1331  0.1101   0.1265   0.0875   0.1842   1.0000   0.2002   0.1814   0.1130   0.0801   0.1529   0.0807   0.0828   0.1632   0.1570   0.0861   0.0557   0.0651   0.1236   0.0740   0.0586   0.1719   0.1361   0.1099   0.1424   0.1461   0.2044   0.0321   0.2140   0.1174   0.1093   0.1349   0.1477   0.1098   0.0765   0.1467   0.1318   0.1188   0.0983   0.1835   0.0890   0.1908   0.1926
SIM14L2  0.1420  0.1324  0.1262  0.1373  0.1029  0.2240  0.2123  0.1726  0.0661  0.1896   0.1821   0.2166   0.2487   0.2002   1.0000   0.2603   0.1373   0.1337   0.0837   0.1996   0.1434   0.1631   0.2014   0.1660   0.1511   0.1277   0.0550   0.2254   0.2082   0.1635   0.1864   0.1420   0.1260   0.2097   0.2306   0.0659   0.1154   0.1281   0.1923   0.1202   0.1567   0.1252   0.2183   0.2158   0.0517   0.1613   0.2386   0.0983   0.1792   0.1663   0.2414
SIM15L2  0.1545  0.1708  0.2348  0.1686  0.1454  0.1231  0.2582  0.2046  0.0655  0.1654   0.1569   0.2458   0.2568   0.1814   0.2603   1.0000   0.2170   0.1404   0.1050   0.2531   0.0777   0.2383   0.2737   0.0900   0.1307   0.1962   0.1120   0.2086   0.2353   0.2190   0.2578   0.1842   0.1260   0.1131   0.3629   0.2414   0.2218   0.0886   0.2542   0.1290   0.2005   0.1413   0.2171   0.1634   0.0557   0.1906   0.1793   0.1905   0.1992   0.1390   0.2492
SIM16L2  0.1254  0.1421  0.1498  0.0991  0.1552  0.1013  0.1684  0.0933  0.0436  0.1371   0.1499   0.1535   0.1551   0.1130   0.1373   0.2170   1.0000   0.0670   0.1766   0.1238   0.1109   0.1412   0.1663   0.1720   0.0904   0.1143   0.1470   0.0735   0.0830   0.1552   0.1520   0.1900   0.1210   0.1087   0.1574   0.1039   0.1383   0.1143   0.2031   0.1285   0.1908   0.0958   0.1148   0.1541   0.0910   0.1887   0.1129   0.1808   0.1033   0.0835   0.1353
SIM17L2  0.1008  0.2344  0.1087  0.0375  0.0984  0.0701  0.0957  0.1159  0.0604  0.1013   0.1508   0.1333   0.0811   0.0801   0.1337   0.1404   0.0670   1.0000   0.0471   0.1381   0.0318   0.0891   0.0847   0.1111   0.0500   0.0916   0.1041   0.0799   0.0991   0.1404   0.1750   0.0619   0.1074   0.1010   0.0965   0.0524   0.0439   0.0937   0.1441   0.0450   0.0715   0.0995   0.1988   0.1266   0.0966   0.1052   0.1258   0.1211   0.1076   0.1440   0.1486
SIM18L2  0.1088  0.0929  0.0376  0.0710  0.1487  0.1942  0.0633  0.0945  0.1279  0.1168   0.0894   0.0589   0.1817   0.1529   0.0837   0.1050   0.1766   0.0471   1.0000   0.1399   0.0733   0.1089   0.1029   0.0906   0.1235   0.1138   0.1292   0.0721   0.1873   0.1819   0.0959   0.1083   0.0808   0.0884   0.1384   0.1522   0.1447   0.1147   0.1238   0.1820   0.1477   0.1580   0.0637   0.1196   0.0889   0.2366   0.0959   0.1338   0.1126   0.1466   0.0857
SIM19L2  0.1541  0.1197  0.0900  0.1543  0.0670  0.1353  0.1446  0.1074  0.0976  0.1280   0.1322   0.1430   0.2596   0.0807   0.1996   0.2531   0.1238   0.1381   0.1399   1.0000   0.1431   0.1139   0.1449   0.0957   0.1481   0.1260   0.1387   0.2661   0.2320   0.1220   0.2104   0.0865   0.1074   0.1544   0.1381   0.1464   0.0825   0.0908   0.1240   0.1011   0.1592   0.1875   0.1585   0.1401   0.0435   0.1166   0.1966   0.1607   0.2128   0.1691   0.1742
SIM20L2  0.1487  0.0839  0.1189  0.0602  0.0949  0.1934  0.1753  0.1067  0.0793  0.1406   0.1949   0.1414   0.1984   0.0828   0.1434   0.0777   0.1109   0.0318   0.0733   0.1431   1.0000   0.0551   0.1169   0.1497   0.0626   0.1674   0.1410   0.2663   0.2005   0.0996   0.1133   0.1127   0.1217   0.1351   0.1012   0.0966   0.0977   0.1026   0.1230   0.0301   0.2050   0.0670   0.1257   0.1686   0.0858   0.1186   0.2051   0.1039   0.1266   0.1797   0.0963
SIM21L2  0.1484  0.1333  0.1463  0.1201  0.1371  0.1399  0.1807  0.2281  0.0863  0.1832   0.0849   0.1988   0.1441   0.1632   0.1631   0.2383   0.1412   0.0891   0.1089   0.1139   0.0551   1.0000   0.1530   0.1384   0.1804   0.1440   0.0734   0.0705   0.0882   0.1620   0.1874   0.1467   0.1028   0.1388   0.1850   0.1287   0.2199   0.1324   0.1529   0.1653   0.1737   0.0827   0.0963   0.1024   0.1385   0.1681   0.1318   0.1146   0.1432   0.1021   0.1780
SIM22L2  0.1160  0.1416  0.2013  0.1195  0.1376  0.1238  0.1848  0.1478  0.0931  0.1551   0.1242   0.1198   0.1638   0.1570   0.2014   0.2737   0.1663   0.0847   0.1029   0.1449   0.1169   0.1530   1.0000   0.1486   0.0623   0.1337   0.1112   0.1777   0.1505   0.1765   0.1882   0.1238   0.0910   0.1301   0.1892   0.1271   0.2046   0.1272   0.1803   0.0725   0.1761   0.1207   0.1357   0.1759   0.0655   0.0706   0.1314   0.1403   0.1729   0.1208   0.2191
SIM23L2  0.1697  0.1125  0.1100  0.0673  0.0739  0.1156  0.0871  0.1006  0.0701  0.1372   0.1202   0.1511   0.1439   0.0861   0.1660   0.0900   0.1720   0.1111   0.0906   0.0957   0.1497   0.1384   0.1486   1.0000   0.1145   0.0638   0.0764   0.0892   0.0362   0.1173   0.1498   0.1150   0.1646   0.1451   0.1397   0.1151   0.1601   0.1447   0.1262   0.0666   0.1146   0.0788   0.0950   0.1621   0.0946   0.1592   0.1330   0.1759   0.1209   0.0926   0.1241
SIM24L2  0.1294  0.0522  0.0437  0.1441  0.0997  0.1468  0.1743  0.0718  0.1446  0.1085   0.0809   0.0456   0.1209   0.0557   0.1511   0.1307   0.0904   0.0500   0.1235   0.1481   0.0626   0.1804   0.0623   0.1145   1.0000   0.1193   0.1085   0.0802   0.1270   0.1101   0.1462   0.1229   0.1325   0.1338   0.0777   0.1534   0.1679   0.1368   0.0863   0.1423   0.1270   0.0831   0.0994   0.0866   0.1026   0.1053   0.0758   0.1734   0.0534   0.1794   0.0955
SIM25L2  0.1446  0.1119  0.1238  0.0886  0.2359  0.1505  0.2031  0.1337  0.0775  0.1607   0.1560   0.1205   0.2052   0.0651   0.1277   0.1962   0.1143   0.0916   0.1138   0.1260   0.1674   0.1440   0.1337   0.0638   0.1193   1.0000   0.0932   0.1341   0.1488   0.1146   0.1421   0.1265   0.0840   0.0973   0.1724   0.1325   0.1182   0.0581   0.1225   0.1329   0.1820   0.0625   0.1447   0.1059   0.1153   0.2485   0.1985   0.1221   0.1469   0.1653   0.1085
SIM26L2  0.1456  0.1192  0.0599  0.1047  0.0739  0.0770  0.1573  0.0970  0.0948  0.1643   0.1024   0.0178   0.1730   0.1236   0.0550   0.1120   0.1470   0.1041   0.1292   0.1387   0.1410   0.0734   0.1112   0.0764   0.1085   0.0932   1.0000   0.1044   0.1446   0.1237   0.1574   0.1236   0.0962   0.1640   0.0558   0.1499   0.1290   0.1695   0.0787   0.0886   0.1301   0.0859   0.1423   0.1319   0.1348   0.1480   0.0815   0.1546   0.1201   0.1877   0.0938
SIM27L2  0.1156  0.0415  0.1288  0.1121  0.1516  0.1696  0.2114  0.1739  0.0942  0.0926   0.1849   0.1451   0.2235   0.0740   0.2254   0.2086   0.0735   0.0799   0.0721   0.2661   0.2663   0.0705   0.1777   0.0892   0.0802   0.1341   0.1044   1.0000   0.2762   0.1208   0.1468   0.0598   0.1022   0.1352   0.2434   0.1117   0.0930   0.1514   0.1628   0.0907   0.1568   0.1854   0.2355   0.2508   0.0589   0.1058   0.2246   0.0835   0.2084   0.1843   0.1278
SIM28L2  0.1504  0.0884  0.0366  0.1381  0.1061  0.1988  0.1302  0.1433  0.0933  0.1707   0.2035   0.1190   0.2271   0.0586   0.2082   0.2353   0.0830   0.0991   0.1873   0.2320   0.2005   0.0882   0.1505   0.0362   0.1270   0.1488   0.1446   0.2762   1.0000   0.1804   0.1806   0.0861   0.1140   0.1131   0.1160   0.2140   0.1519   0.1070   0.0916   0.1055   0.1381   0.1292   0.2197   0.2100   0.1024   0.1488   0.2024   0.1035   0.1769   0.1721   0.1306
SIM29L2  0.1199  0.1118  0.1202  0.1392  0.1463  0.1020  0.1613  0.1110  0.1021  0.1180   0.1085   0.0850   0.1643   0.1719   0.1635   0.2190   0.1552   0.1404   0.1819   0.1220   0.0996   0.1620   0.1765   0.1173   0.1101   0.1146   0.1237   0.1208   0.1804   1.0000   0.1463   0.0717   0.1476   0.1170   0.1699   0.1567   0.2215   0.0792   0.0807   0.0921   0.1738   0.1087   0.1194   0.1486   0.1537   0.1716   0.1643   0.1848   0.1338   0.2032   0.1356
SIM30L2  0.1563  0.2086  0.1060  0.1191  0.1398  0.1637  0.1337  0.1025  0.1244  0.1936   0.1424   0.1851   0.1794   0.1361   0.1864   0.2578   0.1520   0.1750   0.0959   0.2104   0.1133   0.1874   0.1882   0.1498   0.1462   0.1421   0.1574   0.1468   0.1806   0.1463   1.0000   0.0931   0.0870   0.1891   0.1256   0.1476   0.1917   0.1203   0.1186   0.0750   0.1713   0.1550   0.2088   0.1795   0.1824   0.0786   0.1642   0.2359   0.1939   0.2502   0.1256
SIM31L2  0.1139  0.1118  0.1821  0.0753  0.1501  0.1013  0.1301  0.1194  0.0970  0.1480   0.2025   0.1683   0.1501   0.1099   0.1420   0.1842   0.1900   0.0619   0.1083   0.0865   0.1127   0.1467   0.1238   0.1150   0.1229   0.1265   0.1236   0.0598   0.0861   0.0717   0.0931   1.0000   0.0736   0.1334   0.1907   0.0953   0.0924   0.0616   0.2143   0.1461   0.1729   0.1023   0.0676   0.1726   0.0555   0.1603   0.0805   0.1371   0.0772   0.1137   0.1097
SIM32L2  0.1484  0.1511  0.1078  0.1833  0.0867  0.1422  0.1267  0.1847  0.0791  0.1725   0.1203   0.0990   0.0895   0.1424   0.1260   0.1260   0.1210   0.1074   0.0808   0.1074   0.1217   0.1028   0.0910   0.1646   0.1325   0.0840   0.0962   0.1022   0.1140   0.1476   0.0870   0.0736   1.0000   0.1295   0.1128   0.1216   0.1962   0.1662   0.1061   0.1176   0.1403   0.1229   0.0571   0.1255   0.1258   0.1399   0.1153   0.2017   0.1899   0.1388   0.1547
SIM33L2  0.1484  0.1312  0.1140  0.1352  0.1025  0.1141  0.1231  0.0901  0.0824  0.1329   0.0911   0.0780   0.1844   0.1461   0.2097   0.1131   0.1087   0.1010   0.0884   0.1544   0.1351   0.1388   0.1301   0.1451   0.1338   0.0973   0.1640   0.1352   0.1131   0.1170   0.1891   0.1334   0.1295   1.0000   0.1759   0.0831   0.1846   0.1689   0.0741   0.1081   0.2102   0.1597   0.1518   0.1078   0.0889   0.1569   0.1542   0.0961   0.1381   0.2443   0.1368
SIM34L2  0.1214  0.1589  0.2732  0.1361  0.1377  0.0413  0.2499  0.1371  0.0809  0.2050   0.1555   0.2401   0.2709   0.2044   0.2306   0.3629   0.1574   0.0965   0.1384   0.1381   0.1012   0.1850   0.1892   0.1397   0.0777   0.1724   0.0558   0.2434   0.1160   0.1699   0.1256   0.1907   0.1128   0.1759   1.0000   0.1284   0.1646   0.1391   0.2837   0.1556   0.2516   0.2034   0.1234   0.1507   0.0528   0.2307   0.1141   0.1133   0.1460   0.1510   0.1880
SIM35L2  0.1317  0.0695  0.1150  0.1230  0.1356  0.1041  0.0971  0.0713  0.1042  0.1439   0.1361   0.1523   0.1839   0.0321   0.0659   0.2414   0.1039   0.0524   0.1522   0.1464   0.0966   0.1287   0.1271   0.1151   0.1534   0.1325   0.1499   0.1117   0.2140   0.1567   0.1476   0.0953   0.1216   0.0831   0.1284   1.0000   0.1231   0.1159   0.1517   0.1299   0.1006   0.1390   0.1057   0.0951   0.0658   0.2289   0.1054   0.1471   0.0878   0.1505   0.1155
SIM36L2  0.1349  0.1427  0.1560  0.1520  0.1046  0.1115  0.1479  0.1538  0.1407  0.1536   0.0855   0.1072   0.1732   0.2140   0.1154   0.2218   0.1383   0.0439   0.1447   0.0825   0.0977   0.2199   0.2046   0.1601   0.1679   0.1182   0.1290   0.0930   0.1519   0.2215   0.1917   0.0924   0.1962   0.1846   0.1646   0.1231   1.0000   0.1766   0.1135   0.1328   0.2007   0.1223   0.0966   0.1200   0.1648   0.1495   0.1626   0.1958   0.1689   0.1385   0.1643
SIM37L2  0.1338  0.0954  0.0915  0.0858  0.0629  0.0958  0.1825  0.1447  0.0379  0.0970   0.0580   0.1078   0.0686   0.1174   0.1281   0.0886   0.1143   0.0937   0.1147   0.0908   0.1026   0.1324   0.1272   0.1447   0.1368   0.0581   0.1695   0.1514   0.1070   0.0792   0.1203   0.0616   0.1662   0.1689   0.1391   0.1159   0.1766   1.0000   0.1049   0.0725   0.1756   0.1839   0.0431   0.1207   0.0834   0.1516   0.0750   0.0883   0.1378   0.0912   0.1042
SIM38L2  0.0895  0.1710  0.1999  0.0531  0.1303  0.0666  0.2277  0.1000  0.0686  0.1618   0.1933   0.2136   0.1373   0.1093   0.1923   0.2542   0.2031   0.1441   0.1238   0.1240   0.1230   0.1529   0.1803   0.1262   0.0863   0.1225   0.0787   0.1628   0.0916   0.0807   0.1186   0.2143   0.1061   0.0741   0.2837   0.1517   0.1135   0.1049   1.0000   0.1620   0.1369   0.0767   0.0877   0.1270   0.0500   0.1933   0.1208   0.1168   0.0943   0.1061   0.1813
SIM39L2  0.1152  0.0756  0.1275  0.0963  0.1509  0.0559  0.1277  0.0650  0.0554  0.1361   0.0895   0.1285   0.1470   0.1349   0.1202   0.1290   0.1285   0.0450   0.1820   0.1011   0.0301   0.1653   0.0725   0.0666   0.1423   0.1329   0.0886   0.0907   0.1055   0.0921   0.0750   0.1461   0.1176   0.1081   0.1556   0.1299   0.1328   0.0725   0.1620   1.0000   0.1181   0.1445   0.0571   0.0659   0.0968   0.2264   0.0775   0.0898   0.1180   0.1001   0.1285
SIM40L2  0.1061  0.1223  0.1901  0.1621  0.1035  0.1507  0.1471  0.1257  0.1470  0.1734   0.1040   0.1813   0.1906   0.1477   0.1567   0.2005   0.1908   0.0715   0.1477   0.1592   0.2050   0.1737   0.1761   0.1146   0.1270   0.1820   0.1301   0.1568   0.1381   0.1738   0.1713   0.1729   0.1403   0.2102   0.2516   0.1006   0.2007   0.1756   0.1369   0.1181   1.0000   0.1852   0.0932   0.1638   0.0671   0.1554   0.1113   0.1981   0.1353   0.1617   0.1208
SIM41L2  0.1060  0.0272  0.0807  0.0903  0.0865  0.0695  0.0995  0.0845  0.0552  0.1011   0.0333   0.1264   0.2007   0.1098   0.1252   0.1413   0.0958   0.0995   0.1580   0.1875   0.0670   0.0827   0.1207   0.0788   0.0831   0.0625   0.0859   0.1854   0.1292   0.1087   0.1550   0.1023   0.1229   0.1597   0.2034   0.1390   0.1223   0.1839   0.0767   0.1445   0.1852   1.0000   0.0981   0.1812   0.0502   0.1765   0.0920   0.2120   0.1032   0.1542   0.1781
SIM42L2  0.1541  0.0938  0.0588  0.0983  0.0595  0.1552  0.1367  0.1268  0.0792  0.1332   0.2447   0.1040   0.2713   0.0765   0.2183   0.2171   0.1148   0.1988   0.0637   0.1585   0.1257   0.0963   0.1357   0.0950   0.0994   0.1447   0.1423   0.2355   0.2197   0.1194   0.2088   0.0676   0.0571   0.1518   0.1234   0.1057   0.0966   0.0431   0.0877   0.0571   0.0932   0.0981   1.0000   0.2581   0.0877   0.0820   0.1754   0.1505   0.1219   0.1938   0.1312
SIM43L2  0.1874  0.1241  0.0938  0.0502  0.1448  0.1396  0.1484  0.1909  0.1474  0.1697   0.2067   0.1147   0.2423   0.1467   0.2158   0.1634   0.1541   0.1266   0.1196   0.1401   0.1686   0.1024   0.1759   0.1621   0.0866   0.1059   0.1319   0.2508   0.2100   0.1486   0.1795   0.1726   0.1255   0.1078   0.1507   0.0951   0.1200   0.1207   0.1270   0.0659   0.1638   0.1812   0.2581   1.0000   0.1154   0.1238   0.1552   0.1857   0.1064   0.1401   0.1188
SIM44L2  0.1530  0.0830  0.1136  0.1125  0.0967  0.0789  0.0667  0.1099  0.1011  0.1318   0.0962   0.0456   0.1128   0.1318   0.0517   0.0557   0.0910   0.0966   0.0889   0.0435   0.0858   0.1385   0.0655   0.0946   0.1026   0.1153   0.1348   0.0589   0.1024   0.1537   0.1824   0.0555   0.1258   0.0889   0.0528   0.0658   0.1648   0.0834   0.0500   0.0968   0.0671   0.0502   0.0877   0.1154   1.0000   0.1026   0.1100   0.1390   0.0840   0.1441   0.0390
SIM45L2  0.1467  0.0810  0.1604  0.0837  0.2348  0.1716  0.1346  0.0739  0.0964  0.1114   0.1037   0.1453   0.2401   0.1188   0.1613   0.1906   0.1887   0.1052   0.2366   0.1166   0.1186   0.1681   0.0706   0.1592   0.1053   0.2485   0.1480   0.1058   0.1488   0.1716   0.0786   0.1603   0.1399   0.1569   0.2307   0.2289   0.1495   0.1516   0.1933   0.2264   0.1554   0.1765   0.0820   0.1238   0.1026   1.0000   0.1580   0.1492   0.0786   0.1475   0.1238
SIM46L2  0.1541  0.1414  0.0811  0.0917  0.1559  0.2156  0.1752  0.0910  0.1417  0.0531   0.1787   0.1286   0.1486   0.0983   0.2386   0.1793   0.1129   0.1258   0.0959   0.1966   0.2051   0.1318   0.1314   0.1330   0.0758   0.1985   0.0815   0.2246   0.2024   0.1643   0.1642   0.0805   0.1153   0.1542   0.1141   0.1054   0.1626   0.0750   0.1208   0.0775   0.1113   0.0920   0.1754   0.1552   0.1100   0.1580   1.0000   0.0852   0.1777   0.1921   0.1453
SIM47L2  0.1331  0.1328  0.2006  0.1720  0.1500  0.1062  0.1194  0.1029  0.1191  0.1664   0.1524   0.0764   0.1804   0.1835   0.0983   0.1905   0.1808   0.1211   0.1338   0.1607   0.1039   0.1146   0.1403   0.1759   0.1734   0.1221   0.1546   0.0835   0.1035   0.1848   0.2359   0.1371   0.2017   0.0961   0.1133   0.1471   0.1958   0.0883   0.1168   0.0898   0.1981   0.2120   0.1505   0.1857   0.1390   0.1492   0.0852   1.0000   0.1092   0.1389   0.1817
SIM48L2  0.1182  0.1932  0.0951  0.0907  0.0500  0.0842  0.1739  0.1706  0.0150  0.1322   0.1192   0.1420   0.1229   0.0890   0.1792   0.1992   0.1033   0.1076   0.1126   0.2128   0.1266   0.1432   0.1729   0.1209   0.0534   0.1469   0.1201   0.2084   0.1769   0.1338   0.1939   0.0772   0.1899   0.1381   0.1460   0.0878   0.1689   0.1378   0.0943   0.1180   0.1353   0.1032   0.1219   0.1064   0.0840   0.0786   0.1777   0.1092   1.0000   0.1130   0.1483
SIM49L2  0.1499  0.1169  0.1110  0.1317  0.1403  0.1354  0.1804  0.0596  0.1756  0.1358   0.2186   0.0880   0.2640   0.1908   0.1663   0.1390   0.0835   0.1440   0.1466   0.1691   0.1797   0.1021   0.1208   0.0926   0.1794   0.1653   0.1877   0.1843   0.1721   0.2032   0.2502   0.1137   0.1388   0.2443   0.1510   0.1505   0.1385   0.0912   0.1061   0.1001   0.1617   0.1542   0.1938   0.1401   0.1441   0.1475   0.1921   0.1389   0.1130   1.0000   0.0794
SIM50L2  0.1201  0.1281  0.1383  0.1435  0.0720  0.0858  0.1518  0.1399  0.0234  0.1358   0.1546   0.1318   0.2098   0.1926   0.2414   0.2492   0.1353   0.1486   0.0857   0.1742   0.0963   0.1780   0.2191   0.1241   0.0955   0.1085   0.0938   0.1278   0.1306   0.1356   0.1256   0.1097   0.1547   0.1368   0.1880   0.1155   0.1643   0.1042   0.1813   0.1285   0.1208   0.1781   0.1312   0.1188   0.0390   0.1238   0.1453   0.1817   0.1483   0.0794   1.0000

LD Score Matrix Condition Number
5.2188

Annotation Correlation Matrix
         SIM1    SIM2    SIM3    SIM4    SIM5    SIM6    SIM7    SIM8    SIM9   SIM10   SIM11   SIM12   SIM13   SIM14   SIM15   SIM16   SIM17   SIM18   SIM19   SIM20   SIM21   SIM22   SIM23   SIM24   SIM25   SIM26   SIM27   SIM28   SIM29   SIM30   SIM31   SIM32   SIM33   SIM34   SIM35   SIM36   SIM37   SIM38   SIM39   SIM40   SIM41   SIM42   SIM43   SIM44   SIM45   SIM46   SIM47   SIM48   SIM49   SIM50
SIM1   1.0000  0.0058  0.0275  0.0135  0.0125  0.0090  0.0166  0.0134  0.0164  0.0230  0.0054  0.0090  0.0133  0.0155  0.0128  0.0229  0.0163  0.0196  0.0160  0.0053  0.0226  0.0233  0.0128  0.0132  0.0202  0.0054  0.0243  0.0059  0.0091  0.0150  0.0119  0.0156  0.0124  0.0227  0.0199  0.0056  0.0021  0.0124  0.0058  0.0128  0.0133  0.0161  0.0158  0.0130  0.0127  0.0023  0.0024  0.0096  0.0057  0.0127
SIM2   0.0058  1.0000  0.0168  0.0136  0.0160  0.0124  0.0059  0.0135  0.0093  0.0057  0.0088  0.0125  0.0024  0.0054  0.0163  0.0195  0.0234  0.0092  0.0056  0.0020  0.0226  0.0163  0.0023  0.0205  0.0166  0.0190  0.0243  0.0240  0.0126  0.0085  0.0253  0.0225  0.0124  0.0056  0.0093  0.0161  0.0260  0.0125  0.0199  0.0058  0.0133  0.0092  0.0227  0.0166  0.0127  0.0132  0.0169  0.0060  0.0057  0.0093
SIM3   0.0275  0.0168  1.0000  0.0137  0.0022  0.0091  0.0133  0.0062  0.0166  0.0268  0.0124  0.0231  0.0245  0.0089  0.0094  0.0127  0.0094 -0.0013  0.0127  0.0155  0.0021  0.0271  0.0095  0.0354  0.0096  0.0192  0.0135  0.0279  0.0197  0.0186  0.0188  0.0159  0.0022  0.0161  0.0059  0.0233  0.0229  0.0091  0.0130  0.0094  0.0098  0.0304  0.0160  0.0169  0.0058  0.0024  0.0171  0.0280  0.0093  0.0094
SIM4   0.0135  0.0136  0.0137  1.0000  0.0059  0.0201  0.0174  0.0103  0.0024  0.0240  0.0022  0.0095  0.0101  0.0092  0.0024  0.0167  0.0134  0.0096  0.0059  0.0195  0.0129  0.0170  0.0098  0.0139  0.0211  0.0093  0.0064  0.0025  0.0095  0.0123  0.0021  0.0128  0.0272  0.0130  0.0098  0.0060  0.0129  0.0130  0.0134  0.0134  0.0252  0.0096  0.0130  0.0174  0.0242  0.0025  0.0177  0.0100  0.0168  0.0133
SIM5   0.0125  0.0160  0.0022  0.0059  1.0000  0.0053  0.0022  0.0094  0.0159  0.0054  0.0216  0.0254  0.0164  0.0150  0.0158  0.0155  0.0123  0.0223  0.0223  0.0116  0.0152  0.0294  0.0193  0.0093  0.0126  0.0085  0.0164  0.0232  0.0020  0.0050  0.0148  0.0151  0.0153  0.0187  0.0365  0.0020  0.0119  0.0120  0.0227  0.0158  0.0128  0.0156  0.0186  0.0196  0.0157  0.0162  0.0093  0.0092  0.0156  0.0191
SIM6   0.0090  0.0124  0.0091  0.0201  0.0053  1.0000  0.0125  0.0200  0.0055  0.0154  0.0182  0.0053  0.0162  0.0116  0.0190  0.0086  0.0122  0.0121  0.0020  0.0275  0.0184  0.0122  0.0055  0.0197  0.0159  0.0312  0.0233  0.0126  0.0187  0.0207  0.0242  0.0117  0.0052  0.0152  0.0157  0.0254  0.0151  0.0218  0.0123  0.0021  0.0232  0.0154  0.0085  0.0021  0.0156  0.0091  0.0092  0.0091  0.0255  0.0088
SIM7   0.0166  0.0059  0.0133  0.0174  0.0022  0.0125  1.0000  0.0136  0.0130  0.0127  0.0157  0.0091  0.0171  0.0089  0.0271  0.0336  0.0058  0.0092  0.0127  0.0054  0.0125  0.0058  0.0130  0.0170  0.0096  0.0123  0.0135  0.0060  0.0057  0.0053  0.0255  0.0055 -0.0013  0.0126  0.0094  0.0162  0.0021  0.0091  0.0165  0.0094  0.0097  0.0127  0.0229  0.0168  0.0023  0.0169  0.0171  0.0388  0.0163  0.0200
SIM8   0.0134  0.0135  0.0062  0.0103  0.0094  0.0200  0.0136  1.0000  0.0024  0.0095  0.0266  0.0058  0.0063  0.0057  0.0024  0.0130  0.0060  0.0275  0.0131  0.0228  0.0164  0.0241  0.0097  0.0175  0.0099  0.0092  0.0026  0.0062  0.0095  0.0088 -0.0013  0.0162  0.0200  0.0129  0.0207  0.0131  0.0093  0.0094  0.0206  0.0278  0.0138  0.0239  0.0093  0.0136  0.0132  0.0100  0.0250  0.0212  0.0131  0.0060
SIM9   0.0164  0.0093  0.0166  0.0024  0.0159  0.0055  0.0130  0.0024  1.0000  0.0229  0.0188  0.0158  0.0096  0.0221  0.0127  0.0090  0.0162  0.0091  0.0159  0.0185  0.0055  0.0022  0.0268  0.0059  0.0165  0.0289  0.0096  0.0166  0.0159  0.0280  0.0152  0.0155  0.0021  0.0089  0.0128  0.0160  0.0156  0.0021  0.0162  0.0127  0.0096  0.0194  0.0123  0.0201  0.0091  0.0167  0.0204  0.0239  0.0125  0.0196
SIM10  0.0230  0.0057  0.0268  0.0240  0.0054  0.0154  0.0127  0.0095  0.0229  1.0000  0.0118  0.0155  0.0200  0.0118  0.0159  0.0054  0.0193  0.0055  0.0088  0.0149  0.0220  0.0227  0.0125  0.0093  0.0127  0.0218 -0.0013  0.0198  0.0122  0.0146  0.0181  0.0053  0.0187  0.0188  0.0263  0.0122  0.0120  0.0054  0.0159  0.0159  0.0200  0.0191  0.0087  0.0057  0.0124  0.0198  0.0129  0.0234  0.0191  0.0124
SIM11  0.0054  0.0088  0.0124  0.0022  0.0216  0.0182  0.0157  0.0266  0.0188  0.0118  1.0000  0.0280  0.0263  0.0050  0.0220  0.0150  0.0120  0.0119  0.0052  0.0271 -0.0014  0.0086  0.0087  0.0125  0.0157  0.0082  0.0125  0.0055  0.0282  0.0173  0.0175  0.0179  0.0182  0.0019  0.0121  0.0052  0.0181  0.0117  0.0054  0.0153  0.0194  0.0019  0.0116  0.0055  0.0153  0.0192  0.0159  0.0261  0.0218  0.0120
SIM12  0.0090  0.0125  0.0231  0.0095  0.0254  0.0053  0.0091  0.0058  0.0158  0.0155  0.0280  1.0000  0.0128  0.0214  0.0225  0.0254  0.0055  0.0121  0.0188  0.0083  0.0251  0.0156  0.0294  0.0127  0.0056  0.0084  0.0093  0.0231  0.0221  0.0145  0.0179  0.0118  0.0185  0.0153  0.0089  0.0222  0.0152  0.0186  0.0021  0.0191  0.0268  0.0222  0.0185  0.0160  0.0258  0.0196  0.0057  0.0092  0.0155  0.0055
SIM13  0.0133  0.0024  0.0245  0.0101  0.0164  0.0162  0.0171  0.0063  0.0096  0.0200  0.0263  0.0128  1.0000  0.0228  0.0059  0.0234  0.0059  0.0200  0.0129  0.0157  0.0092  0.0095  0.0168  0.0210  0.0061  0.0160  0.0025 -0.0012  0.0164  0.0087  0.0021  0.0126  0.0127  0.0233  0.0024  0.0200  0.0092  0.0092  0.0060  0.0131  0.0099  0.0094  0.0232  0.0134  0.0059  0.0098  0.0099  0.0135  0.0129  0.0202
SIM14  0.0155  0.0054  0.0089  0.0092  0.0150  0.0116  0.0089  0.0057  0.0221  0.0118  0.0050  0.0214  0.0228  1.0000  0.0220  0.0117 -0.0014  0.0217  0.0282  0.0112  0.0115  0.0153  0.0288  0.0124  0.0190  0.0114  0.0159  0.0089  0.0150  0.0141  0.0112 -0.0014  0.0246  0.0116  0.0187  0.0151  0.0051  0.0116  0.0120  0.0120  0.0090  0.0085  0.0246  0.0088  0.0053  0.0089  0.0090  0.0124  0.0118  0.0086
SIM15  0.0128  0.0163  0.0094  0.0024  0.0158  0.0190  0.0271  0.0024  0.0127  0.0159  0.0220  0.0225  0.0059  0.0220  1.0000  0.0089  0.0057  0.0090  0.0158  0.0151  0.0257  0.0160  0.0127  0.0023  0.0129  0.0087  0.0060  0.0023  0.0158  0.0181  0.0085  0.0121  0.0054  0.0089  0.0162  0.0124  0.0156  0.0089  0.0057  0.0022  0.0203  0.0124  0.0156  0.0093  0.0299  0.0130  0.0131  0.0202  0.0090  0.0230
SIM16  0.0229  0.0195  0.0127  0.0167  0.0155  0.0086  0.0336  0.0130  0.0090  0.0054  0.0150  0.0254  0.0234  0.0117  0.0089  1.0000  0.0123  0.0088  0.0155  0.0148  0.0020  0.0123  0.0124  0.0163  0.0091  0.0151  0.0129  0.0127  0.0155  0.0145  0.0018  0.0151  0.0053  0.0221  0.0159  0.0088  0.0119  0.0187  0.0261  0.0089  0.0093  0.0054  0.0186  0.0196  0.0191  0.0057  0.0199  0.0163  0.0122  0.0089
SIM17  0.0163  0.0234  0.0094  0.0134  0.0123  0.0122  0.0058  0.0060  0.0162  0.0193  0.0120  0.0055  0.0059 -0.0014  0.0057  0.0123  1.0000  0.0056  0.0124  0.0151  0.0122  0.0126  0.0127  0.0059  0.0093  0.0154  0.0096  0.0094  0.0124  0.0213  0.0052  0.0188  0.0156  0.0055  0.0092  0.0056  0.0189  0.0055  0.0057  0.0126  0.0131  0.0124  0.0224  0.0164  0.0056  0.0094  0.0095  0.0130  0.0056  0.0091
SIM18  0.0196  0.0092 -0.0013  0.0096  0.0223  0.0121  0.0092  0.0275  0.0091  0.0055  0.0119  0.0121  0.0200  0.0217  0.0090  0.0088  0.0056  1.0000  0.0326  0.0051  0.0087  0.0262  0.0160  0.0058  0.0057  0.0086  0.0130  0.0269  0.0190  0.0050  0.0084  0.0053  0.0121  0.0121  0.0229  0.0225  0.0187  0.0088  0.0263  0.0124  0.0165  0.0055  0.0221  0.0127  0.0055 -0.0013  0.0236  0.0129  0.0157  0.0056
SIM19  0.0160  0.0056  0.0127  0.0059  0.0223  0.0020  0.0127  0.0131  0.0159  0.0088  0.0052  0.0188  0.0129  0.0282  0.0158  0.0155  0.0124  0.0326  1.0000  0.0051  0.0286  0.0158  0.0090  0.0058  0.0127  0.0118  0.0201  0.0268  0.0122  0.0178  0.0246  0.0185  0.0053  0.0121  0.0159  0.0054  0.0153  0.0221  0.0159 -0.0013  0.0164  0.0089  0.0120  0.0092  0.0123  0.0198  0.0023  0.0093  0.0224  0.0124
SIM20  0.0053  0.0020  0.0155  0.0195  0.0116  0.0275  0.0054  0.0228  0.0185  0.0149  0.0271  0.0083  0.0157  0.0112  0.0151  0.0148  0.0151  0.0051  0.0051  1.0000  0.0178  0.0085  0.0152  0.0191  0.0054  0.0049  0.0192  0.0122  0.0116  0.0078  0.0235  0.0241  0.0275  0.0083  0.0119  0.0214  0.0114  0.0018  0.0086  0.0316  0.0157  0.0084  0.0147  0.0121  0.0118  0.0257  0.0123  0.0054  0.0182  0.0250
SIM21  0.0226  0.0226  0.0021  0.0129  0.0152  0.0184  0.0125  0.0164  0.0055  0.0220 -0.0014  0.0251  0.0092  0.0115  0.0257  0.0020  0.0122  0.0087  0.0286  0.0178  1.0000  0.0155  0.0123  0.0300  0.0090  0.0116  0.0022  0.0160  0.0153 -0.0014  0.0273  0.0149  0.0184  0.0052  0.0055  0.0120  0.0019  0.0085  0.0156  0.0054  0.0127  0.0120  0.0151  0.0159  0.0256  0.0160  0.0057  0.0160  0.0187  0.0256
SIM22  0.0233  0.0163  0.0271  0.0170  0.0294  0.0122  0.0058  0.0241  0.0022  0.0227  0.0086  0.0156  0.0095  0.0153  0.0160  0.0123  0.0126  0.0262  0.0158  0.0085  0.0155  1.0000  0.0196  0.0095  0.0128  0.0320  0.0131  0.0307  0.0089  0.0213  0.0150  0.0221  0.0054  0.0156  0.0301  0.0227  0.0155  0.0190  0.0022  0.0126  0.0202  0.0193  0.0156  0.0164  0.0091  0.0201  0.0059  0.0272  0.0227  0.0229
SIM23  0.0128  0.0023  0.0095  0.0098  0.0193  0.0055  0.0130  0.0097  0.0268  0.0125  0.0087  0.0294  0.0168  0.0288  0.0127  0.0124  0.0127  0.0160  0.0090  0.0152  0.0123  0.0196  1.0000  0.0132  0.0130  0.0155  0.0169  0.0023  0.0228  0.0149  0.0119  0.0189  0.0259  0.0021  0.0268  0.0160  0.0156  0.0089  0.0127  0.0057  0.0132  0.0125  0.0259  0.0094  0.0335  0.0202  0.0385  0.0023  0.0056  0.0231
SIM24  0.0132  0.0205  0.0354  0.0139  0.0093  0.0197  0.0170  0.0175  0.0059  0.0093  0.0125  0.0127  0.0210  0.0124  0.0023  0.0163  0.0059  0.0058  0.0058  0.0191  0.0300  0.0095  0.0132  1.0000  0.0097  0.0125  0.0062  0.0024  0.0058  0.0120  0.0156  0.0056  0.0127  0.0162  0.0168  0.0129  0.0161  0.0127  0.0167  0.0095  0.0099  0.0165  0.0057  0.0206  0.0202  0.0061  0.0210  0.0061  0.0058  0.0130
SIM25  0.0202  0.0166  0.0096  0.0211  0.0126  0.0159  0.0096  0.0099  0.0165  0.0127  0.0157  0.0056  0.0061  0.0190  0.0129  0.0091  0.0093  0.0057  0.0127  0.0054  0.0090  0.0128  0.0130  0.0097  1.0000  0.0089  0.0134  0.0350  0.0057  0.0085  0.0254  0.0158  0.0125  0.0264  0.0201  0.0162  0.0056  0.0195  0.0058  0.0235  0.0170  0.0162  0.0125  0.0023  0.0199  0.0133  0.0061  0.0169  0.0162  0.0093
