*********************************************************************
* LD Score Regression (LDSC)
* Version 1.0.1
* (C) 2014-2019 Brendan Bulik-Sullivan and Hilary Finucane
* Broad Institute of MIT and Harvard / MIT Department of Mathematics
* GNU General Public License v3
*********************************************************************
Call: 
./ldsc.py \
--out /data/sbcs/GuoLab/backup/liq17/CRC_TF_TWAS_zhishan2024/NC_revision_OceanCode/v2_NC_revision//84Tracks//ldscores_sim10000//21 \
--bfile /data/sbcs/GuoLab/backup/liq17/ref/Alkesgroup/1000G_EUR_Phase3_plink_hg38/1000G.EUR.QC.21 \
--annot /data/sbcs/GuoLab/backup/liq17/CRC_TF_TWAS_zhishan2024/NC_revision_OceanCode/v2_NC_revision//84Tracks//annots_sim10000//21.annot.txt \
--l2  \
--ld-wind-kb 100.0 

Beginning analysis at Mon Oct 27 00:50:09 2025
Read list of 138654 SNPs from /data/sbcs/GuoLab/backup/liq17/ref/Alkesgroup/1000G_EUR_Phase3_plink_hg38/1000G.EUR.QC.21.bim
Read 50 annotations for 138654 SNPs from /data/sbcs/GuoLab/backup/liq17/CRC_TF_TWAS_zhishan2024/NC_revision_OceanCode/v2_NC_revision//84Tracks//annots_sim10000//21.annot.txt
Read list of 489 individuals from /data/sbcs/GuoLab/backup/liq17/ref/Alkesgroup/1000G_EUR_Phase3_plink_hg38/1000G.EUR.QC.21.fam
Reading genotypes from /data/sbcs/GuoLab/backup/liq17/ref/Alkesgroup/1000G_EUR_Phase3_plink_hg38/1000G.EUR.QC.21.bed
Estimating LD Score.
Writing LD Scores for 138654 SNPs to /data/sbcs/GuoLab/backup/liq17/CRC_TF_TWAS_zhishan2024/NC_revision_OceanCode/v2_NC_revision//84Tracks//ldscores_sim10000//21.l2.ldscore.gz

Summary of LD Scores in /data/sbcs/GuoLab/backup/liq17/CRC_TF_TWAS_zhishan2024/NC_revision_OceanCode/v2_NC_revision//84Tracks//ldscores_sim10000//21.l2.ldscore.gz
         MAF  SIM1L2  SIM2L2  SIM3L2  SIM4L2  SIM5L2  SIM6L2  SIM7L2  SIM8L2  SIM9L2  SIM10L2  SIM11L2  SIM12L2  SIM13L2  SIM14L2  SIM15L2  SIM16L2  SIM17L2  SIM18L2  SIM19L2  SIM20L2  SIM21L2  SIM22L2  SIM23L2  SIM24L2  SIM25L2  SIM26L2  SIM27L2  SIM28L2  SIM29L2  SIM30L2  SIM31L2  SIM32L2  SIM33L2  SIM34L2  SIM35L2  SIM36L2  SIM37L2  SIM38L2  SIM39L2  SIM40L2  SIM41L2  SIM42L2  SIM43L2  SIM44L2  SIM45L2  SIM46L2  SIM47L2  SIM48L2  SIM49L2  SIM50L2
mean  0.1537  0.0449  0.0407  0.0410  0.0520  0.0432  0.0451  0.0468  0.0463  0.0428   0.0519   0.0420   0.0422   0.0481   0.0530   0.0385   0.0458   0.0616   0.0405   0.0533   0.0421   0.0430   0.0472   0.0403   0.0443   0.0527   0.0493   0.0448   0.0323   0.0393   0.0593   0.0432   0.0473   0.0540   0.0391   0.0416   0.0441   0.0435   0.0443   0.0439   0.0508   0.0540   0.0408   0.0361   0.0516   0.0498   0.0420   0.0454   0.0442   0.0498   0.0419
std   0.1511  0.1687  0.1599  0.1615  0.1844  0.1597  0.1727  0.1605  0.1870  0.1587   0.1733   0.1651   0.1631   0.1877   0.1908   0.1644   0.1683   0.2366   0.1554   0.1849   0.1606   0.1643   0.1798   0.1548   0.1562   0.1787   0.1719   0.1748   0.1378   0.1514   0.1911   0.1610   0.1730   0.1924   0.1706   0.1534   0.1572   0.1669   0.1710   0.1735   0.1833   0.2060   0.1533   0.1579   0.1747   0.1730   0.1548   0.1691   0.1718   0.1878   0.1571
min   0.0051 -0.0091 -0.0103 -0.0097 -0.0112 -0.0115 -0.0090 -0.0121 -0.0096 -0.0094  -0.0088  -0.0130  -0.0123  -0.0092  -0.0136  -0.0088  -0.0102  -0.0117  -0.0101  -0.0091  -0.0103  -0.0091  -0.0098  -0.0093  -0.0077  -0.0103  -0.0106  -0.0089  -0.0074  -0.0147  -0.0124  -0.0115  -0.0103  -0.0124  -0.0127  -0.0094  -0.0088  -0.0089  -0.0102  -0.0118  -0.0107  -0.0101  -0.0089  -0.0138  -0.0095  -0.0108  -0.0078  -0.0112  -0.0092  -0.0102  -0.0095
25%   0.0204  0.0000  0.0000  0.0000  0.0000  0.0000  0.0000  0.0000  0.0000  0.0000   0.0000   0.0000   0.0000   0.0000   0.0000   0.0000   0.0000   0.0000   0.0000   0.0000   0.0000   0.0000   0.0000   0.0000   0.0000   0.0000   0.0000   0.0000   0.0000   0.0000   0.0000   0.0000   0.0000   0.0000   0.0000   0.0000   0.0000   0.0000   0.0000   0.0000   0.0000   0.0000   0.0000   0.0000   0.0000   0.0000   0.0000   0.0000   0.0000   0.0000   0.0000
50%   0.0941  0.0000  0.0000  0.0000  0.0000  0.0000  0.0000  0.0000  0.0000  0.0000   0.0000   0.0000   0.0000   0.0000   0.0000   0.0000   0.0000   0.0000   0.0000   0.0000   0.0000   0.0000   0.0000   0.0000   0.0000   0.0000   0.0000   0.0000   0.0000   0.0000   0.0000   0.0000   0.0000   0.0000   0.0000   0.0000   0.0000   0.0000   0.0000   0.0000   0.0000   0.0000   0.0000   0.0000   0.0000   0.0000   0.0000   0.0000   0.0000   0.0000   0.0000
75%   0.2679  0.0066  0.0035  0.0034  0.0063  0.0043  0.0038  0.0063  0.0033  0.0033   0.0097   0.0051   0.0038   0.0031   0.0063   0.0016   0.0043   0.0066   0.0020   0.0076   0.0023   0.0028   0.0036   0.0045   0.0066   0.0097   0.0069   0.0029   0.0019   0.0032   0.0130   0.0046   0.0080   0.0066   0.0014   0.0053   0.0064   0.0036   0.0038   0.0038   0.0067   0.0040   0.0035   0.0010   0.0088   0.0071   0.0060   0.0051   0.0031   0.0059   0.0054
max   0.5000  3.0038  1.8738  1.8162  2.2011  1.5972  1.8262  1.4867  2.5567  1.8685   1.5618   2.1004   2.5645   2.0937   3.5779   2.1909   1.9631   3.0603   1.9984   1.8739   1.9938   2.0233   2.9599   1.9797   1.8482   2.8070   2.3936   2.5716   1.6809   1.3858   2.2268   2.1519   2.2683   2.0876   2.0121   2.1216   1.6398   1.9807   1.9237   2.9389   2.0000   2.1432   1.7604   2.0502   2.2018   2.2371   2.0412   2.0000   2.3385   2.3719   2.1892

MAF/LD Score Correlation Matrix
            MAF  SIM1L2  SIM2L2  SIM3L2  SIM4L2  SIM5L2  SIM6L2  SIM7L2  SIM8L2  SIM9L2  SIM10L2  SIM11L2  SIM12L2  SIM13L2  SIM14L2  SIM15L2  SIM16L2  SIM17L2  SIM18L2  SIM19L2  SIM20L2  SIM21L2  SIM22L2  SIM23L2  SIM24L2  SIM25L2  SIM26L2  SIM27L2  SIM28L2  SIM29L2  SIM30L2  SIM31L2  SIM32L2  SIM33L2  SIM34L2  SIM35L2  SIM36L2  SIM37L2  SIM38L2  SIM39L2  SIM40L2  SIM41L2  SIM42L2  SIM43L2  SIM44L2  SIM45L2  SIM46L2  SIM47L2  SIM48L2  SIM49L2  SIM50L2
MAF      1.0000  0.1674  0.0999  0.1266  0.1158  0.0864  0.0908  0.1437  0.1231  0.0734   0.1488   0.0957   0.1055   0.1671   0.1149   0.0623   0.1305   0.1464   0.1270   0.1122   0.1171   0.0850   0.1170   0.0622   0.2053   0.1776   0.1632   0.0990   0.0665   0.1079   0.1642   0.1043   0.1261   0.1670   0.1155   0.1413   0.1756   0.0990   0.1306   0.1571   0.1376   0.1336   0.1164   0.1109   0.1197   0.0628   0.1334   0.1248   0.1395   0.1207   0.1153
SIM1L2   0.1674  1.0000  0.0763  0.2121  0.2027  0.1090  0.0853  0.0902  0.0839  0.1448   0.0697   0.0459   0.1488   0.1487   0.2546   0.2027   0.1484   0.1880   0.1677   0.0289   0.1662   0.0862   0.2527   0.1255   0.2014   0.1397   0.2024   0.0907   0.0371   0.1408   0.1963   0.0751   0.2007   0.1571   0.1313   0.1903   0.2011   0.1954   0.1604   0.1803   0.0888   0.1654   0.1383   0.1699   0.0468   0.0765   0.1103   0.2062   0.3068   0.2476   0.0974
SIM2L2   0.0999  0.0763  1.0000  0.2150  0.1398  0.0215  0.1935  0.0996  0.2830  0.1014   0.1388   0.1662   0.1122   0.1572   0.2040   0.1194   0.1566   0.2664   0.1939   0.1589   0.2139   0.1363   0.2697   0.1745   0.1460   0.1152   0.2010   0.1660   0.1873   0.0955   0.1228   0.1821   0.1009   0.2335   0.1748   0.0910   0.1662   0.0632   0.2253   0.0756   0.1830   0.2761   0.1645   0.2092   0.1269   0.1314   0.0873   0.1180   0.1961   0.1239   0.1592
SIM3L2   0.1266  0.2121  0.2150  1.0000  0.1497  0.1291  0.1519  0.0798  0.1779  0.1236   0.0851   0.0596   0.1049   0.1815   0.1328   0.1350   0.1955   0.2249   0.2287   0.1615   0.1926   0.2058   0.2030   0.0572   0.2109   0.1466   0.1760   0.0910   0.1293   0.1627   0.1547   0.1376   0.1440   0.2761   0.2604   0.1709   0.2023   0.1074   0.1283   0.1151   0.1901   0.2766   0.1473   0.2308   0.1244   0.1199   0.1832   0.2389   0.2577   0.2966   0.1459
SIM4L2   0.1158  0.2027  0.1398  0.1497  1.0000  0.1662  0.1121  0.1247  0.1216  0.1191   0.1388   0.0808   0.1455   0.1341   0.1108   0.2700   0.1811   0.2514   0.1270   0.2032   0.2230   0.1442   0.1783   0.1699   0.1000   0.1361   0.1030   0.1864   0.0828   0.1928   0.1636   0.2508   0.1390   0.1407   0.2065   0.1456   0.2177   0.1863   0.0865   0.1747   0.1044   0.2178   0.2003   0.1537   0.1802   0.1667   0.2212   0.1722   0.1706   0.2596   0.1948
SIM5L2   0.0864  0.1090  0.0215  0.1291  0.1662  1.0000  0.1213  0.1392  0.1704  0.1042   0.1779   0.2045   0.1664   0.1780   0.1912   0.1870   0.1999   0.1637   0.1824   0.1488   0.1475   0.2291   0.0905   0.0537   0.1337   0.1573   0.1199   0.1879   0.1165   0.2059   0.1826   0.1607   0.1693   0.1570   0.1398   0.1086   0.1710   0.2382   0.1135   0.1657   0.1941   0.1110   0.0807   0.0830   0.1153   0.2233   0.1735   0.1760   0.1122   0.1010   0.1734
SIM6L2   0.0908  0.0853  0.1935  0.1519  0.1121  0.1213  1.0000  0.0975  0.1699  0.1404   0.1084   0.1761   0.1314   0.1492   0.1821   0.1836   0.1261   0.1113   0.0432   0.1728   0.0831   0.1662   0.1993   0.0368   0.1048   0.1404   0.2165   0.1916   0.1537   0.0758   0.1994   0.0856   0.1403   0.0495   0.1180   0.1935   0.1572   0.1844   0.1555   0.1065   0.1337   0.0231   0.2618   0.0460   0.2022   0.2013   0.1657   0.0783   0.1171   0.1025   0.0841
SIM7L2   0.1437  0.0902  0.0996  0.0798  0.1247  0.1392  0.0975  1.0000  0.1167  0.1102   0.1193   0.1686   0.1474   0.1996   0.1214   0.1590   0.1353   0.1406   0.1911   0.1184   0.0433   0.1715   0.0808   0.0780   0.0714   0.1834   0.1907   0.1964   0.1003   0.1048   0.1615   0.1378   0.0794   0.1964   0.1485   0.0845   0.1724   0.0669   0.1663   0.2855   0.1691   0.1506   0.1397   0.1446   0.0989   0.2454   0.1111   0.2407   0.1293   0.1482   0.0742
SIM8L2   0.1231  0.0839  0.2830  0.1779  0.1216  0.1704  0.1699  0.1167  1.0000  0.1261   0.3070   0.3477   0.1691   0.3229   0.3245   0.0959   0.3388   0.1649   0.1482   0.1187   0.2329   0.1778   0.2474   0.1649   0.2273   0.1506   0.1698   0.3897   0.0947   0.1574   0.1072   0.2189   0.2241   0.2325   0.1546   0.1154   0.2152   0.3203   0.2999   0.1533   0.1763   0.1694   0.1876   0.1524   0.2800   0.1645   0.1276   0.1877   0.1474   0.1085   0.1708
SIM9L2   0.0734  0.1448  0.1014  0.1236  0.1191  0.1042  0.1404  0.1102  0.1261  1.0000   0.1502   0.1013   0.1096   0.1626   0.1795   0.1079   0.1300   0.0630   0.1223   0.1785   0.2030   0.1382   0.1419   0.1028   0.1616   0.2180   0.1653   0.0707   0.1040   0.1151   0.1350   0.0927   0.0835   0.2120   0.1218   0.1434   0.1826   0.1450   0.1715   0.0822   0.1649   0.1639   0.0776   0.0820   0.1443   0.1015   0.1640   0.1293   0.1656   0.2061   0.1101
SIM10L2  0.1488  0.0697  0.1388  0.0851  0.1388  0.1779  0.1084  0.1193  0.3070  0.1502   1.0000   0.2871   0.0954   0.2817   0.1579   0.1295   0.1871   0.0927   0.1228   0.2157   0.1293   0.1607   0.1759   0.0564   0.2001   0.1762   0.2186   0.2446   0.0831   0.1928   0.1082   0.1796   0.1237   0.1774   0.1336   0.1063   0.1657   0.1698   0.1803   0.2179   0.2955   0.1553   0.1049   0.0139   0.1322   0.1779   0.1539   0.1504   0.0840   0.1522   0.1363
SIM11L2  0.0957  0.0459  0.1662  0.0596  0.0808  0.2045  0.1761  0.1686  0.3477  0.1013   0.2871   1.0000   0.1667   0.2077   0.2121   0.1528   0.2121   0.0940   0.2039   0.1219   0.1635   0.2725   0.2977   0.0495   0.1353   0.1318   0.1277   0.2707   0.1980   0.0845   0.1238   0.1055   0.0428   0.1210   0.1276   0.1025   0.1388   0.2298   0.1297   0.1613   0.1744   0.1340   0.1518   0.1022   0.2151   0.1448   0.1043   0.1110   0.0672   0.0559   0.0828
SIM12L2  0.1055  0.1488  0.1122  0.1049  0.1455  0.1664  0.1314  0.1474  0.1691  0.1096   0.0954   0.1667   1.0000   0.1061   0.2219   0.2329   0.0834   0.1346   0.1367   0.0803   0.1199   0.1811   0.1201   0.1004   0.0627   0.1048   0.1965   0.1194   0.0606   0.0808   0.1516   0.0874   0.0763   0.0632   0.0654   0.0824   0.1614   0.1840   0.1049   0.0808   0.1163   0.1295   0.2583   0.0006   0.0843   0.1521   0.0844   0.1677   0.1133   0.0728   0.0845
SIM13L2  0.1671  0.1487  0.1572  0.1815  0.1341  0.1780  0.1492  0.1996  0.3229  0.1626   0.2817   0.2077   0.1061   1.0000   0.2332   0.0674   0.2822   0.1366   0.2189   0.0875   0.1317   0.1660   0.1806   0.0893   0.2161   0.1519   0.2056   0.3477   0.0959   0.1913   0.1575   0.0993   0.2886   0.2166   0.0818   0.1458   0.2204   0.2038   0.2468   0.1538   0.2767   0.1223   0.1992   0.1623   0.2332   0.1301   0.1138   0.1842   0.1602   0.1464   0.1054
SIM14L2  0.1149  0.2546  0.2040  0.1328  0.1108  0.1912  0.1821  0.1214  0.3245  0.1795   0.1579   0.2121   0.2219   0.2332   1.0000   0.1450   0.2792   0.1361   0.1416   0.1600   0.1788   0.1052   0.2741   0.2336   0.3139   0.1053   0.1760   0.1861   0.1191   0.0819   0.2510   0.1521   0.1706   0.2016   0.1505   0.1119   0.1822   0.2370   0.2480   0.1572   0.1585   0.1183   0.1670   0.1695   0.2475   0.0901   0.1949   0.1417   0.2370   0.1239   0.1394
SIM15L2  0.0623  0.2027  0.1194  0.1350  0.2700  0.1870  0.1836  0.1590  0.0959  0.1079   0.1295   0.1528   0.2329   0.0674   0.1450   1.0000   0.1450   0.1507   0.1397   0.1529   0.0982   0.2551   0.1299   0.0131   0.1471   0.1190   0.0885   0.0938   0.0363   0.2170   0.2078   0.1283   0.0891   0.1293   0.1151   0.0459   0.2050   0.1484   0.0548   0.1697   0.1095   0.1717   0.0748   0.0449   0.0682   0.2452   0.1573   0.1633   0.1977   0.1935   0.2307
SIM16L2  0.1305  0.1484  0.1566  0.1955  0.1811  0.1999  0.1261  0.1353  0.3388  0.1300   0.1871   0.2121   0.0834   0.2822   0.2792   0.1450   1.0000   0.1425   0.1879   0.1255   0.2328   0.1680   0.2705   0.0883   0.2524   0.1786   0.1420   0.2456   0.0382   0.2236   0.2103   0.2232   0.2971   0.2581   0.2396   0.1132   0.2465   0.3353   0.1832   0.2187   0.1146   0.2193   0.1869   0.2854   0.1725   0.2023   0.2119   0.1521   0.2288   0.2456   0.2053
SIM17L2  0.1464  0.1880  0.2664  0.2249  0.2514  0.1637  0.1113  0.1406  0.1649  0.0630   0.0927   0.0940   0.1346   0.1366   0.1361   0.1507   0.1425   1.0000   0.2735   0.1233   0.2384   0.1151   0.1657   0.1197   0.1814   0.1570   0.1308   0.1290   0.1094   0.0298   0.1223   0.1940   0.1579   0.2065   0.3314   0.1313   0.2254   0.0749   0.1483   0.0723   0.2203   0.2415   0.1209   0.3186   0.1363   0.1349   0.0520   0.1978   0.1602   0.2072   0.0481
SIM18L2  0.1270  0.1677  0.1939  0.2287  0.1270  0.1824  0.0432  0.1911  0.1482  0.1223   0.1228   0.2039   0.1367   0.2189   0.1416   0.1397   0.1879   0.2735   1.0000   0.1272   0.1326   0.2344   0.1687   0.0347   0.1771   0.1861   0.1102   0.1573   0.0832   0.1069   0.0653   0.2044   0.0856   0.1628   0.3032   0.1542   0.2329   0.1234   0.0784   0.1060   0.1412   0.2573   0.0960   0.3069   0.0741   0.2022   0.1206   0.1919   0.1171   0.2461   0.1329
SIM19L2  0.1122  0.0289  0.1589  0.1615  0.2032  0.1488  0.1728  0.1184  0.1187  0.1785   0.2157   0.1219   0.0803   0.0875   0.1600   0.1529   0.1255   0.1233   0.1272   1.0000   0.1440   0.1346   0.2133   0.0849   0.1296   0.1854   0.1791   0.1586   0.2151   0.1326   0.1421   0.1531   0.1301   0.1707   0.1000   0.0653   0.1037   0.0823   0.0838   0.1213   0.1670   0.1638   0.1091   0.0655   0.2229   0.2049   0.1345   0.0991   0.1662   0.1278   0.2987
SIM20L2  0.1171  0.1662  0.2139  0.1926  0.2230  0.1475  0.0831  0.0433  0.2329  0.2030   0.1293   0.1635   0.1199   0.1317   0.1788   0.0982   0.2328   0.2384   0.1326   0.1440   1.0000   0.1093   0.2322   0.1932   0.1815   0.1272   0.1187   0.1116   0.1504   0.1476   0.1003   0.1624   0.0636   0.2691   0.2641   0.1715   0.0853   0.1933   0.1986   0.1162   0.2043   0.2754   0.1646   0.1219   0.1296   0.1377   0.1227   0.1627   0.1604   0.1878   0.0850
SIM21L2  0.0850  0.0862  0.1363  0.2058  0.1442  0.2291  0.1662  0.1715  0.1778  0.1382   0.1607   0.2725   0.1811   0.1660   0.1052   0.2551   0.1680   0.1151   0.2344   0.1346   0.1093   1.0000   0.2330   0.0707   0.1195   0.0935   0.1203   0.1424   0.1908   0.1468   0.2345   0.0575   0.0737   0.2173   0.1481   0.1660   0.1716   0.1960   0.1277   0.1897   0.1935   0.2174   0.1471   0.1358   0.1546   0.1761   0.2291   0.1607   0.1980   0.1946   0.1866
SIM22L2  0.1170  0.2527  0.2697  0.2030  0.1783  0.0905  0.1993  0.0808  0.2474  0.1419   0.1759   0.2977   0.1201   0.1806   0.2741   0.1299   0.2705   0.1657   0.1687   0.2133   0.2322   0.2330   1.0000   0.1501   0.2588   0.1453   0.2423   0.2069   0.2290   0.0921   0.1753   0.0885   0.1522   0.1991   0.1355   0.2106   0.1476   0.1864   0.1102   0.1871   0.1905   0.2693   0.1297   0.1878   0.2516   0.0894   0.1414   0.1628   0.2646   0.1612   0.1847
SIM23L2  0.0622  0.1255  0.1745  0.0572  0.1699  0.0537  0.0368  0.0780  0.1649  0.1028   0.0564   0.0495   0.1004   0.0893   0.2336   0.0131   0.0883   0.1197   0.0347   0.0849   0.1932   0.0707   0.1501   1.0000   0.1391   0.1008   0.1202   0.0922   0.0918   0.0483   0.1317   0.0595   0.0549   0.1547   0.1199   0.1932   0.0719   0.1224   0.1997   0.1165   0.1772   0.2459   0.1204   0.0257   0.1428   0.0880   0.1084   0.1657   0.1977   0.0440   0.0833
SIM24L2  0.2053  0.2014  0.1460  0.2109  0.1000  0.1337  0.1048  0.0714  0.2273  0.1616   0.2001   0.1353   0.0627   0.2161   0.3139   0.1471   0.2524   0.1814   0.1771   0.1296   0.1815   0.1195   0.2588   0.1391   1.0000   0.1947   0.1446   0.0982   0.0473   0.1349   0.1882   0.1323   0.1995   0.2281   0.2204   0.1352   0.2193   0.2027   0.1227   0.1382   0.1605   0.1671   0.1224   0.2447   0.1836   0.1112   0.2294   0.1553   0.2465   0.2241   0.1808
SIM25L2  0.1776  0.1397  0.1152  0.1466  0.1361  0.1573  0.1404  0.1834  0.1506  0.2180   0.1762   0.1318   0.1048   0.1519   0.1053   0.1190   0.1786   0.1570   0.1861   0.1854   0.1272   0.0935   0.1453   0.1008   0.1947   1.0000   0.1815   0.2050   0.0599   0.0613   0.1411   0.0763   0.1468   0.1578   0.1306   0.1996   0.1823   0.1269   0.1328   0.2378   0.1244   0.1943   0.1100   0.1595   0.1926   0.1585   0.0710   0.1486   0.1871   0.1650   0.1336
SIM26L2  0.1632  0.2024  0.2010  0.1760  0.1030  0.1199  0.2165  0.1907  0.1698  0.1653   0.2186   0.1277   0.1965   0.2056   0.1760   0.0885   0.1420   0.1308   0.1102   0.1791   0.1187   0.1203   0.2423   0.1202   0.1446   0.1815   1.0000   0.1453   0.1494   0.1696   0.2403   0.0984   0.1501   0.2035   0.0508   0.1792   0.2124   0.1705   0.2457   0.1195   0.1908   0.1375   0.1909   0.0861   0.1561   0.1765   0.1272   0.1626   0.2913   0.1159   0.1203
SIM27L2  0.0990  0.0907  0.1660  0.0910  0.1864  0.1879  0.1916  0.1964  0.3897  0.0707   0.2446   0.2707   0.1194   0.3477   0.1861   0.0938   0.2456   0.1290   0.1573   0.1586   0.1116   0.1424   0.2069   0.0922   0.0982   0.2050   0.1453   1.0000   0.0925   0.1244   0.0838   0.0809   0.1908   0.1313   0.1034   0.0858   0.1161   0.2030   0.2664   0.1294   0.2170   0.0392   0.1680   0.1604   0.2341   0.1680   0.1044   0.1296   0.1776   0.0637   0.1264
SIM28L2  0.0665  0.0371  0.1873  0.1293  0.0828  0.1165  0.1537  0.1003  0.0947  0.1040   0.0831   0.1980   0.0606   0.0959   0.1191   0.0363   0.0382   0.1094   0.0832   0.2151   0.1504   0.1908   0.2290   0.0918   0.0473   0.0599   0.1494   0.0925   1.0000   0.0980   0.1401   0.0834   0.0938   0.1761   0.0793   0.0885   0.0941   0.0519   0.1451   0.0600   0.2033   0.0553   0.1120   0.1062   0.2050   0.1222   0.0471   0.0188   0.0686   0.0638   0.0631
SIM29L2  0.1079  0.1408  0.0955  0.1627  0.1928  0.2059  0.0758  0.1048  0.1574  0.1151   0.1928   0.0845   0.0808   0.1913   0.0819   0.2170   0.2236   0.0298   0.1069   0.1326   0.1476   0.1468   0.0921   0.0483   0.1349   0.0613   0.1696   0.1244   0.0980   1.0000   0.1545   0.1921   0.1803   0.1986   0.1257   0.0661   0.2188   0.2150   0.1483   0.1648   0.1698   0.1587   0.1677   0.0822   0.0762   0.2067   0.2433   0.0956   0.1274   0.2171   0.2326
SIM30L2  0.1642  0.1963  0.1228  0.1547  0.1636  0.1826  0.1994  0.1615  0.1072  0.1350   0.1082   0.1238   0.1516   0.1575   0.2510   0.2078   0.2103   0.1223   0.0653   0.1421   0.1003   0.2345   0.1753   0.1317   0.1882   0.1411   0.2403   0.0838   0.1401   0.1545   1.0000   0.1516   0.1689   0.1136   0.1015   0.1406   0.1888   0.1782   0.1872   0.1547   0.0952   0.1284   0.1351   0.0830   0.1856   0.1840   0.2906   0.1378   0.2827   0.1108   0.1665
SIM31L2  0.1043  0.0751  0.1821  0.1376  0.2508  0.1607  0.0856  0.1378  0.2189  0.0927   0.1796   0.1055   0.0874   0.0993   0.1521   0.1283   0.2232   0.1940   0.2044   0.1531   0.1624   0.0575   0.0885   0.0595   0.1323   0.0763   0.0984   0.0809   0.0834   0.1921   0.1516   1.0000   0.1579   0.1151   0.2192   0.0834   0.2411   0.1623   0.1485   0.1561   0.0653   0.1529   0.1526   0.2081   0.1316   0.1763   0.2251   0.1004   0.1025   0.1873   0.1211
SIM32L2  0.1261  0.2007  0.1009  0.1440  0.1390  0.1693  0.1403  0.0794  0.2241  0.0835   0.1237   0.0428   0.0763   0.2886   0.1706   0.0891   0.2971   0.1579   0.0856   0.1301   0.0636   0.0737   0.1522   0.0549   0.1995   0.1468   0.1501   0.1908   0.0938   0.1803   0.1689   0.1579   1.0000   0.1357   0.0468   0.1176   0.2268   0.2474   0.1355   0.1856   0.1128   0.1077   0.1603   0.2044   0.1321   0.1550   0.1943   0.0560   0.1545   0.1455   0.1510
SIM33L2  0.1670  0.1571  0.2335  0.2761  0.1407  0.1570  0.0495  0.1964  0.2325  0.2120   0.1774   0.1210   0.0632   0.2166   0.2016   0.1293   0.2581   0.2065   0.1628   0.1707   0.2691   0.2173   0.1991   0.1547   0.2281   0.1578   0.2035   0.1313   0.1761   0.1986   0.1136   0.1151   0.1357   1.0000   0.2307   0.1441   0.2666   0.1669   0.2717   0.1572   0.3372   0.3098   0.1442   0.1910   0.1221   0.0709   0.1553   0.2131   0.2983   0.2904   0.2098
SIM34L2  0.1155  0.1313  0.1748  0.2604  0.2065  0.1398  0.1180  0.1485  0.1546  0.1218   0.1336   0.1276   0.0654   0.0818   0.1505   0.1151   0.2396   0.3314   0.3032   0.1000   0.2641   0.1481   0.1355   0.1199   0.2204   0.1306   0.0508   0.1034   0.0793   0.1257   0.1015   0.2192   0.0468   0.2307   1.0000   0.1244   0.2763   0.1605   0.1424   0.1304   0.0877   0.2704   0.1469   0.3030   0.0937   0.2375   0.1935   0.2028   0.1664   0.3172   0.1317
SIM35L2  0.1413  0.1903  0.0910  0.1709  0.1456  0.1086  0.1935  0.0845  0.1154  0.1434   0.1063   0.1025   0.0824   0.1458   0.1119   0.0459   0.1132   0.1313   0.1542   0.0653   0.1715   0.1660   0.2106   0.1932   0.1352   0.1996   0.1792   0.0858   0.0885   0.0661   0.1406   0.0834   0.1176   0.1441   0.1244   1.0000   0.1385   0.1675   0.1165   0.1142   0.1605   0.1738   0.0923   0.1400   0.0860   0.1214   0.1570   0.1669   0.2247   0.1290   0.0735
SIM36L2  0.1756  0.2011  0.1662  0.2023  0.2177  0.1710  0.1572  0.1724  0.2152  0.1826   0.1657   0.1388   0.1614   0.2204   0.1822   0.2050   0.2465   0.2254   0.2329   0.1037   0.0853   0.1716   0.1476   0.0719   0.2193   0.1823   0.2124   0.1161   0.0941   0.2188   0.1888   0.2411   0.2268   0.2666   0.2763   0.1385   1.0000   0.3017   0.1355   0.2199   0.2483   0.1749   0.1602   0.2188   0.0489   0.1559   0.1912   0.2235   0.1954   0.2689   0.2068
SIM37L2  0.0990  0.1954  0.0632  0.1074  0.1863  0.2382  0.1844  0.0669  0.3203  0.1450   0.1698   0.2298   0.1840   0.2038   0.2370   0.1484   0.3353   0.0749   0.1234   0.0823   0.1933   0.1960   0.1864   0.1224   0.2027   0.1269   0.1705   0.2030   0.0519   0.2150   0.1782   0.1623   0.2474   0.1669   0.1605   0.1675   0.3017   1.0000   0.1223   0.2429   0.1235   0.0813   0.1436   0.0877   0.1952   0.1990   0.2133   0.1158   0.1266   0.1865   0.1962
SIM38L2  0.1306  0.1604  0.2253  0.1283  0.0865  0.1135  0.1555  0.1663  0.2999  0.1715   0.1803   0.1297   0.1049   0.2468   0.2480   0.0548   0.1832   0.1483   0.0784   0.0838   0.1986   0.1277   0.1102   0.1997   0.1227   0.1328   0.2457   0.2664   0.1451   0.1483   0.1872   0.1485   0.1355   0.2717   0.1424   0.1165   0.1355   0.1223   1.0000   0.0694   0.2217   0.0915   0.2496   0.0722   0.1479   0.1125   0.1268   0.1491   0.2082   0.0832   0.0490
SIM39L2  0.1571  0.1803  0.0756  0.1151  0.1747  0.1657  0.1065  0.2855  0.1533  0.0822   0.2179   0.1613   0.0808   0.1538   0.1572   0.1697   0.2187   0.0723   0.1060   0.1213   0.1162   0.1897   0.1871   0.1165   0.1382   0.2378   0.1195   0.1294   0.0600   0.1648   0.1547   0.1561   0.1856   0.1572   0.1304   0.1142   0.2199   0.2429   0.0694   1.0000   0.2157   0.2123   0.1250   0.0838   0.0585   0.1743   0.2410   0.2424   0.2026   0.2035   0.1410
SIM40L2  0.1376  0.0888  0.1830  0.1901  0.1044  0.1941  0.1337  0.1691  0.1763  0.1649   0.2955   0.1744   0.1163   0.2767   0.1585   0.1095   0.1146   0.2203   0.1412   0.1670   0.2043   0.1935   0.1905   0.1772   0.1605   0.1244   0.1908   0.2170   0.2033   0.1698   0.0952   0.0653   0.1128   0.3372   0.0877   0.1605   0.2483   0.1235   0.2217   0.2157   1.0000   0.2627   0.1749   0.0180   0.1267   0.1123   0.1608   0.1443   0.2131   0.1622   0.1362
SIM41L2  0.1336  0.1654  0.2761  0.2766  0.2178  0.1110  0.0231  0.1506  0.1694  0.1639   0.1553   0.1340   0.1295   0.1223   0.1183   0.1717   0.2193   0.2415   0.2573   0.1638   0.2754   0.2174   0.2693   0.2459   0.1671   0.1943   0.1375   0.0392   0.0553   0.1587   0.1284   0.1529   0.1077   0.3098   0.2704   0.1738   0.1749   0.0813   0.0915   0.2123   0.2627   1.0000   0.0516   0.1996   0.1322   0.1219   0.1868   0.2341   0.3512   0.3131   0.1496
SIM42L2  0.1164  0.1383  0.1645  0.1473  0.2003  0.0807  0.2618  0.1397  0.1876  0.0776   0.1049   0.1518   0.2583   0.1992   0.1670   0.0748   0.1869   0.1209   0.0960   0.1091   0.1646   0.1471   0.1297   0.1204   0.1224   0.1100   0.1909   0.1680   0.1120   0.1677   0.1351   0.1526   0.1603   0.1442   0.1469   0.0923   0.1602   0.1436   0.2496   0.1250   0.1749   0.0516   1.0000   0.0732   0.1065   0.2193   0.1372   0.1741   0.1762   0.1490   0.0755
SIM43L2  0.1109  0.1699  0.2092  0.2308  0.1537  0.0830  0.0460  0.1446  0.1524  0.0820   0.0139   0.1022   0.0006   0.1623   0.1695   0.0449   0.2854   0.3186   0.3069   0.0655   0.1219   0.1358   0.1878   0.0257   0.2447   0.1595   0.0861   0.1604   0.1062   0.0822   0.0830   0.2081   0.2044   0.1910   0.3030   0.1400   0.2188   0.0877   0.0722   0.0838   0.0180   0.1996   0.0732   1.0000   0.1158   0.0731   0.0793   0.1385   0.1634   0.2212   0.0886
SIM44L2  0.1197  0.0468  0.1269  0.1244  0.1802  0.1153  0.2022  0.0989  0.2800  0.1443   0.1322   0.2151   0.0843   0.2332   0.2475   0.0682   0.1725   0.1363   0.0741   0.2229   0.1296   0.1546   0.2516   0.1428   0.1836   0.1926   0.1561   0.2341   0.2050   0.0762   0.1856   0.1316   0.1321   0.1221   0.0937   0.0860   0.0489   0.1952   0.1479   0.0585   0.1267   0.1322   0.1065   0.1158   1.0000   0.1426   0.1811   0.0368   0.1559   0.1014   0.0937
SIM45L2  0.0628  0.0765  0.1314  0.1199  0.1667  0.2233  0.2013  0.2454  0.1645  0.1015   0.1779   0.1448   0.1521   0.1301   0.0901   0.2452   0.2023   0.1349   0.2022   0.2049   0.1377   0.1761   0.0894   0.0880   0.1112   0.1585   0.1765   0.1680   0.1222   0.2067   0.1840   0.1763   0.1550   0.0709   0.2375   0.1214   0.1559   0.1990   0.1125   0.1743   0.1123   0.1219   0.2193   0.0731   0.1426   1.0000   0.2069   0.1879   0.1649   0.1896   0.1756
SIM46L2  0.1334  0.1103  0.0873  0.1832  0.2212  0.1735  0.1657  0.1111  0.1276  0.1640   0.1539   0.1043   0.0844   0.1138   0.1949   0.1573   0.2119   0.0520   0.1206   0.1345   0.1227   0.2291   0.1414   0.1084   0.2294   0.0710   0.1272   0.1044   0.0471   0.2433   0.2906   0.2251   0.1943   0.1553   0.1935   0.1570   0.1912   0.2133   0.1268   0.2410   0.1608   0.1868   0.1372   0.0793   0.1811   0.2069   1.0000   0.1700   0.1926   0.2449   0.2106
SIM47L2  0.1248  0.2062  0.1180  0.2389  0.1722  0.1760  0.0783  0.2407  0.1877  0.1293   0.1504   0.1110   0.1677   0.1842   0.1417   0.1633   0.1521   0.1978   0.1919   0.0991   0.1627   0.1607   0.1628   0.1657   0.1553   0.1486   0.1626   0.1296   0.0188   0.0956   0.1378   0.1004   0.0560   0.2131   0.2028   0.1669   0.2235   0.1158   0.1491   0.2424   0.1443   0.2341   0.1741   0.1385   0.0368   0.1879   0.1700   1.0000   0.2735   0.1918   0.0831
SIM48L2  0.1395  0.3068  0.1961  0.2577  0.1706  0.1122  0.1171  0.1293  0.1474  0.1656   0.0840   0.0672   0.1133   0.1602   0.2370   0.1977   0.2288   0.1602   0.1171   0.1662   0.1604   0.1980   0.2646   0.1977   0.2465   0.1871   0.2913   0.1776   0.0686   0.1274   0.2827   0.1025   0.1545   0.2983   0.1664   0.2247   0.1954   0.1266   0.2082   0.2026   0.2131   0.3512   0.1762   0.1634   0.1559   0.1649   0.1926   0.2735   1.0000   0.2246   0.1496
SIM49L2  0.1207  0.2476  0.1239  0.2966  0.2596  0.1010  0.1025  0.1482  0.1085  0.2061   0.1522   0.0559   0.0728   0.1464   0.1239   0.1935   0.2456   0.2072   0.2461   0.1278   0.1878   0.1946   0.1612   0.0440   0.2241   0.1650   0.1159   0.0637   0.0638   0.2171   0.1108   0.1873   0.1455   0.2904   0.3172   0.1290   0.2689   0.1865   0.0832   0.2035   0.1622   0.3131   0.1490   0.2212   0.1014   0.1896   0.2449   0.1918   0.2246   1.0000   0.1604
SIM50L2  0.1153  0.0974  0.1592  0.1459  0.1948  0.1734  0.0841  0.0742  0.1708  0.1101   0.1363   0.0828   0.0845   0.1054   0.1394   0.2307   0.2053   0.0481   0.1329   0.2987   0.0850   0.1866   0.1847   0.0833   0.1808   0.1336   0.1203   0.1264   0.0631   0.2326   0.1665   0.1211   0.1510   0.2098   0.1317   0.0735   0.2068   0.1962   0.0490   0.1410   0.1362   0.1496   0.0755   0.0886   0.0937   0.1756   0.2106   0.0831   0.1496   0.1604   1.0000

LD Score Matrix Condition Number
5.8034

Annotation Correlation Matrix
         SIM1    SIM2    SIM3    SIM4    SIM5    SIM6    SIM7    SIM8    SIM9   SIM10   SIM11   SIM12   SIM13   SIM14   SIM15   SIM16   SIM17   SIM18   SIM19   SIM20   SIM21   SIM22   SIM23   SIM24   SIM25   SIM26   SIM27   SIM28   SIM29   SIM30   SIM31   SIM32   SIM33   SIM34   SIM35   SIM36   SIM37   SIM38   SIM39   SIM40   SIM41   SIM42   SIM43   SIM44   SIM45   SIM46   SIM47   SIM48   SIM49   SIM50
SIM1   1.0000  0.0084  0.0080  0.0076  0.0077  0.0263  0.0165  0.0085 -0.0008 -0.0009 -0.0008  0.0083 -0.0008  0.0161 -0.0008  0.0078  0.0242  0.0358  0.0158  0.0084  0.0181 -0.0008  0.0349  0.0167 -0.0009  0.0254 -0.0008  0.0188  0.0181  0.0234  0.0079  0.0252  0.0077  0.0379  0.0081  0.0082  0.0080  0.0169  0.0079  0.0163 -0.0008  0.0269  0.0168 -0.0008 -0.0008  0.0171 -0.0008  0.0175 -0.0009  0.0164
SIM2   0.0084  1.0000  0.0268 -0.0008 -0.0008  0.0273 -0.0008  0.0089 -0.0008  0.0166  0.0080  0.0086 -0.0008  0.0168  0.0280 -0.0008 -0.0008  0.0277  0.0165  0.0182  0.0090  0.0172  0.0178  0.0174  0.0163  0.0355  0.0185  0.0094  0.0090  0.0075  0.0263  0.0082  0.0436  0.0093 -0.0008  0.0085 -0.0008  0.0452 -0.0008  0.0349  0.0083  0.0184  0.0084  0.0169  0.0173  0.0085  0.0174  0.0182 -0.0008  0.0261
SIM3   0.0080  0.0268  1.0000  0.0076  0.0334  0.0172 -0.0008  0.0458  0.0080  0.0075  0.0077  0.0173  0.0171  0.0076  0.0084  0.0165  0.0158  0.0084  0.0158  0.0084  0.0181  0.0078  0.0171  0.0167  0.0156  0.0079  0.0085  0.0188  0.0275  0.0072  0.0166  0.0078 -0.0008 -0.0007 -0.0008  0.0082  0.0168  0.0080  0.0254  0.0078  0.0341  0.0084  0.0080  0.0077 -0.0008  0.0349  0.0080  0.0175 -0.0009  0.0251
SIM4   0.0076 -0.0008  0.0076  1.0000  0.0073  0.0078  0.0074  0.0081  0.0076  0.0232  0.0155  0.0165  0.0163  0.0072  0.0169 -0.0009  0.0151  0.0079  0.0151  0.0430  0.0082  0.0324  0.0077  0.0160  0.0070  0.0075 -0.0008  0.0273  0.0263 -0.0009  0.0075  0.0157  0.0155  0.0177  0.0163  0.0164  0.0076  0.0076 -0.0009  0.0156  0.0327  0.0257  0.0245  0.0155  0.0159  0.0163  0.0244  0.0167  0.0234  0.0157
SIM5   0.0077 -0.0008  0.0334  0.0073  1.0000  0.0079  0.0326 -0.0008  0.0076  0.0072  0.0485  0.0167  0.0078  0.0155  0.0081  0.0075 -0.0009  0.0345  0.0153  0.0169  0.0083  0.0326  0.0164  0.0076  0.0230 -0.0009  0.0082  0.0087  0.0174  0.0226  0.0244  0.0075  0.0074 -0.0008  0.0078  0.0078 -0.0008  0.0248  0.0076  0.0157  0.0160 -0.0008  0.0247 -0.0009  0.0160 -0.0008  0.0161  0.0080  0.0236  0.0158
SIM6   0.0263  0.0273  0.0172  0.0078  0.0079  1.0000  0.0080 -0.0008  0.0260  0.0248  0.0078  0.0546  0.0083  0.0165  0.0180 -0.0008  0.0247  0.0272  0.0162  0.0085 -0.0008  0.0168  0.0174 -0.0008  0.0160  0.0259 -0.0008  0.0291  0.0280  0.0074  0.0169  0.0080 -0.0008 -0.0007  0.0265  0.0358 -0.0008  0.0082  0.0170  0.0167  0.0170  0.0180  0.0082  0.0252  0.0081  0.0265  0.0081  0.0085  0.0250  0.0080
SIM7   0.0165 -0.0008 -0.0008  0.0074  0.0326  0.0080  1.0000 -0.0008  0.0249  0.0155  0.0408  0.0081  0.0604  0.0157  0.0173  0.0246  0.0073  0.0260  0.0073 -0.0008  0.0084  0.0076  0.0079  0.0163  0.0153  0.0334  0.0083  0.0088  0.0084  0.0308  0.0077 -0.0009  0.0326  0.0181  0.0079  0.0255  0.0251  0.0078  0.0248  0.0076  0.0163  0.0263  0.0078  0.0158  0.0248  0.0079 -0.0008  0.0081  0.0074 -0.0009
SIM8   0.0085  0.0089  0.0458  0.0081 -0.0008 -0.0008 -0.0008  1.0000  0.0085  0.0168 -0.0008 -0.0008  0.0369  0.0439  0.0090  0.0266  0.0256 -0.0008  0.0080  0.0281  0.0191  0.0083  0.0180  0.0177  0.0166  0.0176  0.0090  0.0096 -0.0007 -0.0008  0.0267  0.0357  0.0082  0.0095  0.0086 -0.0008  0.0178  0.0085 -0.0008  0.0082  0.0176  0.0187  0.0085  0.0171  0.0084  0.0369  0.0177  0.0185  0.0259  0.0174
SIM9  -0.0008 -0.0008  0.0080  0.0076  0.0076  0.0260  0.0249  0.0085  1.0000 -0.0009  0.0329  0.0082  0.0169  0.0244  0.0175  0.0335  0.0074  0.0083  0.0157  0.0355  0.0179  0.0163  0.0080  0.0166  0.0319  0.0165  0.0360  0.0186  0.0086  0.0152  0.0250  0.0078  0.0246 -0.0008  0.0169  0.0348  0.0167  0.0343  0.0165  0.0247  0.0078  0.0084 -0.0008  0.0160  0.0338  0.0080  0.0166  0.0355 -0.0009  0.0163
SIM10 -0.0009  0.0166  0.0075  0.0232  0.0072  0.0248  0.0155  0.0168 -0.0009  1.0000  0.0556  0.0163  0.0330  0.0152 -0.0008  0.0155  0.0149  0.0078  0.0307  0.0251  0.0259  0.0237  0.0076  0.0241  0.0304  0.0240  0.0255  0.0177  0.0170 -0.0009  0.0239 -0.0009  0.0153  0.0084  0.0076  0.0077  0.0158 -0.0009  0.0240  0.0235 -0.0009  0.0341  0.0075  0.0153  0.0157  0.0076  0.0158  0.0078  0.0151  0.0155
SIM11 -0.0008  0.0080  0.0077  0.0155  0.0485  0.0078  0.0408 -0.0008  0.0329  0.0556  1.0000  0.0079  0.0078  0.0073  0.0258  0.0242  0.0071  0.0256  0.0152  0.0080  0.0083  0.0325  0.0164  0.0160  0.0229 -0.0009  0.0438  0.0180  0.0083  0.0303  0.0243 -0.0009  0.0074  0.0271 -0.0008 -0.0008  0.0246  0.0162  0.0076  0.0239  0.0244  0.0081  0.0331  0.0155 -0.0009  0.0078  0.0076 -0.0008  0.0154  0.0241
SIM12  0.0083  0.0086  0.0173  0.0165  0.0167  0.0546  0.0081 -0.0008  0.0082  0.0163  0.0079  1.0000  0.0084  0.0165  0.0276  0.0081  0.0419  0.0366  0.0248 -0.0008 -0.0008  0.0346  0.0175 -0.0008 -0.0009  0.0081  0.0087  0.0192 -0.0008  0.0323  0.0170  0.0081 -0.0008 -0.0007  0.0084  0.0268  0.0263  0.0083  0.0171  0.0168  0.0171  0.0181 -0.0008  0.0428  0.0081  0.0175  0.0172  0.0179 -0.0008  0.0080
SIM13 -0.0008 -0.0008  0.0171  0.0163  0.0078  0.0083  0.0604  0.0369  0.0169  0.0330  0.0078  0.0084  1.0000  0.0077  0.0085  0.0254  0.0160  0.0361  0.0244  0.0269  0.0277  0.0079 -0.0008  0.0169  0.0325  0.0168  0.0179  0.0091  0.0087  0.0400  0.0167  0.0079 -0.0008  0.0090 -0.0008  0.0173 -0.0008  0.0171 -0.0008 -0.0008  0.0168  0.0179  0.0081  0.0250  0.0168  0.0172  0.0435  0.0177  0.0247  0.0166
SIM14  0.0161  0.0168  0.0076  0.0072  0.0155  0.0165  0.0157  0.0439  0.0244  0.0152  0.0073  0.0165  0.0077  1.0000  0.0080  0.0324  0.0151 -0.0008  0.0151  0.0342  0.0082  0.0074  0.0163  0.0412  0.0070  0.0075  0.0081  0.0086  0.0172  0.0224  0.0158  0.0157  0.0155  0.0085 -0.0008  0.0164  0.0076  0.0076  0.0243  0.0238  0.0075  0.0080  0.0076 -0.0009  0.0075  0.0334  0.0076  0.0167  0.0234  0.0157
SIM15 -0.0008  0.0280  0.0084  0.0169  0.0081  0.0180  0.0173  0.0090  0.0175 -0.0008  0.0258  0.0276  0.0085  0.0080  1.0000 -0.0008 -0.0008  0.0088  0.0079  0.0278  0.0091  0.0082 -0.0008  0.0084  0.0164  0.0174  0.0186 -0.0007  0.0189  0.0498  0.0173 -0.0008  0.0170  0.0295 -0.0008  0.0273  0.0084  0.0454  0.0174  0.0082  0.0174 -0.0008  0.0176  0.0081  0.0357  0.0179 -0.0008  0.0183  0.0168  0.0172
SIM16  0.0078 -0.0008  0.0165 -0.0009  0.0075 -0.0008  0.0246  0.0266  0.0335  0.0155  0.0242  0.0081  0.0254  0.0324 -0.0008  1.0000  0.0073  0.0171  0.0236  0.0439  0.0176  0.0246  0.0167  0.0163  0.0153  0.0163  0.0174 -0.0008 -0.0008  0.0070  0.0332  0.0076  0.0159  0.0276  0.0079  0.0080  0.0251 -0.0008 -0.0008  0.0244 -0.0008 -0.0008  0.0423  0.0242 -0.0008  0.0079 -0.0008  0.0171 -0.0009  0.0160
SIM17  0.0242 -0.0008  0.0158  0.0151 -0.0009  0.0247  0.0073  0.0256  0.0074  0.0149  0.0071  0.0419  0.0160  0.0151 -0.0008  0.0073  1.0000  0.0423  0.0148  0.0337  0.0347  0.0073  0.0160  0.0240  0.0069  0.0156  0.0167  0.0268  0.0258  0.0067 -0.0009  0.0073  0.0153  0.0083  0.0329  0.0076  0.0158  0.0242  0.0074  0.0153  0.0074  0.0340  0.0074  0.0152  0.0074  0.0329  0.0074 -0.0008 -0.0009 -0.0009
SIM18  0.0358  0.0277  0.0084  0.0079  0.0345  0.0272  0.0260 -0.0008  0.0083  0.0078  0.0256  0.0366  0.0361 -0.0008  0.0088  0.0171  0.0423  1.0000  0.0164  0.0181 -0.0007  0.0171 -0.0008  0.0083  0.0333  0.0173  0.0184  0.0295  0.0187  0.0159  0.0351  0.0081  0.0169  0.0392 -0.0008  0.0178  0.0265  0.0266 -0.0008  0.0081  0.0082 -0.0008  0.0174  0.0168  0.0173  0.0177  0.0173 -0.0008  0.0166 -0.0008
SIM19  0.0158  0.0165  0.0158  0.0151  0.0153  0.0162  0.0073  0.0080  0.0157  0.0307  0.0152  0.0248  0.0244  0.0151  0.0079  0.0236  0.0148  0.0164  1.0000  0.0164  0.0258  0.0400  0.0076 -0.0009  0.0224  0.0239  0.0517  0.0084  0.0169  0.0220 -0.0009  0.0318  0.0153  0.0083  0.0076  0.0076  0.0074  0.0075  0.0156 -0.0009  0.0239  0.0079  0.0074  0.0071  0.0321  0.0076  0.0157 -0.0008  0.0310  0.0235
SIM20  0.0084  0.0182  0.0084  0.0430  0.0169  0.0085 -0.0008  0.0281  0.0355  0.0251  0.0080 -0.0008  0.0269  0.0342  0.0278  0.0439  0.0337  0.0181  0.0164  1.0000  0.0090  0.0350  0.0177  0.0083  0.0077 -0.0008  0.0088 -0.0007  0.0090  0.0159  0.0082  0.0081  0.0169  0.0392  0.0084 -0.0008  0.0265  0.0266  0.0082  0.0347  0.0263 -0.0008 -0.0008 -0.0008 -0.0008  0.0084  0.0083 -0.0008  0.0166 -0.0008
SIM21  0.0181  0.0090  0.0181  0.0082  0.0083 -0.0008  0.0084  0.0191  0.0179  0.0259  0.0083 -0.0008  0.0277  0.0082  0.0091  0.0176  0.0347 -0.0007  0.0258  0.0090  1.0000  0.0269  0.0182  0.0179  0.0080  0.0178  0.0091  0.0201  0.0093 -0.0008 -0.0008  0.0084  0.0083  0.0096  0.0087  0.0088  0.0086  0.0275  0.0271 -0.0008  0.0085 -0.0007  0.0461  0.0083  0.0085  0.0087 -0.0008  0.0187  0.0172  0.0267
SIM22 -0.0008  0.0172  0.0078  0.0324  0.0326  0.0168  0.0076  0.0083  0.0163  0.0237  0.0325  0.0346  0.0079  0.0074  0.0082  0.0246  0.0073  0.0171  0.0400  0.0350  0.0269  1.0000  0.0167  0.0078  0.0153  0.0163  0.0083  0.0088  0.0269 -0.0009 -0.0008  0.0076  0.0075  0.0181  0.0167  0.0080  0.0078  0.0078  0.0248  0.0160  0.0248  0.0082 -0.0008  0.0158  0.0077  0.0167  0.0335  0.0171  0.0405  0.0245
SIM23  0.0349  0.0178  0.0171  0.0077  0.0164  0.0174  0.0079  0.0180  0.0080  0.0076  0.0164  0.0175 -0.0008  0.0163 -0.0008  0.0167  0.0160 -0.0008  0.0076  0.0177  0.0182  0.0167  1.0000  0.0080 -0.0009  0.0080  0.0179  0.0190 -0.0008  0.0236  0.0080 -0.0008  0.0164  0.0187  0.0172  0.0173  0.0259  0.0260 -0.0008 -0.0008  0.0256  0.0272 -0.0008 -0.0008 -0.0008  0.0353  0.0258  0.0084  0.0162  0.0166
SIM24  0.0167  0.0174  0.0167  0.0160  0.0076 -0.0008  0.0163  0.0177  0.0166  0.0241  0.0160 -0.0008  0.0169  0.0412  0.0084  0.0163  0.0240  0.0083 -0.0009  0.0083  0.0179  0.0078  0.0080  1.0000 -0.0009  0.0425 -0.0008 -0.0007 -0.0008 -0.0009  0.0164  0.0163  0.0076  0.0184  0.0258  0.0081  0.0167  0.0255  0.0252  0.0162  0.0078  0.0084  0.0254  0.0245  0.0338  0.0169  0.0079  0.0264  0.0075  0.0163
SIM25 -0.0009  0.0163  0.0156  0.0070  0.0230  0.0160  0.0153  0.0166  0.0319  0.0304  0.0229 -0.0009  0.0325  0.0070  0.0164  0.0153  0.0069  0.0333  0.0224  0.0077  0.0080  0.0153 -0.0009 -0.0009  1.0000  0.0236  0.0251  0.0083 -0.0008  0.0217  0.0072  0.0072  0.0310  0.0172  0.0075 -0.0009  0.0073  0.0074  0.0317  0.0231  0.0236  0.0164  0.0073  0.0150  0.0562 -0.0009  0.0073  0.0077 -0.0009  0.0313
