*********************************************************************
* LD Score Regression (LDSC)
* Version 1.0.1
* (C) 2014-2019 Brendan Bulik-Sullivan and Hilary Finucane
* Broad Institute of MIT and Harvard / MIT Department of Mathematics
* GNU General Public License v3
*********************************************************************
Call: 
./ldsc.py \
--out /data/sbcs/GuoLab/backup/liq17/CRC_TF_TWAS_zhishan2024/NC_revision_OceanCode/v2_NC_revision//84Tracks//ldscores_sim10000//3 \
--bfile /data/sbcs/GuoLab/backup/liq17/ref/Alkesgroup/1000G_EUR_Phase3_plink_hg38/1000G.EUR.QC.3 \
--annot /data/sbcs/GuoLab/backup/liq17/CRC_TF_TWAS_zhishan2024/NC_revision_OceanCode/v2_NC_revision//84Tracks//annots_sim10000//3.annot.txt \
--l2  \
--ld-wind-kb 100.0 

Beginning analysis at Sun Oct 26 21:56:59 2025
Read list of 706163 SNPs from /data/sbcs/GuoLab/backup/liq17/ref/Alkesgroup/1000G_EUR_Phase3_plink_hg38/1000G.EUR.QC.3.bim
Read 50 annotations for 706163 SNPs from /data/sbcs/GuoLab/backup/liq17/CRC_TF_TWAS_zhishan2024/NC_revision_OceanCode/v2_NC_revision//84Tracks//annots_sim10000//3.annot.txt
Read list of 489 individuals from /data/sbcs/GuoLab/backup/liq17/ref/Alkesgroup/1000G_EUR_Phase3_plink_hg38/1000G.EUR.QC.3.fam
Reading genotypes from /data/sbcs/GuoLab/backup/liq17/ref/Alkesgroup/1000G_EUR_Phase3_plink_hg38/1000G.EUR.QC.3.bed
Estimating LD Score.
Writing LD Scores for 706163 SNPs to /data/sbcs/GuoLab/backup/liq17/CRC_TF_TWAS_zhishan2024/NC_revision_OceanCode/v2_NC_revision//84Tracks//ldscores_sim10000//3.l2.ldscore.gz

Summary of LD Scores in /data/sbcs/GuoLab/backup/liq17/CRC_TF_TWAS_zhishan2024/NC_revision_OceanCode/v2_NC_revision//84Tracks//ldscores_sim10000//3.l2.ldscore.gz
         MAF  SIM1L2  SIM2L2  SIM3L2  SIM4L2  SIM5L2  SIM6L2  SIM7L2  SIM8L2  SIM9L2  SIM10L2  SIM11L2  SIM12L2  SIM13L2  SIM14L2  SIM15L2  SIM16L2  SIM17L2  SIM18L2  SIM19L2  SIM20L2  SIM21L2  SIM22L2  SIM23L2  SIM24L2  SIM25L2  SIM26L2  SIM27L2  SIM28L2  SIM29L2  SIM30L2  SIM31L2  SIM32L2  SIM33L2  SIM34L2  SIM35L2  SIM36L2  SIM37L2  SIM38L2  SIM39L2  SIM40L2  SIM41L2  SIM42L2  SIM43L2  SIM44L2  SIM45L2  SIM46L2  SIM47L2  SIM48L2  SIM49L2  SIM50L2
mean  0.1493  0.0602  0.0628  0.0586  0.0613  0.0610  0.0538  0.0535  0.0578  0.0559   0.0570   0.0565   0.0562   0.0530   0.0516   0.0580   0.0550   0.0566   0.0589   0.0603   0.0510   0.0554   0.0571   0.0603   0.0551   0.0566   0.0555   0.0549   0.0569   0.0569   0.0592   0.0634   0.0587   0.0589   0.0629   0.0556   0.0611   0.0570   0.0533   0.0579   0.0664   0.0607   0.0575   0.0597   0.0537   0.0618   0.0550   0.0528   0.0573   0.0599   0.0564
std   0.1496  0.2044  0.2111  0.1974  0.2080  0.2105  0.1902  0.1885  0.1989  0.1922   0.1987   0.1929   0.1977   0.1903   0.1859   0.1963   0.1862   0.1949   0.2008   0.2047   0.1784   0.1871   0.1907   0.2057   0.1890   0.2044   0.1893   0.1889   0.2014   0.1928   0.2042   0.2143   0.1970   0.2046   0.2068   0.1981   0.2151   0.2041   0.1894   0.1943   0.2198   0.2048   0.1924   0.2000   0.1841   0.2137   0.1939   0.1898   0.1950   0.2016   0.1981
min   0.0051 -0.0109 -0.0096 -0.0099 -0.0108 -0.0123 -0.0099 -0.0109 -0.0092 -0.0108  -0.0098  -0.0115  -0.0105  -0.0102  -0.0104  -0.0095  -0.0084  -0.0107  -0.0090  -0.0110  -0.0100  -0.0096  -0.0106  -0.0123  -0.0108  -0.0099  -0.0111  -0.0117  -0.0129  -0.0114  -0.0142  -0.0165  -0.0114  -0.0111  -0.0094  -0.0107  -0.0154  -0.0081  -0.0106  -0.0105  -0.0123  -0.0108  -0.0137  -0.0115  -0.0108  -0.0108  -0.0096  -0.0112  -0.0120  -0.0101  -0.0096
25%   0.0184  0.0000  0.0000  0.0000  0.0000  0.0000  0.0000  0.0000  0.0000  0.0000   0.0000   0.0000   0.0000   0.0000   0.0000   0.0000   0.0000   0.0000   0.0000   0.0000   0.0000   0.0000   0.0000   0.0000   0.0000   0.0000   0.0000   0.0000   0.0000   0.0000   0.0000   0.0000   0.0000   0.0000   0.0000   0.0000   0.0000   0.0000   0.0000   0.0000   0.0000   0.0000   0.0000   0.0000   0.0000   0.0000   0.0000   0.0000   0.0000   0.0000   0.0000
50%   0.0900  0.0000  0.0000  0.0000  0.0000  0.0000  0.0000  0.0000  0.0000  0.0000   0.0000   0.0000   0.0000   0.0000   0.0000   0.0000   0.0000   0.0000   0.0000   0.0000   0.0000   0.0000   0.0000   0.0000   0.0000   0.0000   0.0000   0.0000   0.0000   0.0000   0.0000   0.0000   0.0000   0.0000   0.0000   0.0000   0.0000   0.0000   0.0000   0.0000   0.0000   0.0000   0.0000   0.0000   0.0000   0.0000   0.0000   0.0000   0.0000   0.0000   0.0000
75%   0.2566  0.0089  0.0089  0.0074  0.0088  0.0079  0.0065  0.0057  0.0064  0.0076   0.0075   0.0075   0.0069   0.0060   0.0059   0.0091   0.0077   0.0073   0.0088   0.0082   0.0069   0.0078   0.0088   0.0097   0.0074   0.0059   0.0070   0.0071   0.0065   0.0077   0.0085   0.0094   0.0082   0.0074   0.0093   0.0061   0.0074   0.0055   0.0058   0.0081   0.0101   0.0091   0.0081   0.0083   0.0067   0.0082   0.0066   0.0052   0.0086   0.0078   0.0068
max   0.5000  2.6001  2.5392  2.7133  3.2875  2.8046  2.7971  2.8311  2.0823  3.0709   3.0009   2.1310   2.3499   2.9949   2.7796   2.1504   2.6268   2.6741   3.0000   2.6740   2.7090   2.5555   2.6434   3.2801   2.3210   2.8258   3.0964   2.5556   3.0731   2.8547   2.0657   3.2884   2.9299   2.9923   2.3967   2.6972   2.9070   2.5269   2.2406   2.0000   2.8165   2.5279   2.0076   2.9987   2.0765   2.9980   3.0000   2.2180   3.0000   2.4758   3.3887

MAF/LD Score Correlation Matrix
            MAF  SIM1L2  SIM2L2  SIM3L2  SIM4L2  SIM5L2  SIM6L2  SIM7L2  SIM8L2  SIM9L2  SIM10L2  SIM11L2  SIM12L2  SIM13L2  SIM14L2  SIM15L2  SIM16L2  SIM17L2  SIM18L2  SIM19L2  SIM20L2  SIM21L2  SIM22L2  SIM23L2  SIM24L2  SIM25L2  SIM26L2  SIM27L2  SIM28L2  SIM29L2  SIM30L2  SIM31L2  SIM32L2  SIM33L2  SIM34L2  SIM35L2  SIM36L2  SIM37L2  SIM38L2  SIM39L2  SIM40L2  SIM41L2  SIM42L2  SIM43L2  SIM44L2  SIM45L2  SIM46L2  SIM47L2  SIM48L2  SIM49L2  SIM50L2
MAF      1.0000  0.1275  0.1436  0.1200  0.1493  0.1255  0.1225  0.1093  0.1235  0.1075   0.1078   0.1153   0.1170   0.1110   0.1179   0.1520   0.1033   0.1217   0.1221   0.1188   0.1224   0.1313   0.1504   0.1338   0.1130   0.1046   0.1220   0.0980   0.0982   0.1182   0.1008   0.1179   0.1341   0.1565   0.1400   0.1504   0.0898   0.1004   0.1129   0.1078   0.1440   0.1118   0.1132   0.1285   0.1215   0.1270   0.1072   0.0948   0.1140   0.1231   0.1158
SIM1L2   0.1275  1.0000  0.1387  0.0911  0.1720  0.1633  0.0970  0.1076  0.1202  0.0945   0.1288   0.1060   0.0969   0.1530   0.1562   0.0815   0.1126   0.1445   0.1560   0.1152   0.0957   0.1168   0.0963   0.1063   0.1524   0.1504   0.1326   0.1381   0.1316   0.0771   0.1146   0.0931   0.1131   0.0950   0.1332   0.1185   0.1180   0.2250   0.0834   0.1650   0.1868   0.1518   0.1293   0.1142   0.0764   0.1317   0.1737   0.1156   0.0904   0.1324   0.1890
SIM2L2   0.1436  0.1387  1.0000  0.1444  0.1526  0.1576  0.1304  0.1085  0.1310  0.1412   0.1454   0.1686   0.1313   0.1356   0.1478   0.0779   0.1235   0.1173   0.1694   0.1796   0.1200   0.0919   0.1203   0.1525   0.0970   0.1349   0.1545   0.0893   0.1625   0.1210   0.1171   0.1586   0.1305   0.1647   0.1233   0.0823   0.1384   0.1687   0.0678   0.1258   0.1174   0.1466   0.1503   0.1483   0.1566   0.1831   0.1435   0.1500   0.1447   0.1394   0.1401
SIM3L2   0.1200  0.0911  0.1444  1.0000  0.1263  0.1493  0.0790  0.0705  0.0970  0.0921   0.1527   0.1357   0.1839   0.1134   0.0822   0.1049   0.1477   0.1148   0.0953   0.1203   0.0996   0.0917   0.1267   0.1210   0.1388   0.1187   0.1205   0.0975   0.1245   0.1326   0.0885   0.1056   0.1260   0.1183   0.1241   0.1044   0.1632   0.0856   0.1134   0.1257   0.0990   0.1513   0.0910   0.1524   0.1269   0.1148   0.0943   0.1336   0.1159   0.1718   0.1339
SIM4L2   0.1493  0.1720  0.1526  0.1263  1.0000  0.1585  0.1165  0.1215  0.1471  0.0955   0.1840   0.1493   0.1385   0.1325   0.2038   0.0817   0.1004   0.1453   0.1237   0.1542   0.1292   0.1224   0.1901   0.1488   0.1068   0.1205   0.1459   0.1056   0.2056   0.1426   0.1480   0.1324   0.1898   0.1132   0.1545   0.1297   0.1323   0.1496   0.0994   0.1470   0.2074   0.1323   0.1910   0.1433   0.1195   0.1030   0.1789   0.1527   0.1203   0.1356   0.1615
SIM5L2   0.1255  0.1633  0.1576  0.1493  0.1585  1.0000  0.0829  0.0962  0.0845  0.1340   0.1374   0.1876   0.1812   0.1962   0.0983   0.1137   0.1990   0.1729   0.1545   0.1947   0.1265   0.1683   0.1440   0.1124   0.1324   0.1512   0.1453   0.1801   0.1874   0.1480   0.1741   0.1668   0.1418   0.1364   0.1168   0.1835   0.1384   0.1740   0.2006   0.1231   0.2481   0.1504   0.1367   0.1260   0.1962   0.1536   0.1507   0.1512   0.1377   0.1797   0.1669
SIM6L2   0.1225  0.0970  0.1304  0.0790  0.1165  0.0829  1.0000  0.1446  0.0979  0.1103   0.1232   0.1128   0.0907   0.1026   0.1157   0.0797   0.1103   0.1268   0.0913   0.1159   0.1143   0.1031   0.1065   0.1156   0.0777   0.0826   0.1465   0.0779   0.1094   0.1149   0.0867   0.1098   0.1260   0.1596   0.0733   0.1132   0.1039   0.0775   0.0922   0.0891   0.1503   0.1024   0.1134   0.1348   0.1057   0.0975   0.0974   0.0955   0.0812   0.1032   0.0917
SIM7L2   0.1093  0.1076  0.1085  0.0705  0.1215  0.0962  0.1446  1.0000  0.1658  0.0730   0.1161   0.1406   0.1010   0.0889   0.1271   0.1429   0.0855   0.1162   0.1191   0.0875   0.1276   0.1166   0.0959   0.0978   0.0977   0.0990   0.0959   0.1094   0.1019   0.0839   0.1001   0.0951   0.1189   0.1690   0.0761   0.1161   0.1045   0.0675   0.1208   0.0799   0.0972   0.1439   0.1219   0.0924   0.1222   0.1391   0.1081   0.1467   0.0869   0.1160   0.1457
SIM8L2   0.1235  0.1202  0.1310  0.0970  0.1471  0.0845  0.0979  0.1658  1.0000  0.1428   0.1488   0.1435   0.1165   0.0985   0.1469   0.1375   0.0531   0.1552   0.2047   0.0923   0.1053   0.0810   0.1010   0.1362   0.1187   0.1751   0.1241   0.0969   0.1344   0.1424   0.1525   0.0872   0.1853   0.1281   0.0986   0.1212   0.1802   0.1364   0.1085   0.1076   0.1548   0.1522   0.1090   0.0983   0.1078   0.1524   0.1020   0.1392   0.0900   0.0796   0.1769
SIM9L2   0.1075  0.0945  0.1412  0.0921  0.0955  0.1340  0.1103  0.0730  0.1428  1.0000   0.0742   0.0928   0.1599   0.1221   0.1397   0.1219   0.0975   0.1367   0.1235   0.0892   0.1167   0.1185   0.1072   0.1224   0.1002   0.1895   0.0974   0.0672   0.1048   0.1152   0.1170   0.1875   0.1552   0.1103   0.0995   0.0757   0.1259   0.1021   0.1287   0.1348   0.1226   0.1337   0.1295   0.1667   0.1043   0.1057   0.0955   0.1321   0.0778   0.1182   0.1400
SIM10L2  0.1078  0.1288  0.1454  0.1527  0.1840  0.1374  0.1232  0.1161  0.1488  0.0742   1.0000   0.1168   0.1320   0.1087   0.1243   0.1108   0.1245   0.0853   0.1042   0.1120   0.1051   0.0685   0.1192   0.1254   0.1497   0.1502   0.1105   0.1203   0.1240   0.1238   0.1428   0.1044   0.0852   0.1241   0.1482   0.1352   0.1247   0.1009   0.1555   0.1619   0.1163   0.0918   0.0984   0.1518   0.1231   0.1619   0.1490   0.1155   0.0916   0.1715   0.1731
SIM11L2  0.1153  0.1060  0.1686  0.1357  0.1493  0.1876  0.1128  0.1406  0.1435  0.0928   0.1168   1.0000   0.1055   0.1611   0.0984   0.1510   0.1183   0.1266   0.1498   0.1600   0.1378   0.1201   0.1304   0.1264   0.1355   0.0815   0.1882   0.1453   0.1675   0.1250   0.1270   0.1476   0.1006   0.1342   0.1378   0.1173   0.1194   0.0904   0.1434   0.0990   0.1434   0.1933   0.1127   0.1247   0.1389   0.2015   0.1185   0.1568   0.1168   0.1393   0.1640
SIM12L2  0.1170  0.0969  0.1313  0.1839  0.1385  0.1812  0.0907  0.1010  0.1165  0.1599   0.1320   0.1055   1.0000   0.0827   0.0931   0.1177   0.1473   0.1449   0.1011   0.0808   0.1057   0.1204   0.1379   0.1365   0.0805   0.1483   0.1276   0.0677   0.1062   0.1331   0.1039   0.1276   0.1309   0.0912   0.1311   0.1061   0.1014   0.1111   0.0781   0.0860   0.1097   0.1374   0.1270   0.1382   0.0814   0.1118   0.0694   0.1467   0.1184   0.1320   0.1404
SIM13L2  0.1110  0.1530  0.1356  0.1134  0.1325  0.1962  0.1026  0.0889  0.0985  0.1221   0.1087   0.1611   0.0827   1.0000   0.1535   0.0947   0.1655   0.1385   0.1907   0.1695   0.1214   0.1467   0.0881   0.1254   0.1086   0.1391   0.1487   0.1213   0.1687   0.0917   0.1942   0.1238   0.1138   0.1099   0.0899   0.1420   0.1384   0.1374   0.1713   0.1046   0.2124   0.0919   0.1352   0.1591   0.1552   0.1398   0.0924   0.1093   0.0762   0.1221   0.1114
SIM14L2  0.1179  0.1562  0.1478  0.0822  0.2038  0.0983  0.1157  0.1271  0.1469  0.1397   0.1243   0.0984   0.0931   0.1535   1.0000   0.1112   0.0908   0.1674   0.1443   0.1064   0.0975   0.1013   0.1314   0.1422   0.1029   0.0571   0.1042   0.1024   0.1638   0.1130   0.1441   0.0780   0.1461   0.0957   0.0941   0.0574   0.1498   0.1292   0.1098   0.1325   0.1701   0.0804   0.1099   0.1475   0.1394   0.1147   0.1407   0.0980   0.0845   0.1559   0.1822
SIM15L2  0.1520  0.0815  0.0779  0.1049  0.0817  0.1137  0.0797  0.1429  0.1375  0.1219   0.1108   0.1510   0.1177   0.0947   0.1112   1.0000   0.0723   0.0835   0.1476   0.1377   0.0985   0.0898   0.0711   0.0767   0.0943   0.0773   0.0972   0.1004   0.1130   0.0985   0.0528   0.1116   0.0891   0.1439   0.1540   0.1775   0.0874   0.0804   0.1654   0.1116   0.1181   0.1226   0.1051   0.1444   0.1256   0.1631   0.1235   0.1504   0.1075   0.1060   0.1798
SIM16L2  0.1033  0.1126  0.1235  0.1477  0.1004  0.1990  0.1103  0.0855  0.0531  0.0975   0.1245   0.1183   0.1473   0.1655   0.0908   0.0723   1.0000   0.1418   0.1503   0.1268   0.0782   0.1468   0.0835   0.0785   0.0970   0.1341   0.0781   0.1192   0.1121   0.1396   0.1426   0.0966   0.1184   0.0880   0.1669   0.1423   0.1087   0.1249   0.1674   0.0924   0.1446   0.1293   0.0915   0.1014   0.1236   0.1458   0.1241   0.0666   0.1021   0.1845   0.1017
SIM17L2  0.1217  0.1445  0.1173  0.1148  0.1453  0.1729  0.1268  0.1162  0.1552  0.1367   0.0853   0.1266   0.1449   0.1385   0.1674   0.0835   0.1418   1.0000   0.1845   0.1543   0.1336   0.1593   0.1285   0.1623   0.1070   0.1229   0.1150   0.0936   0.1123   0.1379   0.1542   0.1507   0.1941   0.1123   0.1009   0.1220   0.2059   0.1645   0.1328   0.0678   0.1698   0.1437   0.1378   0.1539   0.0817   0.1473   0.1428   0.1301   0.0819   0.1430   0.1137
SIM18L2  0.1221  0.1560  0.1694  0.0953  0.1237  0.1545  0.0913  0.1191  0.2047  0.1235   0.1042   0.1498   0.1011   0.1907   0.1443   0.1476   0.1503   0.1845   1.0000   0.1374   0.1224   0.1121   0.0891   0.1555   0.1285   0.1681   0.1528   0.1201   0.1023   0.1124   0.1929   0.1555   0.1200   0.1372   0.1212   0.1614   0.1680   0.1417   0.1738   0.1289   0.2192   0.1282   0.1384   0.1877   0.1170   0.1798   0.1460   0.1630   0.1006   0.1546   0.1497
SIM19L2  0.1188  0.1152  0.1796  0.1203  0.1542  0.1947  0.1159  0.0875  0.0923  0.0892   0.1120   0.1600   0.0808   0.1695   0.1064   0.1377   0.1268   0.1543   0.1374   1.0000   0.1081   0.1126   0.1288   0.1430   0.0825   0.1493   0.1462   0.1599   0.1609   0.1064   0.1551   0.2013   0.1496   0.1509   0.1262   0.1212   0.1773   0.1914   0.1202   0.1066   0.1304   0.1600   0.1458   0.1025   0.1414   0.1049   0.1131   0.1502   0.1299   0.1116   0.1571
SIM20L2  0.1224  0.0957  0.1200  0.0996  0.1292  0.1265  0.1143  0.1276  0.1053  0.1167   0.1051   0.1378   0.1057   0.1214   0.0975   0.0985   0.0782   0.1336   0.1224   0.1081   1.0000   0.1040   0.0954   0.1224   0.0992   0.1013   0.1283   0.0794   0.1324   0.1370   0.0878   0.1457   0.1047   0.1254   0.0959   0.0884   0.1242   0.0855   0.1108   0.0797   0.1404   0.1217   0.1324   0.1603   0.0545   0.1055   0.1112   0.1113   0.0826   0.1016   0.1112
SIM21L2  0.1313  0.1168  0.0919  0.0917  0.1224  0.1683  0.1031  0.1166  0.0810  0.1185   0.0685   0.1201   0.1204   0.1467   0.1013   0.0898   0.1468   0.1593   0.1121   0.1126   0.1040   1.0000   0.1614   0.1197   0.1255   0.1156   0.0935   0.1421   0.0734   0.1295   0.0892   0.0987   0.0849   0.1338   0.0706   0.1313   0.1031   0.1183   0.1061   0.1040   0.1651   0.1426   0.1273   0.0881   0.1035   0.0754   0.0781   0.1308   0.1174   0.1214   0.1044
SIM22L2  0.1504  0.0963  0.1203  0.1267  0.1901  0.1440  0.1065  0.0959  0.1010  0.1072   0.1192   0.1304   0.1379   0.0881   0.1314   0.0711   0.0835   0.1285   0.0891   0.1288   0.0954   0.1614   1.0000   0.1157   0.0951   0.0959   0.1204   0.1155   0.1098   0.1269   0.1101   0.1103   0.1007   0.1408   0.1065   0.1376   0.1117   0.1409   0.0571   0.0876   0.1590   0.1158   0.1756   0.1178   0.1308   0.0922   0.1293   0.0981   0.1259   0.1389   0.1184
SIM23L2  0.1338  0.1063  0.1525  0.1210  0.1488  0.1124  0.1156  0.0978  0.1362  0.1224   0.1254   0.1264   0.1365   0.1254   0.1422   0.0767   0.0785   0.1623   0.1555   0.1430   0.1224   0.1197   0.1157   1.0000   0.1153   0.1240   0.1532   0.1327   0.1507   0.0984   0.0854   0.1380   0.1165   0.1288   0.1398   0.1538   0.1680   0.1284   0.1156   0.0819   0.1481   0.1267   0.1497   0.1402   0.1454   0.1155   0.0875   0.1141   0.1389   0.1470   0.1442
SIM24L2  0.1130  0.1524  0.0970  0.1388  0.1068  0.1324  0.0777  0.0977  0.1187  0.1002   0.1497   0.1355   0.0805   0.1086   0.1029   0.0943   0.0970   0.1070   0.1285   0.0825   0.0992   0.1255   0.0951   0.1153   1.0000   0.1337   0.1072   0.1047   0.1055   0.1006   0.1226   0.0966   0.1119   0.0791   0.1190   0.0887   0.1539   0.1273   0.1355   0.1288   0.1243   0.1334   0.1108   0.0967   0.0966   0.0893   0.0890   0.0863   0.0731   0.1603   0.1459
SIM25L2  0.1046  0.1504  0.1349  0.1187  0.1205  0.1512  0.0826  0.0990  0.1751  0.1895   0.1502   0.0815   0.1483   0.1391   0.0571   0.0773   0.1341   0.1229   0.1681   0.1493   0.1013   0.1156   0.0959   0.1240   0.1337   1.0000   0.0995   0.1097   0.1128   0.1228   0.1836   0.1571   0.1187   0.1264   0.1234   0.1288   0.2032   0.1857   0.1440   0.1500   0.1834   0.1404   0.1562   0.1491   0.0911   0.1460   0.1091   0.1567   0.1452   0.1375   0.1472
SIM26L2  0.1220  0.1326  0.1545  0.1205  0.1459  0.1453  0.1465  0.0959  0.1241  0.0974   0.1105   0.1882   0.1276   0.1487   0.1042   0.0972   0.0781   0.1150   0.1528   0.1462   0.1283   0.0935   0.1204   0.1532   0.1072   0.0995   1.0000   0.1454   0.1681   0.1148   0.1004   0.1716   0.1129   0.1162   0.0885   0.1621   0.1414   0.1006   0.1010   0.1536   0.1795   0.1815   0.1341   0.1335   0.1586   0.1148   0.0971   0.1316   0.0897   0.0954   0.1040
SIM27L2  0.0980  0.1381  0.0893  0.0975  0.1056  0.1801  0.0779  0.1094  0.0969  0.0672   0.1203   0.1453   0.0677   0.1213   0.1024   0.1004   0.1192   0.0936   0.1201   0.1599   0.0794   0.1421   0.1155   0.1327   0.1047   0.1097   0.1454   1.0000   0.1030   0.0830   0.1173   0.1407   0.0903   0.0842   0.1235   0.1258   0.1004   0.1131   0.1279   0.1332   0.1677   0.1090   0.0967   0.0499   0.1331   0.1004   0.1286   0.0977   0.1173   0.1365   0.1427
SIM28L2  0.0982  0.1316  0.1625  0.1245  0.2056  0.1874  0.1094  0.1019  0.1344  0.1048   0.1240   0.1675   0.1062   0.1687   0.1638   0.1130   0.1121   0.1123   0.1023   0.1609   0.1324   0.0734   0.1098   0.1507   0.1055   0.1128   0.1681   0.1030   1.0000   0.1535   0.1253   0.1741   0.1204   0.1162   0.1136   0.0971   0.1806   0.1448   0.1495   0.1352   0.1488   0.1164   0.1022   0.1160   0.1042   0.0834   0.1103   0.1094   0.0874   0.1557   0.1553
SIM29L2  0.1182  0.0771  0.1210  0.1326  0.1426  0.1480  0.1149  0.0839  0.1424  0.1152   0.1238   0.1250   0.1331   0.0917   0.1130   0.0985   0.1396   0.1379   0.1124   0.1064   0.1370   0.1295   0.1269   0.0984   0.1006   0.1228   0.1148   0.0830   0.1535   1.0000   0.1252   0.1106   0.1407   0.0770   0.1415   0.0789   0.1202   0.1319   0.0875   0.1063   0.1124   0.1335   0.1067   0.0692   0.1092   0.0843   0.1132   0.1407   0.1127   0.1500   0.1028
SIM30L2  0.1008  0.1146  0.1171  0.0885  0.1480  0.1741  0.0867  0.1001  0.1525  0.1170   0.1428   0.1270   0.1039   0.1942   0.1441   0.0528   0.1426   0.1542   0.1929   0.1551   0.0878   0.0892   0.1101   0.0854   0.1226   0.1836   0.1004   0.1173   0.1253   0.1252   1.0000   0.1394   0.1428   0.0754   0.1284   0.1259   0.1606   0.1669   0.2142   0.1082   0.2300   0.1124   0.1463   0.0905   0.1191   0.1420   0.0836   0.1145   0.0967   0.1988   0.1138
SIM31L2  0.1179  0.0931  0.1586  0.1056  0.1324  0.1668  0.1098  0.0951  0.0872  0.1875   0.1044   0.1476   0.1276   0.1238   0.0780   0.1116   0.0966   0.1507   0.1555   0.2013   0.1457   0.0987   0.1103   0.1380   0.0966   0.1571   0.1716   0.1407   0.1741   0.1106   0.1394   1.0000   0.1469   0.1245   0.1180   0.1182   0.1808   0.1115   0.1187   0.1405   0.1298   0.1409   0.2011   0.1353   0.1396   0.0918   0.1349   0.2035   0.1268   0.1468   0.1076
SIM32L2  0.1341  0.1131  0.1305  0.1260  0.1898  0.1418  0.1260  0.1189  0.1853  0.1552   0.0852   0.1006   0.1309   0.1138   0.1461   0.0891   0.1184   0.1941   0.1200   0.1496   0.1047   0.0849   0.1007   0.1165   0.1119   0.1187   0.1129   0.0903   0.1204   0.1407   0.1428   0.1469   1.0000   0.1226   0.1068   0.1102   0.1360   0.1718   0.1187   0.0994   0.1358   0.1158   0.1055   0.1183   0.1078   0.1383   0.1218   0.1487   0.0984   0.1378   0.1372
SIM33L2  0.1565  0.0950  0.1647  0.1183  0.1132  0.1364  0.1596  0.1690  0.1281  0.1103   0.1241   0.1342   0.0912   0.1099   0.0957   0.1439   0.0880   0.1123   0.1372   0.1509   0.1254   0.1338   0.1408   0.1288   0.0791   0.1264   0.1162   0.0842   0.1162   0.0770   0.0754   0.1245   0.1226   1.0000   0.1200   0.1983   0.1457   0.1288   0.1007   0.0865   0.1519   0.1503   0.1119   0.1279   0.1286   0.1787   0.1243   0.1412   0.0832   0.0925   0.1275
SIM34L2  0.1400  0.1332  0.1233  0.1241  0.1545  0.1168  0.0733  0.0761  0.0986  0.0995   0.1482   0.1378   0.1311   0.0899   0.0941   0.1540   0.1669   0.1009   0.1212   0.1262   0.0959   0.0706   0.1065   0.1398   0.1190   0.1234   0.0885   0.1235   0.1136   0.1415   0.1284   0.1180   0.1068   0.1200   1.0000   0.1884   0.0847   0.1392   0.1076   0.0920   0.1117   0.1399   0.1095   0.0995   0.1427   0.1711   0.1497   0.1316   0.0959   0.1695   0.1315
SIM35L2  0.1504  0.1185  0.0823  0.1044  0.1297  0.1835  0.1132  0.1161  0.1212  0.0757   0.1352   0.1173   0.1061   0.1420   0.0574   0.1775   0.1423   0.1220   0.1614   0.1212   0.0884   0.1313   0.1376   0.1538   0.0887   0.1288   0.1621   0.1258   0.0971   0.0789   0.1259   0.1182   0.1102   0.1983   0.1884   1.0000   0.1014   0.1562   0.1494   0.0746   0.1348   0.1615   0.1124   0.1141   0.1660   0.2061   0.1396   0.1619   0.0971   0.2028   0.1222
SIM36L2  0.0898  0.1180  0.1384  0.1632  0.1323  0.1384  0.1039  0.1045  0.1802  0.1259   0.1247   0.1194   0.1014   0.1384   0.1498   0.0874   0.1087   0.2059   0.1680   0.1773   0.1242   0.1031   0.1117   0.1680   0.1539   0.2032   0.1414   0.1004   0.1806   0.1202   0.1606   0.1808   0.1360   0.1457   0.0847   0.1014   1.0000   0.1853   0.1415   0.1311   0.1709   0.1740   0.1535   0.1386   0.1388   0.1317   0.0789   0.1266   0.1189   0.1002   0.2012
SIM37L2  0.1004  0.2250  0.1687  0.0856  0.1496  0.1740  0.0775  0.0675  0.1364  0.1021   0.1009   0.0904   0.1111   0.1374   0.1292   0.0804   0.1249   0.1645   0.1417   0.1914   0.0855   0.1183   0.1409   0.1284   0.1273   0.1857   0.1006   0.1131   0.1448   0.1319   0.1669   0.1115   0.1718   0.1288   0.1392   0.1562   0.1853   1.0000   0.1366   0.0905   0.1587   0.1683   0.1426   0.0931   0.0949   0.1909   0.1188   0.1522   0.1631   0.1466   0.1308
SIM38L2  0.1129  0.0834  0.0678  0.1134  0.0994  0.2006  0.0922  0.1208  0.1085  0.1287   0.1555   0.1434   0.0781   0.1713   0.1098   0.1654   0.1674   0.1328   0.1738   0.1202   0.1108   0.1061   0.0571   0.1156   0.1355   0.1440   0.1010   0.1279   0.1495   0.0875   0.2142   0.1187   0.1187   0.1007   0.1076   0.1494   0.1415   0.1366   1.0000   0.0942   0.2163   0.1622   0.1101   0.0825   0.1366   0.1567   0.0967   0.0915   0.0980   0.1715   0.1336
SIM39L2  0.1078  0.1650  0.1258  0.1257  0.1470  0.1231  0.0891  0.0799  0.1076  0.1348   0.1619   0.0990   0.0860   0.1046   0.1325   0.1116   0.0924   0.0678   0.1289   0.1066   0.0797   0.1040   0.0876   0.0819   0.1288   0.1500   0.1536   0.1332   0.1352   0.1063   0.1082   0.1405   0.0994   0.0865   0.0920   0.0746   0.1311   0.0905   0.0942   1.0000   0.1117   0.0897   0.1204   0.1369   0.1251   0.1290   0.1218   0.1043   0.1094   0.1560   0.1235
SIM40L2  0.1440  0.1868  0.1174  0.0990  0.2074  0.2481  0.1503  0.0972  0.1548  0.1226   0.1163   0.1434   0.1097   0.2124   0.1701   0.1181   0.1446   0.1698   0.2192   0.1304   0.1404   0.1651   0.1590   0.1481   0.1243   0.1834   0.1795   0.1677   0.1488   0.1124   0.2300   0.1298   0.1358   0.1519   0.1117   0.1348   0.1709   0.1587   0.2163   0.1117   1.0000   0.1486   0.1701   0.1571   0.1470   0.1817   0.1318   0.1095   0.1441   0.1605   0.1569
SIM41L2  0.1118  0.1518  0.1466  0.1513  0.1323  0.1504  0.1024  0.1439  0.1522  0.1337   0.0918   0.1933   0.1374   0.0919   0.0804   0.1226   0.1293   0.1437   0.1282   0.1600   0.1217   0.1426   0.1158   0.1267   0.1334   0.1404   0.1815   0.1090   0.1164   0.1335   0.1124   0.1409   0.1158   0.1503   0.1399   0.1615   0.1740   0.1683   0.1622   0.0897   0.1486   1.0000   0.1447   0.0945   0.1160   0.1574   0.1202   0.1462   0.1587   0.0917   0.1529
SIM42L2  0.1132  0.1293  0.1503  0.0910  0.1910  0.1367  0.1134  0.1219  0.1090  0.1295   0.0984   0.1127   0.1270   0.1352   0.1099   0.1051   0.0915   0.1378   0.1384   0.1458   0.1324   0.1273   0.1756   0.1497   0.1108   0.1562   0.1341   0.0967   0.1022   0.1067   0.1463   0.2011   0.1055   0.1119   0.1095   0.1124   0.1535   0.1426   0.1101   0.1204   0.1701   0.1447   1.0000   0.1498   0.1542   0.1577   0.1144   0.1349   0.1213   0.1155   0.1245
SIM43L2  0.1285  0.1142  0.1483  0.1524  0.1433  0.1260  0.1348  0.0924  0.0983  0.1667   0.1518   0.1247   0.1382   0.1591   0.1475   0.1444   0.1014   0.1539   0.1877   0.1025   0.1603   0.0881   0.1178   0.1402   0.0967   0.1491   0.1335   0.0499   0.1160   0.0692   0.0905   0.1353   0.1183   0.1279   0.0995   0.1141   0.1386   0.0931   0.0825   0.1369   0.1571   0.0945   0.1498   1.0000   0.0871   0.1710   0.1609   0.1139   0.1061   0.1557   0.1442
SIM44L2  0.1215  0.0764  0.1566  0.1269  0.1195  0.1962  0.1057  0.1222  0.1078  0.1043   0.1231   0.1389   0.0814   0.1552   0.1394   0.1256   0.1236   0.0817   0.1170   0.1414   0.0545   0.1035   0.1308   0.1454   0.0966   0.0911   0.1586   0.1331   0.1042   0.1092   0.1191   0.1396   0.1078   0.1286   0.1427   0.1660   0.1388   0.0949   0.1366   0.1251   0.1470   0.1160   0.1542   0.0871   1.0000   0.1753   0.1397   0.1659   0.1303   0.1072   0.1328
SIM45L2  0.1270  0.1317  0.1831  0.1148  0.1030  0.1536  0.0975  0.1391  0.1524  0.1057   0.1619   0.2015   0.1118   0.1398   0.1147   0.1631   0.1458   0.1473   0.1798   0.1049   0.1055   0.0754   0.0922   0.1155   0.0893   0.1460   0.1148   0.1004   0.0834   0.0843   0.1420   0.0918   0.1383   0.1787   0.1711   0.2061   0.1317   0.1909   0.1567   0.1290   0.1817   0.1574   0.1577   0.1710   0.1753   1.0000   0.1545   0.1966   0.1611   0.1937   0.1381
SIM46L2  0.1072  0.1737  0.1435  0.0943  0.1789  0.1507  0.0974  0.1081  0.1020  0.0955   0.1490   0.1185   0.0694   0.0924   0.1407   0.1235   0.1241   0.1428   0.1460   0.1131   0.1112   0.0781   0.1293   0.0875   0.0890   0.1091   0.0971   0.1286   0.1103   0.1132   0.0836   0.1349   0.1218   0.1243   0.1497   0.1396   0.0789   0.1188   0.0967   0.1218   0.1318   0.1202   0.1144   0.1609   0.1397   0.1545   1.0000   0.1423   0.0891   0.2068   0.1212
SIM47L2  0.0948  0.1156  0.1500  0.1336  0.1527  0.1512  0.0955  0.1467  0.1392  0.1321   0.1155   0.1568   0.1467   0.1093   0.0980   0.1504   0.0666   0.1301   0.1630   0.1502   0.1113   0.1308   0.0981   0.1141   0.0863   0.1567   0.1316   0.0977   0.1094   0.1407   0.1145   0.2035   0.1487   0.1412   0.1316   0.1619   0.1266   0.1522   0.0915   0.1043   0.1095   0.1462   0.1349   0.1139   0.1659   0.1966   0.1423   1.0000   0.1444   0.1565   0.1479
SIM48L2  0.1140  0.0904  0.1447  0.1159  0.1203  0.1377  0.0812  0.0869  0.0900  0.0778   0.0916   0.1168   0.1184   0.0762   0.0845   0.1075   0.1021   0.0819   0.1006   0.1299   0.0826   0.1174   0.1259   0.1389   0.0731   0.1452   0.0897   0.1173   0.0874   0.1127   0.0967   0.1268   0.0984   0.0832   0.0959   0.0971   0.1189   0.1631   0.0980   0.1094   0.1441   0.1587   0.1213   0.1061   0.1303   0.1611   0.0891   0.1444   1.0000   0.1224   0.1036
SIM49L2  0.1231  0.1324  0.1394  0.1718  0.1356  0.1797  0.1032  0.1160  0.0796  0.1182   0.1715   0.1393   0.1320   0.1221   0.1559   0.1060   0.1845   0.1430   0.1546   0.1116   0.1016   0.1214   0.1389   0.1470   0.1603   0.1375   0.0954   0.1365   0.1557   0.1500   0.1988   0.1468   0.1378   0.0925   0.1695   0.2028   0.1002   0.1466   0.1715   0.1560   0.1605   0.0917   0.1155   0.1557   0.1072   0.1937   0.2068   0.1565   0.1224   1.0000   0.1229
SIM50L2  0.1158  0.1890  0.1401  0.1339  0.1615  0.1669  0.0917  0.1457  0.1769  0.1400   0.1731   0.1640   0.1404   0.1114   0.1822   0.1798   0.1017   0.1137   0.1497   0.1571   0.1112   0.1044   0.1184   0.1442   0.1459   0.1472   0.1040   0.1427   0.1553   0.1028   0.1138   0.1076   0.1372   0.1275   0.1315   0.1222   0.2012   0.1308   0.1336   0.1235   0.1569   0.1529   0.1245   0.1442   0.1328   0.1381   0.1212   0.1479   0.1036   0.1229   1.0000

LD Score Matrix Condition Number
4.3716

Annotation Correlation Matrix
         SIM1    SIM2    SIM3    SIM4    SIM5    SIM6    SIM7    SIM8    SIM9   SIM10   SIM11   SIM12   SIM13   SIM14   SIM15   SIM16   SIM17   SIM18   SIM19   SIM20   SIM21   SIM22   SIM23   SIM24   SIM25   SIM26   SIM27   SIM28   SIM29   SIM30   SIM31   SIM32   SIM33   SIM34   SIM35   SIM36   SIM37   SIM38   SIM39   SIM40   SIM41   SIM42   SIM43   SIM44   SIM45   SIM46   SIM47   SIM48   SIM49   SIM50
SIM1   1.0000  0.0102  0.0167  0.0084  0.0136  0.0104  0.0240  0.0105  0.0055  0.0055  0.0169  0.0104  0.0219  0.0127  0.0121  0.0120  0.0166  0.0120  0.0201  0.0151  0.0039  0.0103  0.0194  0.0071  0.0141  0.0056  0.0153  0.0200  0.0117  0.0148  0.0257  0.0136  0.0087  0.0102  0.0157  0.0194  0.0122  0.0173  0.0134  0.0196  0.0133  0.0246  0.0214  0.0106  0.0183  0.0155  0.0185  0.0166  0.0169  0.0219
SIM2   0.0102  1.0000  0.0218  0.0259  0.0154  0.0155  0.0176  0.0074  0.0089  0.0121  0.0188  0.0138  0.0090  0.0146  0.0090  0.0073  0.0217  0.0138  0.0172  0.0137  0.0105  0.0153  0.0196  0.0138  0.0160  0.0138  0.0123  0.0171  0.0198  0.0150  0.0260  0.0154  0.0105  0.0088  0.0109  0.0149  0.0041  0.0176  0.0185  0.0183  0.0216  0.0201  0.0088  0.0207  0.0234  0.0141  0.0122  0.0152  0.0089  0.0156
SIM3   0.0167  0.0218  1.0000  0.0118  0.0220  0.0123  0.0025  0.0107  0.0106  0.0122  0.0123  0.0253  0.0256  0.0199  0.0107  0.0106  0.0186  0.0204  0.0057  0.0122  0.0089  0.0137  0.0150  0.0122  0.0144  0.0123  0.0156  0.0188  0.0183  0.0199  0.0214  0.0139  0.0089  0.0153  0.0177  0.0150  0.0174  0.0109  0.0121  0.0183  0.0120  0.0137  0.0170  0.0141  0.0138  0.0125  0.0139  0.0153  0.0188  0.0157
SIM4   0.0084  0.0259  0.0118  1.0000  0.0134  0.0167  0.0122  0.0168  0.0134  0.0261  0.0327  0.0198  0.0120  0.0227  0.0136  0.0103  0.0133  0.0102  0.0135  0.0118  0.0182  0.0133  0.0114  0.0118  0.0107  0.0071  0.0119  0.0151  0.0224  0.0224  0.0177  0.0167  0.0118  0.0196  0.0106  0.0207  0.0201  0.0090  0.0180  0.0209  0.0163  0.0086  0.0149  0.0072  0.0118  0.0202  0.0151  0.0195  0.0087  0.0185
SIM5   0.0136  0.0154  0.0220  0.0134  1.0000  0.0107  0.0076  0.0091  0.0008  0.0204  0.0024  0.0205  0.0224  0.0078  0.0207  0.0106  0.0220  0.0139  0.0107  0.0172  0.0172  0.0138  0.0087  0.0155  0.0162  0.0189  0.0124  0.0123  0.0168  0.0168  0.0071  0.0140  0.0204  0.0121  0.0177  0.0151  0.0092  0.0059  0.0187  0.0136  0.0185  0.0106  0.0171  0.0092  0.0122  0.0125  0.0189  0.0186  0.0189  0.0158
SIM6   0.0104  0.0155  0.0123  0.0167  0.0107  1.0000  0.0230  0.0142  0.0189  0.0189  0.0025  0.0041  0.0142  0.0114  0.0058  0.0173  0.0090  0.0090  0.0207  0.0172  0.0189  0.0139  0.0119  0.0041  0.0146  0.0091  0.0108  0.0124  0.0169  0.0250  0.0168  0.0157  0.0173  0.0122  0.0094  0.0120  0.0209  0.0162  0.0171  0.0153  0.0170  0.0188  0.0106  0.0210  0.0057  0.0143  0.0124  0.0154  0.0074  0.0142
SIM7   0.0240  0.0176  0.0025  0.0122  0.0076  0.0230  1.0000  0.0163  0.0127  0.0211  0.0094  0.0212  0.0146  0.0189  0.0094  0.0161  0.0109  0.0059  0.0213  0.0144  0.0178  0.0109  0.0139  0.0144  0.0220  0.0128  0.0196  0.0127  0.0157  0.0124  0.0140  0.0161  0.0228  0.0042  0.0096  0.0172  0.0146  0.0131  0.0176  0.0124  0.0175  0.0160  0.0076  0.0129  0.0126  0.0199  0.0246  0.0109  0.0145  0.0198
SIM8   0.0105  0.0074  0.0107  0.0168  0.0091  0.0142  0.0163  1.0000  0.0141  0.0124  0.0125  0.0108  0.0177  0.0185  0.0193  0.0025  0.0090  0.0141  0.0142  0.0224  0.0158  0.0057  0.0169  0.0091  0.0216  0.0158  0.0109  0.0125  0.0187  0.0170  0.0153  0.0225  0.0091  0.0156  0.0129  0.0218  0.0194  0.0112  0.0189  0.0154  0.0122  0.0074  0.0206  0.0127  0.0239  0.0161  0.0142  0.0106  0.0108  0.0076
SIM9   0.0055  0.0089  0.0106  0.0134  0.0008  0.0189  0.0127  0.0141  1.0000  0.0253  0.0156  0.0156  0.0075  0.0061  0.0124  0.0090  0.0154  0.0106  0.0140  0.0122  0.0172  0.0203  0.0150  0.0073  0.0128  0.0205  0.0124  0.0024  0.0055  0.0136  0.0183  0.0107  0.0155  0.0137  0.0127  0.0230  0.0208  0.0178  0.0154  0.0088  0.0104  0.0105  0.0154  0.0175  0.0138  0.0159  0.0107  0.0072  0.0189  0.0141
SIM10  0.0055  0.0121  0.0122  0.0261  0.0204  0.0189  0.0211  0.0124  0.0253  1.0000  0.0173  0.0205  0.0124  0.0147  0.0157  0.0172  0.0138  0.0188  0.0173  0.0220  0.0106  0.0073  0.0150  0.0106  0.0230  0.0172  0.0140  0.0205  0.0087  0.0200  0.0135  0.0189  0.0220  0.0121  0.0177  0.0071  0.0125  0.0144  0.0154  0.0088  0.0120  0.0219  0.0154  0.0092  0.0252  0.0042  0.0107  0.0121  0.0172  0.0141
SIM11  0.0169  0.0188  0.0123  0.0327  0.0024  0.0025  0.0094  0.0125  0.0156  0.0173  1.0000  0.0091  0.0159  0.0184  0.0125  0.0140  0.0155  0.0190  0.0108  0.0173  0.0173  0.0123  0.0135  0.0123  0.0180  0.0223  0.0208  0.0174  0.0169  0.0217  0.0120  0.0140  0.0107  0.0106  0.0162  0.0168  0.0109  0.0179  0.0122  0.0234  0.0089  0.0155  0.0254  0.0143  0.0188  0.0160  0.0290  0.0171  0.0041  0.0092
SIM12  0.0104  0.0138  0.0253  0.0198  0.0205  0.0041  0.0212  0.0108  0.0156  0.0205  0.0091  1.0000  0.0041  0.0235  0.0125  0.0140  0.0187  0.0090  0.0074  0.0156  0.0271  0.0057  0.0119  0.0172  0.0162  0.0190  0.0058  0.0090  0.0136  0.0249  0.0119  0.0140  0.0189  0.0122  0.0144  0.0119  0.0125  0.0093  0.0154  0.0250  0.0105  0.0122  0.0122  0.0176  0.0204  0.0042  0.0190  0.0105  0.0074  0.0175
SIM13  0.0219  0.0090  0.0256  0.0120  0.0224  0.0142  0.0146  0.0177  0.0075  0.0124  0.0159  0.0041  1.0000  0.0132  0.0143  0.0158  0.0074  0.0075  0.0176  0.0141  0.0158  0.0074  0.0201  0.0091  0.0181  0.0092  0.0075  0.0158  0.0252  0.0089  0.0072  0.0108  0.0124  0.0205  0.0094  0.0137  0.0177  0.0060  0.0107  0.0106  0.0106  0.0173  0.0107  0.0195  0.0173  0.0178  0.0142  0.0090  0.0075  0.0228
SIM14  0.0127  0.0146  0.0199  0.0227  0.0078  0.0114  0.0189  0.0185  0.0061  0.0147  0.0184  0.0235  0.0132  1.0000  0.0097  0.0131  0.0078  0.0131  0.0097  0.0096  0.0182  0.0095  0.0126  0.0044  0.0118  0.0079  0.0097  0.0148  0.0093  0.0195  0.0042  0.0183  0.0078  0.0163  0.0171  0.0194  0.0098  0.0189  0.0095  0.0094  0.0146  0.0198  0.0198  0.0186  0.0147  0.0169  0.0096  0.0249  0.0114  0.0062
SIM15  0.0121  0.0090  0.0107  0.0136  0.0207  0.0058  0.0094  0.0193  0.0124  0.0157  0.0125  0.0125  0.0143  0.0097  1.0000  0.0058  0.0074  0.0207  0.0293  0.0190  0.0157  0.0222  0.0153  0.0141  0.0129  0.0191  0.0109  0.0091  0.0170  0.0105  0.0056  0.0091  0.0074  0.0156  0.0146  0.0088  0.0110  0.0060  0.0140  0.0105  0.0139  0.0173  0.0123  0.0161  0.0091  0.0127  0.0075  0.0106  0.0208  0.0227
SIM16  0.0120  0.0073  0.0106  0.0103  0.0106  0.0173  0.0161  0.0025  0.0090  0.0172  0.0140  0.0140  0.0158  0.0131  0.0058  1.0000  0.0122  0.0090  0.0174  0.0188  0.0008  0.0073  0.0167  0.0090  0.0162  0.0189  0.0107  0.0189  0.0265  0.0104  0.0199  0.0156  0.0090  0.0154  0.0195  0.0071  0.0175  0.0127  0.0073  0.0088  0.0137  0.0073  0.0204  0.0142  0.0204  0.0209  0.0123  0.0121  0.0107  0.0075
SIM17  0.0166  0.0217  0.0186  0.0133  0.0220  0.0090  0.0109  0.0090  0.0154  0.0138  0.0155  0.0187  0.0074  0.0078  0.0074  0.0122  1.0000  0.0089  0.0205  0.0138  0.0105  0.0137  0.0181  0.0089  0.0093  0.0073  0.0156  0.0122  0.0183  0.0151  0.0229  0.0155  0.0089  0.0137  0.0075  0.0166  0.0124  0.0176  0.0137  0.0119  0.0184  0.0170  0.0121  0.0124  0.0105  0.0124  0.0106  0.0056  0.0172  0.0124
SIM18  0.0120  0.0138  0.0204  0.0102  0.0139  0.0090  0.0059  0.0141  0.0106  0.0188  0.0190  0.0090  0.0075  0.0131  0.0207  0.0090  0.0089  1.0000  0.0124  0.0155  0.0139  0.0187  0.0135  0.0106  0.0094  0.0140  0.0124  0.0140  0.0168  0.0152  0.0151  0.0074  0.0188  0.0170  0.0076  0.0167  0.0092  0.0076  0.0170  0.0185  0.0169  0.0155  0.0204  0.0058  0.0155  0.0192  0.0140  0.0056  0.0041  0.0158
SIM19  0.0201  0.0172  0.0057  0.0135  0.0107  0.0207  0.0213  0.0142  0.0140  0.0173  0.0108  0.0074  0.0176  0.0097  0.0293  0.0174  0.0205  0.0124  1.0000  0.0222  0.0223  0.0106  0.0168  0.0074  0.0163  0.0290  0.0191  0.0141  0.0072  0.0088  0.0136  0.0273  0.0190  0.0155  0.0128  0.0216  0.0193  0.0043  0.0139  0.0137  0.0187  0.0090  0.0074  0.0160  0.0172  0.0126  0.0157  0.0073  0.0041  0.0143
SIM20  0.0151  0.0137  0.0122  0.0118  0.0172  0.0172  0.0144  0.0224  0.0122  0.0220  0.0173  0.0156  0.0141  0.0096  0.0190  0.0188  0.0138  0.0155  0.0222  1.0000  0.0155  0.0170  0.0118  0.0090  0.0094  0.0222  0.0124  0.0139  0.0216  0.0119  0.0230  0.0156  0.0090  0.0170  0.0160  0.0135  0.0241  0.0228  0.0186  0.0152  0.0120  0.0203  0.0219  0.0058  0.0089  0.0108  0.0156  0.0153  0.0074  0.0174
SIM21  0.0039  0.0105  0.0089  0.0182  0.0172  0.0189  0.0178  0.0158  0.0172  0.0106  0.0173  0.0271  0.0158  0.0182  0.0157  0.0008  0.0105  0.0139  0.0223  0.0155  1.0000  0.0154  0.0198  0.0204  0.0162  0.0123  0.0091  0.0090  0.0184  0.0072  0.0183  0.0107  0.0172  0.0089  0.0127  0.0279  0.0175  0.0195  0.0105  0.0168  0.0153  0.0203  0.0122  0.0042  0.0155  0.0125  0.0189  0.0089  0.0107  0.0158
SIM22  0.0103  0.0153  0.0137  0.0133  0.0138  0.0139  0.0109  0.0057  0.0203  0.0073  0.0123  0.0057  0.0074  0.0095  0.0222  0.0073  0.0137  0.0187  0.0106  0.0170  0.0154  1.0000  0.0134  0.0154  0.0178  0.0057  0.0205  0.0139  0.0103  0.0087  0.0150  0.0155  0.0220  0.0120  0.0328  0.0070  0.0091  0.0076  0.0185  0.0231  0.0168  0.0251  0.0235  0.0174  0.0186  0.0224  0.0122  0.0169  0.0106  0.0190
SIM23  0.0194  0.0196  0.0150  0.0114  0.0087  0.0119  0.0139  0.0169  0.0150  0.0150  0.0135  0.0119  0.0201  0.0126  0.0153  0.0167  0.0181  0.0135  0.0168  0.0118  0.0198  0.0134  1.0000  0.0055  0.0239  0.0103  0.0232  0.0167  0.0147  0.0053  0.0177  0.0167  0.0230  0.0180  0.0156  0.0162  0.0202  0.0189  0.0165  0.0132  0.0164  0.0165  0.0197  0.0137  0.0150  0.0089  0.0103  0.0070  0.0167  0.0169
SIM24  0.0071  0.0138  0.0122  0.0118  0.0155  0.0041  0.0144  0.0091  0.0073  0.0106  0.0123  0.0172  0.0091  0.0044  0.0141  0.0090  0.0089  0.0106  0.0074  0.0090  0.0204  0.0154  0.0055  1.0000  0.0162  0.0189  0.0041  0.0156  0.0216  0.0071  0.0167  0.0074  0.0073  0.0137  0.0110  0.0135  0.0141  0.0178  0.0121  0.0152  0.0185  0.0073  0.0187  0.0158  0.0171  0.0125  0.0074  0.0121  0.0074  0.0191
SIM25  0.0141  0.0160  0.0144  0.0107  0.0162  0.0146  0.0220  0.0216  0.0128  0.0230  0.0180  0.0162  0.0181  0.0118  0.0129  0.0162  0.0093  0.0094  0.0163  0.0094  0.0162  0.0178  0.0239  0.0162  1.0000  0.0231  0.0146  0.0128  0.0175  0.0125  0.0190  0.0197  0.0196  0.0160  0.0097  0.0141  0.0130  0.0150  0.0177  0.0175  0.0243  0.0178  0.0178  0.0096  0.0093  0.0079  0.0094  0.0160  0.0129  0.0234
