*********************************************************************
* LD Score Regression (LDSC)
* Version 1.0.1
* (C) 2014-2019 Brendan Bulik-Sullivan and Hilary Finucane
* Broad Institute of MIT and Harvard / MIT Department of Mathematics
* GNU General Public License v3
*********************************************************************
Call: 
./ldsc.py \
--out /data/sbcs/GuoLab/backup/liq17/CRC_TF_TWAS_zhishan2024/NC_revision_OceanCode/v2_NC_revision//84Tracks//ldscores_sim10000//4 \
--bfile /data/sbcs/GuoLab/backup/liq17/ref/Alkesgroup/1000G_EUR_Phase3_plink_hg38/1000G.EUR.QC.4 \
--annot /data/sbcs/GuoLab/backup/liq17/CRC_TF_TWAS_zhishan2024/NC_revision_OceanCode/v2_NC_revision//84Tracks//annots_sim10000//4.annot.txt \
--l2  \
--ld-wind-kb 100.0 

Beginning analysis at Sun Oct 26 22:12:49 2025
Read list of 729546 SNPs from /data/sbcs/GuoLab/backup/liq17/ref/Alkesgroup/1000G_EUR_Phase3_plink_hg38/1000G.EUR.QC.4.bim
Read 50 annotations for 729546 SNPs from /data/sbcs/GuoLab/backup/liq17/CRC_TF_TWAS_zhishan2024/NC_revision_OceanCode/v2_NC_revision//84Tracks//annots_sim10000//4.annot.txt
Read list of 489 individuals from /data/sbcs/GuoLab/backup/liq17/ref/Alkesgroup/1000G_EUR_Phase3_plink_hg38/1000G.EUR.QC.4.fam
Reading genotypes from /data/sbcs/GuoLab/backup/liq17/ref/Alkesgroup/1000G_EUR_Phase3_plink_hg38/1000G.EUR.QC.4.bed
Estimating LD Score.
Writing LD Scores for 729546 SNPs to /data/sbcs/GuoLab/backup/liq17/CRC_TF_TWAS_zhishan2024/NC_revision_OceanCode/v2_NC_revision//84Tracks//ldscores_sim10000//4.l2.ldscore.gz

Summary of LD Scores in /data/sbcs/GuoLab/backup/liq17/CRC_TF_TWAS_zhishan2024/NC_revision_OceanCode/v2_NC_revision//84Tracks//ldscores_sim10000//4.l2.ldscore.gz
         MAF  SIM1L2  SIM2L2  SIM3L2  SIM4L2  SIM5L2  SIM6L2  SIM7L2  SIM8L2  SIM9L2  SIM10L2  SIM11L2  SIM12L2  SIM13L2  SIM14L2  SIM15L2  SIM16L2  SIM17L2  SIM18L2  SIM19L2  SIM20L2  SIM21L2  SIM22L2  SIM23L2  SIM24L2  SIM25L2  SIM26L2  SIM27L2  SIM28L2  SIM29L2  SIM30L2  SIM31L2  SIM32L2  SIM33L2  SIM34L2  SIM35L2  SIM36L2  SIM37L2  SIM38L2  SIM39L2  SIM40L2  SIM41L2  SIM42L2  SIM43L2  SIM44L2  SIM45L2  SIM46L2  SIM47L2  SIM48L2  SIM49L2  SIM50L2
mean  0.1491  0.0541  0.0630  0.0587  0.0619  0.0667  0.0597  0.0575  0.0541  0.0575   0.0648   0.0608   0.0555   0.0589   0.0542   0.0616   0.0575   0.0597   0.0605   0.0601   0.0596   0.0606   0.0649   0.0616   0.0608   0.0576   0.0637   0.0618   0.0566   0.0597   0.0587   0.0620   0.0637   0.0609   0.0586   0.0508   0.0565   0.0566   0.0612   0.0679   0.0629   0.0565   0.0563   0.0648   0.0636   0.0535   0.0649   0.0616   0.0596   0.0618   0.0574
std   0.1485  0.1905  0.2095  0.1963  0.2031  0.2155  0.1944  0.1950  0.1837  0.2030   0.2117   0.2005   0.1945   0.1943   0.1885   0.2057   0.1985   0.2052   0.1980   0.1993   0.2049   0.2162   0.2112   0.2042   0.2020   0.1989   0.2087   0.2020   0.1921   0.1996   0.2068   0.2056   0.2054   0.2050   0.2012   0.1843   0.1954   0.1923   0.2080   0.2110   0.2160   0.1884   0.1912   0.2148   0.2095   0.1892   0.2185   0.2053   0.1977   0.2043   0.1939
min   0.0051 -0.0134 -0.0114 -0.0110 -0.0088 -0.0111 -0.0091 -0.0095 -0.0107 -0.0106  -0.0130  -0.0122  -0.0091  -0.0096  -0.0106  -0.0111  -0.0154  -0.0107  -0.0092  -0.0101  -0.0118  -0.0096  -0.0121  -0.0100  -0.0103  -0.0116  -0.0110  -0.0096  -0.0123  -0.0097  -0.0125  -0.0098  -0.0093  -0.0100  -0.0090  -0.0101  -0.0108  -0.0118  -0.0114  -0.0096  -0.0122  -0.0095  -0.0127  -0.0121  -0.0121  -0.0085  -0.0099  -0.0136  -0.0095  -0.0101  -0.0130
25%   0.0194  0.0000  0.0000  0.0000  0.0000  0.0000  0.0000  0.0000  0.0000  0.0000   0.0000   0.0000   0.0000   0.0000   0.0000   0.0000   0.0000   0.0000   0.0000   0.0000   0.0000   0.0000   0.0000   0.0000   0.0000   0.0000   0.0000   0.0000   0.0000   0.0000   0.0000   0.0000   0.0000   0.0000   0.0000   0.0000   0.0000   0.0000   0.0000   0.0000   0.0000   0.0000   0.0000   0.0000   0.0000   0.0000   0.0000   0.0000   0.0000   0.0000   0.0000
50%   0.0900  0.0000  0.0000  0.0000  0.0000  0.0000  0.0000  0.0000  0.0000  0.0000   0.0000   0.0000   0.0000   0.0000   0.0000   0.0000   0.0000   0.0000   0.0000   0.0000   0.0000   0.0000   0.0000   0.0000   0.0000   0.0000   0.0000   0.0000   0.0000   0.0000   0.0000   0.0000   0.0000   0.0000   0.0000   0.0000   0.0000   0.0000   0.0000   0.0000   0.0000   0.0000   0.0000   0.0000   0.0000   0.0000   0.0000   0.0000   0.0000   0.0000   0.0000
75%   0.2587  0.0061  0.0092  0.0087  0.0105  0.0108  0.0088  0.0080  0.0070  0.0067   0.0117   0.0090   0.0072   0.0093   0.0076   0.0087   0.0080   0.0083   0.0106   0.0087   0.0080   0.0074   0.0114   0.0094   0.0096   0.0070   0.0092   0.0090   0.0081   0.0095   0.0059   0.0088   0.0109   0.0094   0.0080   0.0056   0.0070   0.0073   0.0086   0.0138   0.0081   0.0085   0.0077   0.0095   0.0098   0.0068   0.0093   0.0089   0.0084   0.0096   0.0089
max   0.5000  2.6691  3.0523  2.3378  3.0665  2.2521  2.0000  2.1233  2.0050  2.8694   2.0983   2.9454   2.2519   2.5631   2.0169   2.5265   3.0000   2.6504   3.0000   2.1383   2.3603   2.9859   2.1391   2.0952   2.7506   3.0014   2.6095   2.2586   2.2526   2.8140   3.0266   2.9662   2.4478   2.9500   3.0000   2.9852   2.9767   2.3536   3.0334   2.2459   3.4153   2.6491   3.9142   2.9111   2.9173   2.7157   3.0665   2.7534   2.0864   2.7941   2.3391

MAF/LD Score Correlation Matrix
            MAF  SIM1L2  SIM2L2  SIM3L2  SIM4L2  SIM5L2  SIM6L2  SIM7L2  SIM8L2  SIM9L2  SIM10L2  SIM11L2  SIM12L2  SIM13L2  SIM14L2  SIM15L2  SIM16L2  SIM17L2  SIM18L2  SIM19L2  SIM20L2  SIM21L2  SIM22L2  SIM23L2  SIM24L2  SIM25L2  SIM26L2  SIM27L2  SIM28L2  SIM29L2  SIM30L2  SIM31L2  SIM32L2  SIM33L2  SIM34L2  SIM35L2  SIM36L2  SIM37L2  SIM38L2  SIM39L2  SIM40L2  SIM41L2  SIM42L2  SIM43L2  SIM44L2  SIM45L2  SIM46L2  SIM47L2  SIM48L2  SIM49L2  SIM50L2
MAF      1.0000  0.1133  0.0836  0.1324  0.1571  0.1248  0.1136  0.1302  0.1097  0.1136   0.1233   0.1426   0.0973   0.1423   0.1271   0.1080   0.1173   0.1142   0.1297   0.1411   0.1226   0.1424   0.1384   0.1274   0.1170   0.1073   0.1157   0.1242   0.1001   0.0980   0.1166   0.1201   0.1186   0.1222   0.1251   0.1146   0.1236   0.1065   0.1329   0.0998   0.1122   0.1194   0.1288   0.1263   0.1515   0.1114   0.1465   0.1395   0.1213   0.1097   0.1131
SIM1L2   0.1133  1.0000  0.1177  0.1033  0.0920  0.1093  0.1222  0.0876  0.0683  0.1474   0.0705   0.1056   0.1333   0.0874   0.0960   0.0933   0.0869   0.1465   0.1226   0.1337   0.1185   0.1720   0.0867   0.1333   0.1337   0.0811   0.1059   0.0938   0.1300   0.1281   0.1434   0.1070   0.1075   0.1226   0.1367   0.1029   0.1038   0.1233   0.1229   0.1860   0.1202   0.1078   0.1616   0.0902   0.1121   0.1329   0.1487   0.1230   0.1382   0.1149   0.0952
SIM2L2   0.0836  0.1177  1.0000  0.0925  0.1276  0.0838  0.1164  0.0941  0.1158  0.1165   0.1335   0.1166   0.1016   0.0743   0.0962   0.1104   0.1003   0.0883   0.1476   0.1596   0.1240   0.1075   0.1474   0.1199   0.1417   0.0964   0.1083   0.1755   0.1059   0.0820   0.1098   0.0906   0.1005   0.1719   0.0453   0.0804   0.1491   0.1688   0.1722   0.1333   0.0943   0.0998   0.1269   0.1311   0.1305   0.0837   0.1160   0.1221   0.1785   0.1476   0.1130
SIM3L2   0.1324  0.1033  0.0925  1.0000  0.0871  0.1318  0.1017  0.1020  0.0827  0.0732   0.1290   0.1400   0.0550   0.0611   0.1140   0.0704   0.1039   0.0827   0.1718   0.1624   0.1363   0.1365   0.1200   0.1582   0.1731   0.1433   0.1152   0.1182   0.1151   0.0838   0.1205   0.0971   0.1177   0.1002   0.1640   0.1235   0.1000   0.1447   0.1369   0.1256   0.1316   0.0751   0.0781   0.1330   0.1268   0.0810   0.1070   0.0656   0.1292   0.1198   0.0807
SIM4L2   0.1571  0.0920  0.1276  0.0871  1.0000  0.1488  0.1436  0.1210  0.1059  0.1226   0.0944   0.1477   0.1023   0.1534   0.0470   0.1109   0.1269   0.0987   0.1270   0.1407   0.1319   0.1256   0.1349   0.1061   0.1212   0.1074   0.1451   0.1419   0.1482   0.1155   0.1220   0.1296   0.1304   0.1509   0.1291   0.0906   0.1253   0.0882   0.1889   0.1432   0.0739   0.0595   0.0817   0.1873   0.1506   0.1335   0.1138   0.1078   0.1250   0.1155   0.1302
SIM5L2   0.1248  0.1093  0.0838  0.1318  0.1488  1.0000  0.1200  0.1614  0.0917  0.1235   0.0781   0.1459   0.1121   0.1141   0.0791   0.1580   0.1138   0.1304   0.1728   0.1635   0.0959   0.2316   0.1553   0.1506   0.1238   0.1366   0.1649   0.1486   0.1158   0.1035   0.1213   0.1340   0.0814   0.1171   0.1257   0.1240   0.1466   0.1213   0.1426   0.1400   0.1270   0.1047   0.1050   0.1827   0.1705   0.0970   0.1644   0.1003   0.1835   0.1645   0.1183
SIM6L2   0.1136  0.1222  0.1164  0.1017  0.1436  0.1200  1.0000  0.1007  0.0874  0.1704   0.0861   0.1213   0.0625   0.1009   0.0552   0.1504   0.0829   0.1763   0.0914   0.1202   0.1219   0.1693   0.0898   0.1194   0.1029   0.1014   0.1196   0.1338   0.1431   0.1182   0.0816   0.1534   0.1106   0.1472   0.0654   0.1222   0.0792   0.1346   0.1768   0.1494   0.1488   0.1383   0.1153   0.0993   0.1449   0.0749   0.1216   0.1457   0.0449   0.0998   0.1408
SIM7L2   0.1302  0.0876  0.0941  0.1020  0.1210  0.1614  0.1007  1.0000  0.1357  0.0969   0.0962   0.1115   0.1360   0.1074   0.1398   0.1219   0.0959   0.1090   0.0641   0.1150   0.1205   0.1429   0.0993   0.0868   0.1180   0.1513   0.1266   0.0908   0.0720   0.0834   0.1147   0.1079   0.1056   0.1032   0.1473   0.1056   0.0973   0.0630   0.0960   0.0768   0.0897   0.1085   0.0735   0.1060   0.1061   0.0786   0.1395   0.0984   0.1527   0.1003   0.1262
SIM8L2   0.1097  0.0683  0.1158  0.0827  0.1059  0.0917  0.0874  0.1357  1.0000  0.1298   0.1011   0.1304   0.1086   0.0896   0.1239   0.0963   0.0622   0.0977   0.1016   0.0978   0.1110   0.0616   0.0899   0.0953   0.0990   0.0840   0.1038   0.1208   0.0871   0.1358   0.1350   0.0868   0.1567   0.1082   0.0822   0.0848   0.1034   0.1164   0.1434   0.0570   0.1524   0.1456   0.0892   0.1307   0.1063   0.0837   0.1068   0.0837   0.0947   0.0754   0.0717
SIM9L2   0.1136  0.1474  0.1165  0.0732  0.1226  0.1235  0.1704  0.0969  0.1298  1.0000   0.1119   0.1461   0.1192   0.1200   0.1104   0.1461   0.1201   0.1402   0.0984   0.0956   0.1135   0.0829   0.1096   0.1325   0.1104   0.1057   0.1100   0.1152   0.0819   0.1541   0.1036   0.1842   0.1326   0.1411   0.1003   0.1178   0.1316   0.1578   0.1189   0.1497   0.1815   0.1261   0.1832   0.1173   0.1427   0.1436   0.1118   0.1299   0.1024   0.1598   0.1350
SIM10L2  0.1233  0.0705  0.1335  0.1290  0.0944  0.0781  0.0861  0.0962  0.1011  0.1119   1.0000   0.1045   0.1428   0.1042   0.1043   0.1010   0.0737   0.0739   0.1372   0.0880   0.1074   0.0766   0.1242   0.1193   0.1193   0.0650   0.1001   0.1313   0.1109   0.0916   0.1426   0.1105   0.1560   0.0877   0.1429   0.1046   0.1209   0.1182   0.1019   0.0702   0.0663   0.0772   0.0955   0.1510   0.0775   0.1317   0.1364   0.0978   0.0623   0.0861   0.1117
SIM11L2  0.1426  0.1056  0.1166  0.1400  0.1477  0.1459  0.1213  0.1115  0.1304  0.1461   0.1045   1.0000   0.0812   0.1410   0.1014   0.1257   0.1093   0.1669   0.0983   0.1689   0.1247   0.1651   0.1309   0.1565   0.1089   0.1372   0.1218   0.1407   0.0880   0.1142   0.1808   0.1514   0.1123   0.1360   0.1553   0.1183   0.1477   0.1904   0.2169   0.1636   0.1530   0.1666   0.0956   0.1053   0.1961   0.1233   0.1282   0.1907   0.1554   0.0876   0.1404
SIM12L2  0.0973  0.1333  0.1016  0.0550  0.1023  0.1121  0.0625  0.1360  0.1086  0.1192   0.1428   0.0812   1.0000   0.0998   0.1329   0.0742   0.0804   0.0881   0.1044   0.1178   0.0914   0.0636   0.1247   0.1479   0.1607   0.0997   0.1108   0.1497   0.0874   0.1314   0.0993   0.0655   0.1079   0.1064   0.1236   0.0983   0.1370   0.0788   0.0779   0.0972   0.0862   0.0850   0.1263   0.1181   0.0810   0.1482   0.1590   0.0872   0.1167   0.0882   0.1336
SIM13L2  0.1423  0.0874  0.0743  0.0611  0.1534  0.1141  0.1009  0.1074  0.0896  0.1200   0.1042   0.1410   0.0998   1.0000   0.0777   0.0654   0.0802   0.1232   0.1079   0.0932   0.0692   0.1317   0.1409   0.0996   0.1436   0.1039   0.1090   0.1167   0.1301   0.0878   0.1180   0.1296   0.1126   0.1020   0.1182   0.0697   0.0997   0.1167   0.1560   0.1415   0.1324   0.0792   0.0984   0.1350   0.1515   0.1223   0.1247   0.1619   0.1208   0.0936   0.1252
SIM14L2  0.1271  0.0960  0.0962  0.1140  0.0470  0.0791  0.0552  0.1398  0.1239  0.1104   0.1043   0.1014   0.1329   0.0777   1.0000   0.0932   0.0906   0.0769   0.1120   0.1262   0.1412   0.0918   0.0333   0.0721   0.0973   0.1238   0.1142   0.1354   0.0652   0.1216   0.1265   0.1127   0.0643   0.0939   0.1325   0.0709   0.1549   0.1099   0.1056   0.0602   0.1428   0.1072   0.1224   0.1529   0.1120   0.0861   0.1631   0.1184   0.1342   0.1002   0.0866
SIM15L2  0.1080  0.0933  0.1104  0.0704  0.1109  0.1580  0.1504  0.1219  0.0963  0.1461   0.1010   0.1257   0.0742   0.0654   0.0932   1.0000   0.0947   0.1027   0.1143   0.1246   0.0655   0.1584   0.0895   0.1094   0.1275   0.1550   0.1064   0.1427   0.1181   0.0925   0.0978   0.1423   0.1182   0.1180   0.0775   0.1557   0.1091   0.1114   0.1187   0.1376   0.0803   0.1529   0.0978   0.1435   0.1027   0.1029   0.1534   0.0832   0.0955   0.0727   0.0935
SIM16L2  0.1173  0.0869  0.1003  0.1039  0.1269  0.1138  0.0829  0.0959  0.0622  0.1201   0.0737   0.1093   0.0804   0.0802   0.0906   0.0947   1.0000   0.0777   0.1212   0.0834   0.1253   0.0883   0.0932   0.0816   0.1369   0.1224   0.1399   0.1025   0.1280   0.1330   0.1337   0.1161   0.0826   0.1063   0.0882   0.1305   0.1081   0.0831   0.0697   0.1680   0.0928   0.1147   0.1051   0.0979   0.0884   0.0782   0.0834   0.0880   0.0603   0.1173   0.1310
SIM17L2  0.1142  0.1465  0.0883  0.0827  0.0987  0.1304  0.1763  0.1090  0.0977  0.1402   0.0739   0.1669   0.0881   0.1232   0.0769   0.1027   0.0777   1.0000   0.1264   0.1633   0.0807   0.2114   0.0567   0.2292   0.1141   0.1303   0.0954   0.1266   0.1335   0.1040   0.1573   0.1580   0.1567   0.1739   0.1255   0.1131   0.1127   0.1287   0.1404   0.1621   0.1473   0.1517   0.1279   0.1045   0.2225   0.1129   0.1190   0.1336   0.0982   0.1207   0.1534
SIM18L2  0.1297  0.1226  0.1476  0.1718  0.1270  0.1728  0.0914  0.0641  0.1016  0.0984   0.1372   0.0983   0.1044   0.1079   0.1120   0.1143   0.1212   0.1264   1.0000   0.0883   0.1347   0.0884   0.1367   0.0796   0.1385   0.1160   0.1340   0.1699   0.1313   0.1316   0.1643   0.1332   0.0997   0.1353   0.1261   0.0780   0.1499   0.1024   0.1503   0.1297   0.1077   0.1356   0.1017   0.1795   0.1207   0.1378   0.1044   0.0979   0.1265   0.1679   0.1029
SIM19L2  0.1411  0.1337  0.1596  0.1624  0.1407  0.1635  0.1202  0.1150  0.0978  0.0956   0.0880   0.1689   0.1178   0.0932   0.1262   0.1246   0.0834   0.1633   0.0883   1.0000   0.1176   0.2523   0.0873   0.1781   0.1633   0.1350   0.1372   0.1717   0.1280   0.0736   0.1577   0.1088   0.0968   0.1123   0.1155   0.0734   0.1383   0.2030   0.1283   0.1728   0.1279   0.1274   0.0537   0.1328   0.1826   0.1286   0.1896   0.1432   0.1545   0.0954   0.1519
SIM20L2  0.1226  0.1185  0.1240  0.1363  0.1319  0.0959  0.1219  0.1205  0.1110  0.1135   0.1074   0.1247   0.0914   0.0692   0.1412   0.0655   0.1253   0.0807   0.1347   0.1176   1.0000   0.1284   0.0756   0.0608   0.1093   0.0619   0.1541   0.1202   0.1380   0.1125   0.0838   0.0821   0.1127   0.0909   0.1040   0.0764   0.1367   0.1131   0.0971   0.1328   0.1753   0.0490   0.0807   0.0960   0.1522   0.0999   0.1236   0.1173   0.1072   0.0594   0.0935
SIM21L2  0.1424  0.1720  0.1075  0.1365  0.1256  0.2316  0.1693  0.1429  0.0616  0.0829   0.0766   0.1651   0.0636   0.1317   0.0918   0.1584   0.0883   0.2114   0.0884   0.2523   0.1284   1.0000   0.0770   0.1718   0.1170   0.1503   0.0807   0.1516   0.1017   0.0842   0.1298   0.1366   0.0768   0.1153   0.1077   0.1151   0.1129   0.1766   0.1542   0.2425   0.1366   0.1683   0.0441   0.1395   0.1705   0.1106   0.2389   0.1586   0.1588   0.1071   0.0968
SIM22L2  0.1384  0.0867  0.1474  0.1200  0.1349  0.1553  0.0898  0.0993  0.0899  0.1096   0.1242   0.1309   0.1247   0.1409   0.0333   0.0895   0.0932   0.0567   0.1367   0.0873   0.0756   0.0770   1.0000   0.1337   0.1476   0.1297   0.1603   0.1357   0.1329   0.0534   0.1912   0.1241   0.1064   0.1397   0.1050   0.0836   0.1619   0.1192   0.1547   0.1091   0.0914   0.0827   0.0442   0.1036   0.1649   0.0850   0.1340   0.0869   0.1628   0.1200   0.1168
SIM23L2  0.1274  0.1333  0.1199  0.1582  0.1061  0.1506  0.1194  0.0868  0.0953  0.1325   0.1193   0.1565   0.1479   0.0996   0.0721   0.1094   0.0816   0.2292   0.0796   0.1781   0.0608   0.1718   0.1337   1.0000   0.1763   0.1118   0.1185   0.1858   0.0918   0.0974   0.1450   0.1176   0.1290   0.1599   0.1369   0.0871   0.1534   0.1813   0.1173   0.1389   0.0975   0.1222   0.1823   0.1282   0.1672   0.1346   0.1656   0.1231   0.1628   0.1185   0.1763
SIM24L2  0.1170  0.1337  0.1417  0.1731  0.1212  0.1238  0.1029  0.1180  0.0990  0.1104   0.1193   0.1089   0.1607   0.1436   0.0973   0.1275   0.1369   0.1141   0.1385   0.1633   0.1093   0.1170   0.1476   0.1763   1.0000   0.1027   0.1451   0.1357   0.1310   0.1508   0.1883   0.0923   0.1087   0.1315   0.1468   0.0972   0.1635   0.1341   0.1296   0.2001   0.1175   0.0978   0.1364   0.1689   0.1435   0.1550   0.2270   0.1466   0.1907   0.1476   0.1229
SIM25L2  0.1073  0.0811  0.0964  0.1433  0.1074  0.1366  0.1014  0.1513  0.0840  0.1057   0.0650   0.1372   0.0997   0.1039   0.1238   0.1550   0.1224   0.1303   0.1160   0.1350   0.0619   0.1503   0.1297   0.1118   0.1027   1.0000   0.1052   0.1695   0.0801   0.0913   0.1321   0.1309   0.1163   0.0955   0.1541   0.1007   0.0968   0.1261   0.1315   0.1329   0.0830   0.1740   0.0893   0.1204   0.0916   0.1160   0.1551   0.0753   0.1235   0.1440   0.1301
SIM26L2  0.1157  0.1059  0.1083  0.1152  0.1451  0.1649  0.1196  0.1266  0.1038  0.1100   0.1001   0.1218   0.1108   0.1090   0.1142   0.1064   0.1399   0.0954   0.1340   0.1372   0.1541   0.0807   0.1603   0.1185   0.1451   0.1052   1.0000   0.1461   0.1211   0.1426   0.1558   0.1294   0.1459   0.1196   0.1523   0.1122   0.1681   0.1202   0.1104   0.1291   0.1661   0.0706   0.0959   0.1479   0.1099   0.0694   0.1272   0.1162   0.1360   0.1200   0.1004
SIM27L2  0.1242  0.0938  0.1755  0.1182  0.1419  0.1486  0.1338  0.0908  0.1208  0.1152   0.1313   0.1407   0.1497   0.1167   0.1354   0.1427   0.1025   0.1266   0.1699   0.1717   0.1202   0.1516   0.1357   0.1858   0.1357   0.1695   0.1461   1.0000   0.1270   0.1240   0.1495   0.1442   0.1156   0.1715   0.1525   0.0677   0.1497   0.1301   0.1348   0.1593   0.1463   0.0954   0.1182   0.1827   0.2105   0.1574   0.1724   0.1110   0.1826   0.1545   0.1585
SIM28L2  0.1001  0.1300  0.1059  0.1151  0.1482  0.1158  0.1431  0.0720  0.0871  0.0819   0.1109   0.0880   0.0874   0.1301   0.0652   0.1181   0.1280   0.1335   0.1313   0.1280   0.1380   0.1017   0.1329   0.0918   0.1310   0.0801   0.1211   0.1270   1.0000   0.0794   0.1937   0.0983   0.0876   0.1426   0.1342   0.0582   0.1214   0.1100   0.1278   0.1675   0.1047   0.0812   0.1039   0.0837   0.2057   0.1290   0.0993   0.1042   0.0774   0.1111   0.1356
SIM29L2  0.0980  0.1281  0.0820  0.0838  0.1155  0.1035  0.1182  0.0834  0.1358  0.1541   0.0916   0.1142   0.1314   0.0878   0.1216   0.0925   0.1330   0.1040   0.1316   0.0736   0.1125   0.0842   0.0534   0.0974   0.1508   0.0913   0.1426   0.1240   0.0794   1.0000   0.1336   0.1052   0.1038   0.1557   0.1484   0.1215   0.1602   0.0880   0.0622   0.1512   0.1376   0.0938   0.1517   0.1692   0.0820   0.1232   0.1013   0.1221   0.1253   0.1728   0.1360
SIM30L2  0.1166  0.1434  0.1098  0.1205  0.1220  0.1213  0.0816  0.1147  0.1350  0.1036   0.1426   0.1808   0.0993   0.1180   0.1265   0.0978   0.1337   0.1573   0.1643   0.1577   0.0838   0.1298   0.1912   0.1450   0.1883   0.1321   0.1558   0.1495   0.1937   0.1336   1.0000   0.1546   0.1298   0.1572   0.1538   0.1188   0.1614   0.1424   0.1656   0.1594   0.1218   0.0957   0.0740   0.1535   0.2068   0.1752   0.1634   0.1237   0.1534   0.1830   0.1410
SIM31L2  0.1201  0.1070  0.0906  0.0971  0.1296  0.1340  0.1534  0.1079  0.0868  0.1842   0.1105   0.1514   0.0655   0.1296   0.1127   0.1423   0.1161   0.1580   0.1332   0.1088   0.0821   0.1366   0.1241   0.1176   0.0923   0.1309   0.1294   0.1442   0.0983   0.1052   0.1546   1.0000   0.1249   0.1197   0.1094   0.1140   0.1292   0.1419   0.1053   0.1236   0.1201   0.1140   0.1382   0.1317   0.1455   0.1410   0.1266   0.1548   0.1218   0.1301   0.1570
SIM32L2  0.1186  0.1075  0.1005  0.1177  0.1304  0.0814  0.1106  0.1056  0.1567  0.1326   0.1560   0.1123   0.1079   0.1126   0.0643   0.1182   0.0826   0.1567   0.0997   0.0968   0.1127   0.0768   0.1064   0.1290   0.1087   0.1163   0.1459   0.1156   0.0876   0.1038   0.1298   0.1249   1.0000   0.1379   0.1211   0.0888   0.1060   0.0908   0.1349   0.0981   0.1110   0.0884   0.1152   0.1017   0.1175   0.0894   0.1162   0.1203   0.1202   0.1126   0.1035
SIM33L2  0.1222  0.1226  0.1719  0.1002  0.1509  0.1171  0.1472  0.1032  0.1082  0.1411   0.0877   0.1360   0.1064   0.1020   0.0939   0.1180   0.1063   0.1739   0.1353   0.1123   0.0909   0.1153   0.1397   0.1599   0.1315   0.0955   0.1196   0.1715   0.1426   0.1557   0.1572   0.1197   0.1379   1.0000   0.0723   0.0882   0.1856   0.1137   0.1542   0.1478   0.1407   0.1556   0.1477   0.1751   0.1779   0.1262   0.1453   0.0908   0.1104   0.1637   0.1096
SIM34L2  0.1251  0.1367  0.0453  0.1640  0.1291  0.1257  0.0654  0.1473  0.0822  0.1003   0.1429   0.1553   0.1236   0.1182   0.1325   0.0775   0.0882   0.1255   0.1261   0.1155   0.1040   0.1077   0.1050   0.1369   0.1468   0.1541   0.1523   0.1525   0.1342   0.1484   0.1538   0.1094   0.1211   0.0723   1.0000   0.0740   0.1464   0.0718   0.1303   0.1206   0.1412   0.0979   0.1287   0.1666   0.1254   0.1373   0.1205   0.0622   0.1373   0.0965   0.1008
SIM35L2  0.1146  0.1029  0.0804  0.1235  0.0906  0.1240  0.1222  0.1056  0.0848  0.1178   0.1046   0.1183   0.0983   0.0697   0.0709   0.1557   0.1305   0.1131   0.0780   0.0734   0.0764   0.1151   0.0836   0.0871   0.0972   0.1007   0.1122   0.0677   0.0582   0.1215   0.1188   0.1140   0.0888   0.0882   0.0740   1.0000   0.0942   0.0733   0.1136   0.1297   0.0564   0.1237   0.0761   0.1132   0.1240   0.0997   0.0803   0.0670   0.0911   0.1006   0.0937
SIM36L2  0.1236  0.1038  0.1491  0.1000  0.1253  0.1466  0.0792  0.0973  0.1034  0.1316   0.1209   0.1477   0.1370   0.0997   0.1549   0.1091   0.1081   0.1127   0.1499   0.1383   0.1367   0.1129   0.1619   0.1534   0.1635   0.0968   0.1681   0.1497   0.1214   0.1602   0.1614   0.1292   0.1060   0.1856   0.1464   0.0942   1.0000   0.1729   0.1368   0.1226   0.1157   0.1148   0.1119   0.1348   0.1572   0.1232   0.1955   0.1279   0.1810   0.1234   0.1366
SIM37L2  0.1065  0.1233  0.1688  0.1447  0.0882  0.1213  0.1346  0.0630  0.1164  0.1578   0.1182   0.1904   0.0788   0.1167   0.1099   0.1114   0.0831   0.1287   0.1024   0.2030   0.1131   0.1766   0.1192   0.1813   0.1341   0.1261   0.1202   0.1301   0.1100   0.0880   0.1424   0.1419   0.0908   0.1137   0.0718   0.0733   0.1729   1.0000   0.1818   0.1296   0.1707   0.1104   0.1304   0.1123   0.1467   0.1089   0.1461   0.1634   0.1266   0.1286   0.1070
SIM38L2  0.1329  0.1229  0.1722  0.1369  0.1889  0.1426  0.1768  0.0960  0.1434  0.1189   0.1019   0.2169   0.0779   0.1560   0.1056   0.1187   0.0697   0.1404   0.1503   0.1283   0.0971   0.1542   0.1547   0.1173   0.1296   0.1315   0.1104   0.1348   0.1278   0.0622   0.1656   0.1053   0.1349   0.1542   0.1303   0.1136   0.1368   0.1818   1.0000   0.1631   0.2107   0.1398   0.0928   0.1742   0.1957   0.1376   0.1420   0.1685   0.1261   0.1088   0.0760
SIM39L2  0.0998  0.1860  0.1333  0.1256  0.1432  0.1400  0.1494  0.0768  0.0570  0.1497   0.0702   0.1636   0.0972   0.1415   0.0602   0.1376   0.1680   0.1621   0.1297   0.1728   0.1328   0.2425   0.1091   0.1389   0.2001   0.1329   0.1291   0.1593   0.1675   0.1512   0.1594   0.1236   0.0981   0.1478   0.1206   0.1297   0.1226   0.1296   0.1631   1.0000   0.1434   0.1533   0.1428   0.1454   0.1971   0.1076   0.1412   0.1146   0.1346   0.1669   0.1493
SIM40L2  0.1122  0.1202  0.0943  0.1316  0.0739  0.1270  0.1488  0.0897  0.1524  0.1815   0.0663   0.1530   0.0862   0.1324   0.1428   0.0803   0.0928   0.1473   0.1077   0.1279   0.1753   0.1366   0.0914   0.0975   0.1175   0.0830   0.1661   0.1463   0.1047   0.1376   0.1218   0.1201   0.1110   0.1407   0.1412   0.0564   0.1157   0.1707   0.2107   0.1434   1.0000   0.1069   0.1368   0.1120   0.1823   0.0958   0.1388   0.1553   0.1066   0.0946   0.0827
SIM41L2  0.1194  0.1078  0.0998  0.0751  0.0595  0.1047  0.1383  0.1085  0.1456  0.1261   0.0772   0.1666   0.0850   0.0792   0.1072   0.1529   0.1147   0.1517   0.1356   0.1274   0.0490   0.1683   0.0827   0.1222   0.0978   0.1740   0.0706   0.0954   0.0812   0.0938   0.0957   0.1140   0.0884   0.1556   0.0979   0.1237   0.1148   0.1104   0.1398   0.1533   0.1069   1.0000   0.1176   0.1068   0.1069   0.0999   0.1402   0.0956   0.0841   0.0954   0.0838
SIM42L2  0.1288  0.1616  0.1269  0.0781  0.0817  0.1050  0.1153  0.0735  0.0892  0.1832   0.0955   0.0956   0.1263   0.0984   0.1224   0.0978   0.1051   0.1279   0.1017   0.0537   0.0807   0.0441   0.0442   0.1823   0.1364   0.0893   0.0959   0.1182   0.1039   0.1517   0.0740   0.1382   0.1152   0.1477   0.1287   0.0761   0.1119   0.1304   0.0928   0.1428   0.1368   0.1176   1.0000   0.0979   0.0743   0.1261   0.1289   0.0699   0.1042   0.1493   0.1583
SIM43L2  0.1263  0.0902  0.1311  0.1330  0.1873  0.1827  0.0993  0.1060  0.1307  0.1173   0.1510   0.1053   0.1181   0.1350   0.1529   0.1435   0.0979   0.1045   0.1795   0.1328   0.0960   0.1395   0.1036   0.1282   0.1689   0.1204   0.1479   0.1827   0.0837   0.1692   0.1535   0.1317   0.1017   0.1751   0.1666   0.1132   0.1348   0.1123   0.1742   0.1454   0.1120   0.1068   0.0979   1.0000   0.1366   0.1810   0.1828   0.1117   0.1523   0.1921   0.1324
SIM44L2  0.1515  0.1121  0.1305  0.1268  0.1506  0.1705  0.1449  0.1061  0.1063  0.1427   0.0775   0.1961   0.0810   0.1515   0.1120   0.1027   0.0884   0.2225   0.1207   0.1826   0.1522   0.1705   0.1649   0.1672   0.1435   0.0916   0.1099   0.2105   0.2057   0.0820   0.2068   0.1455   0.1175   0.1779   0.1254   0.1240   0.1572   0.1467   0.1957   0.1971   0.1823   0.1069   0.0743   0.1366   1.0000   0.1375   0.1313   0.1794   0.1800   0.1344   0.1103
SIM45L2  0.1114  0.1329  0.0837  0.0810  0.1335  0.0970  0.0749  0.0786  0.0837  0.1436   0.1317   0.1233   0.1482   0.1223   0.0861   0.1029   0.0782   0.1129   0.1378   0.1286   0.0999   0.1106   0.0850   0.1346   0.1550   0.1160   0.0694   0.1574   0.1290   0.1232   0.1752   0.1410   0.0894   0.1262   0.1373   0.0997   0.1232   0.1089   0.1376   0.1076   0.0958   0.0999   0.1261   0.1810   0.1375   1.0000   0.1223   0.1085   0.1001   0.1529   0.1578
SIM46L2  0.1465  0.1487  0.1160  0.1070  0.1138  0.1644  0.1216  0.1395  0.1068  0.1118   0.1364   0.1282   0.1590   0.1247   0.1631   0.1534   0.0834   0.1190   0.1044   0.1896   0.1236   0.2389   0.1340   0.1656   0.2270   0.1551   0.1272   0.1724   0.0993   0.1013   0.1634   0.1266   0.1162   0.1453   0.1205   0.0803   0.1955   0.1461   0.1420   0.1412   0.1388   0.1402   0.1289   0.1828   0.1313   0.1223   1.0000   0.1498   0.1614   0.1125   0.1280
SIM47L2  0.1395  0.1230  0.1221  0.0656  0.1078  0.1003  0.1457  0.0984  0.0837  0.1299   0.0978   0.1907   0.0872   0.1619   0.1184   0.0832   0.0880   0.1336   0.0979   0.1432   0.1173   0.1586   0.0869   0.1231   0.1466   0.0753   0.1162   0.1110   0.1042   0.1221   0.1237   0.1548   0.1203   0.0908   0.0622   0.0670   0.1279   0.1634   0.1685   0.1146   0.1553   0.0956   0.0699   0.1117   0.1794   0.1085   0.1498   1.0000   0.1278   0.0665   0.0854
SIM48L2  0.1213  0.1382  0.1785  0.1292  0.1250  0.1835  0.0449  0.1527  0.0947  0.1024   0.0623   0.1554   0.1167   0.1208   0.1342   0.0955   0.0603   0.0982   0.1265   0.1545   0.1072   0.1588   0.1628   0.1628   0.1907   0.1235   0.1360   0.1826   0.0774   0.1253   0.1534   0.1218   0.1202   0.1104   0.1373   0.0911   0.1810   0.1266   0.1261   0.1346   0.1066   0.0841   0.1042   0.1523   0.1800   0.1001   0.1614   0.1278   1.0000   0.1096   0.1075
SIM49L2  0.1097  0.1149  0.1476  0.1198  0.1155  0.1645  0.0998  0.1003  0.0754  0.1598   0.0861   0.0876   0.0882   0.0936   0.1002   0.0727   0.1173   0.1207   0.1679   0.0954   0.0594   0.1071   0.1200   0.1185   0.1476   0.1440   0.1200   0.1545   0.1111   0.1728   0.1830   0.1301   0.1126   0.1637   0.0965   0.1006   0.1234   0.1286   0.1088   0.1669   0.0946   0.0954   0.1493   0.1921   0.1344   0.1529   0.1125   0.0665   0.1096   1.0000   0.1311
SIM50L2  0.1131  0.0952  0.1130  0.0807  0.1302  0.1183  0.1408  0.1262  0.0717  0.1350   0.1117   0.1404   0.1336   0.1252   0.0866   0.0935   0.1310   0.1534   0.1029   0.1519   0.0935   0.0968   0.1168   0.1763   0.1229   0.1301   0.1004   0.1585   0.1356   0.1360   0.1410   0.1570   0.1035   0.1096   0.1008   0.0937   0.1366   0.1070   0.0760   0.1493   0.0827   0.0838   0.1583   0.1324   0.1103   0.1578   0.1280   0.0854   0.1075   0.1311   1.0000

LD Score Matrix Condition Number
4.3915

Annotation Correlation Matrix
         SIM1    SIM2    SIM3    SIM4    SIM5    SIM6    SIM7    SIM8    SIM9   SIM10   SIM11   SIM12   SIM13   SIM14   SIM15   SIM16   SIM17   SIM18   SIM19   SIM20   SIM21   SIM22   SIM23   SIM24   SIM25   SIM26   SIM27   SIM28   SIM29   SIM30   SIM31   SIM32   SIM33   SIM34   SIM35   SIM36   SIM37   SIM38   SIM39   SIM40   SIM41   SIM42   SIM43   SIM44   SIM45   SIM46   SIM47   SIM48   SIM49   SIM50
SIM1   1.0000  0.0111  0.0095  0.0093  0.0126  0.0150  0.0149  0.0063  0.0153  0.0143  0.0079  0.0149  0.0149  0.0237  0.0162  0.0165  0.0078  0.0078  0.0079  0.0183  0.0151  0.0126  0.0077  0.0127  0.0133  0.0094  0.0199  0.0113  0.0164  0.0082  0.0133  0.0094  0.0232  0.0150  0.0099  0.0187  0.0256  0.0236  0.0241  0.0177  0.0181  0.0113  0.0181  0.0125  0.0189  0.0166  0.0164  0.0113  0.0127  0.0181
SIM2   0.0111  1.0000  0.0122  0.0135  0.0039  0.0191  0.0124  0.0142  0.0144  0.0199  0.0090  0.0108  0.0074  0.0224  0.0040  0.0156  0.0284  0.0138  0.0157  0.0107  0.0143  0.0119  0.0121  0.0119  0.0109  0.0282  0.0123  0.0122  0.0041  0.0077  0.0042  0.0104  0.0106  0.0125  0.0143  0.0092  0.0109  0.0124  0.0101  0.0087  0.0089  0.0156  0.0155  0.0133  0.0127  0.0156  0.0155  0.0188  0.0168  0.0187
SIM3   0.0095  0.0122  1.0000  0.0055  0.0216  0.0075  0.0124  0.0126  0.0094  0.0168  0.0157  0.0125  0.0124  0.0125  0.0024  0.0107  0.0106  0.0106  0.0191  0.0124  0.0211  0.0120  0.0122  0.0216  0.0093  0.0251  0.0107  0.0090  0.0172  0.0112  0.0193  0.0121  0.0188  0.0159  0.0144  0.0110  0.0126  0.0058  0.0213  0.0248  0.0155  0.0207  0.0123  0.0150  0.0111  0.0157  0.0107  0.0140  0.0233  0.0155
SIM4   0.0093  0.0135  0.0055  1.0000  0.0133  0.0073  0.0121  0.0172  0.0175  0.0117  0.0185  0.0122  0.0137  0.0171  0.0182  0.0153  0.0055  0.0136  0.0073  0.0202  0.0239  0.0211  0.0198  0.0133  0.0107  0.0118  0.0201  0.0152  0.0136  0.0126  0.0139  0.0244  0.0216  0.0188  0.0223  0.0223  0.0041  0.0170  0.0146  0.0101  0.0151  0.0169  0.0200  0.0178  0.0158  0.0153  0.0136  0.0104  0.0117  0.0135
SIM5   0.0126  0.0039  0.0216  0.0133  1.0000  0.0188  0.0122  0.0173  0.0109  0.0148  0.0072  0.0139  0.0089  0.0204  0.0151  0.0185  0.0216  0.0216  0.0138  0.0057  0.0207  0.0117  0.0135  0.0212  0.0140  0.0198  0.0121  0.0088  0.0088  0.0143  0.0123  0.0166  0.0088  0.0156  0.0058  0.0157  0.0140  0.0138  0.0177  0.0164  0.0152  0.0300  0.0217  0.0147  0.0125  0.0202  0.0136  0.0185  0.0244  0.0072
SIM6   0.0150  0.0191  0.0075  0.0073  0.0188  1.0000  0.0127  0.0231  0.0148  0.0139  0.0059  0.0111  0.0144  0.0145  0.0141  0.0109  0.0142  0.0059  0.0110  0.0195  0.0112  0.0171  0.0207  0.0155  0.0232  0.0124  0.0176  0.0193  0.0125  0.0202  0.0180  0.0189  0.0142  0.0077  0.0147  0.0129  0.0146  0.0245  0.0185  0.0155  0.0192  0.0009  0.0293  0.0121  0.0096  0.0160  0.0159  0.0092  0.0123  0.0058
SIM7   0.0149  0.0124  0.0124  0.0121  0.0122  0.0127  1.0000  0.0145  0.0078  0.0121  0.0159  0.0279  0.0109  0.0076  0.0107  0.0192  0.0124  0.0125  0.0076  0.0160  0.0231  0.0137  0.0173  0.0187  0.0162  0.0221  0.0108  0.0125  0.0191  0.0166  0.0162  0.0122  0.0224  0.0281  0.0061  0.0112  0.0043  0.0109  0.0104  0.0089  0.0157  0.0143  0.0141  0.0201  0.0078  0.0159  0.0125  0.0192  0.0220  0.0157
SIM8   0.0063  0.0142  0.0126  0.0172  0.0173  0.0231  0.0145  1.0000  0.0132  0.0140  0.0110  0.0112  0.0162  0.0112  0.0175  0.0161  0.0193  0.0093  0.0179  0.0145  0.0165  0.0172  0.0125  0.0222  0.0182  0.0125  0.0178  0.0161  0.0143  0.0151  0.0112  0.0174  0.0109  0.0130  0.0096  0.0113  0.0078  0.0196  0.0203  0.0123  0.0227  0.0195  0.0228  0.0138  0.0167  0.0195  0.0110  0.0161  0.0124  0.0143
SIM9   0.0153  0.0144  0.0094  0.0175  0.0109  0.0148  0.0078  0.0132  1.0000  0.0175  0.0130  0.0200  0.0165  0.0044  0.0161  0.0129  0.0077  0.0248  0.0079  0.0165  0.0080  0.0108  0.0144  0.0109  0.0080  0.0093  0.0163  0.0146  0.0197  0.0171  0.0097  0.0210  0.0231  0.0132  0.0116  0.0115  0.0167  0.0078  0.0189  0.0225  0.0145  0.0078  0.0197  0.0174  0.0134  0.0095  0.0095  0.0112  0.0210  0.0060
SIM10  0.0143  0.0199  0.0168  0.0117  0.0148  0.0139  0.0121  0.0140  0.0175  1.0000  0.0153  0.0138  0.0154  0.0236  0.0134  0.0153  0.0120  0.0168  0.0073  0.0170  0.0190  0.0273  0.0119  0.0164  0.0189  0.0087  0.0136  0.0120  0.0072  0.0109  0.0106  0.0213  0.0120  0.0156  0.0124  0.0091  0.0140  0.0105  0.0069  0.0132  0.0119  0.0105  0.0184  0.0131  0.0092  0.0105  0.0104  0.0088  0.0228  0.0071
SIM11  0.0079  0.0090  0.0157  0.0185  0.0072  0.0059  0.0159  0.0110  0.0130  0.0153  1.0000  0.0177  0.0126  0.0126  0.0155  0.0091  0.0107  0.0256  0.0143  0.0176  0.0162  0.0105  0.0090  0.0105  0.0128  0.0122  0.0125  0.0108  0.0157  0.0113  0.0161  0.0089  0.0173  0.0178  0.0111  0.0128  0.0161  0.0092  0.0103  0.0088  0.0206  0.0175  0.0124  0.0071  0.0078  0.0125  0.0257  0.0091  0.0122  0.0206
SIM12  0.0149  0.0108  0.0125  0.0122  0.0139  0.0111  0.0279  0.0112  0.0200  0.0138  0.0177  1.0000  0.0093  0.0111  0.0140  0.0126  0.0058  0.0159  0.0195  0.0093  0.0164  0.0203  0.0157  0.0188  0.0129  0.0074  0.0277  0.0126  0.0309  0.0149  0.0145  0.0156  0.0142  0.0146  0.0113  0.0112  0.0214  0.0093  0.0153  0.0138  0.0092  0.0110  0.0125  0.0169  0.0113  0.0160  0.0142  0.0277  0.0172  0.0075
SIM13  0.0149  0.0074  0.0124  0.0137  0.0089  0.0144  0.0109  0.0162  0.0165  0.0154  0.0126  0.0093  1.0000  0.0026  0.0107  0.0142  0.0075  0.0125  0.0211  0.0109  0.0163  0.0170  0.0107  0.0203  0.0128  0.0107  0.0108  0.0108  0.0141  0.0114  0.0111  0.0188  0.0091  0.0230  0.0146  0.0146  0.0162  0.0177  0.0216  0.0137  0.0207  0.0059  0.0208  0.0104  0.0147  0.0109  0.0175  0.0142  0.0008  0.0224
SIM14  0.0237  0.0224  0.0125  0.0171  0.0204  0.0145  0.0076  0.0112  0.0044  0.0236  0.0126  0.0111  0.0026  1.0000  0.0091  0.0109  0.0142  0.0058  0.0144  0.0177  0.0112  0.0154  0.0141  0.0090  0.0129  0.0124  0.0075  0.0126  0.0159  0.0132  0.0128  0.0139  0.0125  0.0060  0.0113  0.0112  0.0043  0.0076  0.0152  0.0154  0.0125  0.0143  0.0159  0.0185  0.0113  0.0093  0.0142  0.0109  0.0172  0.0108
SIM15  0.0162  0.0040  0.0024  0.0182  0.0151  0.0141  0.0107  0.0175  0.0161  0.0134  0.0155  0.0140  0.0107  0.0091  1.0000  0.0122  0.0121  0.0122  0.0156  0.0090  0.0059  0.0166  0.0169  0.0167  0.0142  0.0104  0.0122  0.0187  0.0284  0.0128  0.0174  0.0120  0.0121  0.0125  0.0210  0.0209  0.0142  0.0206  0.0101  0.0134  0.0235  0.0188  0.0187  0.0070  0.0177  0.0106  0.0138  0.0220  0.0151  0.0121
SIM16  0.0165  0.0156  0.0107  0.0153  0.0185  0.0109  0.0192  0.0161  0.0129  0.0153  0.0091  0.0126  0.0142  0.0109  0.0122  1.0000  0.0206  0.0173  0.0176  0.0125  0.0230  0.0072  0.0123  0.0202  0.0178  0.0089  0.0224  0.0141  0.0140  0.0251  0.0110  0.0122  0.0140  0.0043  0.0162  0.0111  0.0195  0.0092  0.0167  0.0137  0.0041  0.0192  0.0190  0.0231  0.0061  0.0092  0.0157  0.0191  0.0186  0.0123
SIM17  0.0078  0.0284  0.0106  0.0055  0.0216  0.0142  0.0124  0.0193  0.0077  0.0120  0.0107  0.0058  0.0075  0.0142  0.0121  0.0206  1.0000  0.0090  0.0274  0.0108  0.0228  0.0055  0.0187  0.0168  0.0093  0.0170  0.0123  0.0222  0.0123  0.0232  0.0142  0.0153  0.0188  0.0126  0.0195  0.0110  0.0210  0.0058  0.0181  0.0151  0.0073  0.0140  0.0106  0.0134  0.0196  0.0107  0.0172  0.0156  0.0120  0.0171
SIM18  0.0078  0.0138  0.0106  0.0136  0.0216  0.0059  0.0125  0.0093  0.0248  0.0168  0.0256  0.0159  0.0125  0.0058  0.0122  0.0173  0.0090  1.0000  0.0075  0.0125  0.0178  0.0184  0.0171  0.0120  0.0093  0.0121  0.0189  0.0058  0.0057  0.0164  0.0193  0.0202  0.0106  0.0042  0.0110  0.0110  0.0227  0.0091  0.0166  0.0168  0.0221  0.0091  0.0156  0.0182  0.0196  0.0157  0.0090  0.0058  0.0185  0.0139
SIM19  0.0079  0.0157  0.0191  0.0073  0.0138  0.0110  0.0076  0.0179  0.0079  0.0073  0.0143  0.0195  0.0211  0.0144  0.0156  0.0176  0.0274  0.0075  1.0000  0.0126  0.0129  0.0089  0.0206  0.0203  0.0128  0.0156  0.0125  0.0192  0.0042  0.0131  0.0128  0.0057  0.0125  0.0145  0.0147  0.0163  0.0094  0.0160  0.0056  0.0122  0.0091  0.0109  0.0192  0.0185  0.0147  0.0160  0.0208  0.0125  0.0073  0.0174
SIM20  0.0183  0.0107  0.0124  0.0202  0.0057  0.0195  0.0160  0.0145  0.0165  0.0170  0.0176  0.0093  0.0109  0.0177  0.0090  0.0125  0.0108  0.0125  0.0126  1.0000  0.0248  0.0202  0.0091  0.0187  0.0179  0.0090  0.0158  0.0125  0.0191  0.0183  0.0111  0.0106  0.0224  0.0281  0.0112  0.0180  0.0213  0.0160  0.0200  0.0089  0.0108  0.0092  0.0191  0.0136  0.0130  0.0126  0.0075  0.0108  0.0090  0.0141
SIM21  0.0151  0.0143  0.0211  0.0239  0.0207  0.0112  0.0231  0.0165  0.0080  0.0190  0.0162  0.0164  0.0163  0.0112  0.0059  0.0230  0.0228  0.0178  0.0129  0.0248  1.0000  0.0074  0.0143  0.0190  0.0131  0.0059  0.0195  0.0077  0.0127  0.0204  0.0078  0.0208  0.0110  0.0130  0.0114  0.0148  0.0148  0.0060  0.0122  0.0190  0.0228  0.0128  0.0195  0.0155  0.0185  0.0179  0.0178  0.0043  0.0174  0.0127
SIM22  0.0126  0.0119  0.0120  0.0211  0.0117  0.0171  0.0137  0.0172  0.0108  0.0273  0.0105  0.0203  0.0170  0.0154  0.0166  0.0072  0.0055  0.0184  0.0089  0.0202  0.0074  1.0000  0.0135  0.0164  0.0025  0.0261  0.0056  0.0104  0.0088  0.0260  0.0221  0.0181  0.0152  0.0156  0.0091  0.0091  0.0139  0.0203  0.0161  0.0101  0.0151  0.0121  0.0120  0.0131  0.0158  0.0105  0.0168  0.0265  0.0165  0.0199
SIM23  0.0077  0.0121  0.0122  0.0198  0.0135  0.0207  0.0173  0.0125  0.0144  0.0119  0.0090  0.0157  0.0107  0.0141  0.0169  0.0123  0.0187  0.0171  0.0206  0.0091  0.0143  0.0135  1.0000  0.0055  0.0092  0.0120  0.0155  0.0122  0.0106  0.0231  0.0158  0.0184  0.0268  0.0075  0.0127  0.0176  0.0059  0.0173  0.0212  0.0167  0.0138  0.0255  0.0155  0.0133  0.0178  0.0173  0.0155  0.0139  0.0168  0.0203
SIM24  0.0127  0.0119  0.0216  0.0133  0.0212  0.0155  0.0187  0.0222  0.0109  0.0164  0.0105  0.0188  0.0203  0.0090  0.0167  0.0202  0.0168  0.0120  0.0203  0.0187  0.0190  0.0164  0.0055  1.0000  0.0190  0.0134  0.0088  0.0072  0.0072  0.0127  0.0123  0.0182  0.0072  0.0140  0.0075  0.0124  0.0206  0.0089  0.0178  0.0133  0.0168  0.0154  0.0120  0.0287  0.0075  0.0235  0.0169  0.0088  0.0134  0.0184
SIM25  0.0133  0.0109  0.0093  0.0107  0.0140  0.0232  0.0162  0.0182  0.0080  0.0189  0.0128  0.0129  0.0128  0.0129  0.0142  0.0178  0.0093  0.0093  0.0128  0.0179  0.0131  0.0025  0.0092  0.0190  1.0000  0.0125  0.0195  0.0110  0.0228  0.0063  0.0026  0.0158  0.0160  0.0130  0.0166  0.0165  0.0182  0.0043  0.0105  0.0172  0.0193  0.0128  0.0177  0.0122  0.0114  0.0094  0.0228  0.0161  0.0124  0.0126
