*********************************************************************
* LD Score Regression (LDSC)
* Version 1.0.1
* (C) 2014-2019 Brendan Bulik-Sullivan and Hilary Finucane
* Broad Institute of MIT and Harvard / MIT Department of Mathematics
* GNU General Public License v3
*********************************************************************
Call: 
./ldsc.py \
--out /data/sbcs/GuoLab/backup/liq17/CRC_TF_TWAS_zhishan2024/NC_revision_OceanCode/v2_NC_revision//84Tracks//ldscores_sim10000//5 \
--bfile /data/sbcs/GuoLab/backup/liq17/ref/Alkesgroup/1000G_EUR_Phase3_plink_hg38/1000G.EUR.QC.5 \
--annot /data/sbcs/GuoLab/backup/liq17/CRC_TF_TWAS_zhishan2024/NC_revision_OceanCode/v2_NC_revision//84Tracks//annots_sim10000//5.annot.txt \
--l2  \
--ld-wind-kb 100.0 

Beginning analysis at Sun Oct 26 22:29:47 2025
Read list of 632996 SNPs from /data/sbcs/GuoLab/backup/liq17/ref/Alkesgroup/1000G_EUR_Phase3_plink_hg38/1000G.EUR.QC.5.bim
Read 50 annotations for 632996 SNPs from /data/sbcs/GuoLab/backup/liq17/CRC_TF_TWAS_zhishan2024/NC_revision_OceanCode/v2_NC_revision//84Tracks//annots_sim10000//5.annot.txt
Read list of 489 individuals from /data/sbcs/GuoLab/backup/liq17/ref/Alkesgroup/1000G_EUR_Phase3_plink_hg38/1000G.EUR.QC.5.fam
Reading genotypes from /data/sbcs/GuoLab/backup/liq17/ref/Alkesgroup/1000G_EUR_Phase3_plink_hg38/1000G.EUR.QC.5.bed
Estimating LD Score.
Writing LD Scores for 632996 SNPs to /data/sbcs/GuoLab/backup/liq17/CRC_TF_TWAS_zhishan2024/NC_revision_OceanCode/v2_NC_revision//84Tracks//ldscores_sim10000//5.l2.ldscore.gz

Summary of LD Scores in /data/sbcs/GuoLab/backup/liq17/CRC_TF_TWAS_zhishan2024/NC_revision_OceanCode/v2_NC_revision//84Tracks//ldscores_sim10000//5.l2.ldscore.gz
         MAF  SIM1L2  SIM2L2  SIM3L2  SIM4L2  SIM5L2  SIM6L2  SIM7L2  SIM8L2  SIM9L2  SIM10L2  SIM11L2  SIM12L2  SIM13L2  SIM14L2  SIM15L2  SIM16L2  SIM17L2  SIM18L2  SIM19L2  SIM20L2  SIM21L2  SIM22L2  SIM23L2  SIM24L2  SIM25L2  SIM26L2  SIM27L2  SIM28L2  SIM29L2  SIM30L2  SIM31L2  SIM32L2  SIM33L2  SIM34L2  SIM35L2  SIM36L2  SIM37L2  SIM38L2  SIM39L2  SIM40L2  SIM41L2  SIM42L2  SIM43L2  SIM44L2  SIM45L2  SIM46L2  SIM47L2  SIM48L2  SIM49L2  SIM50L2
mean  0.1479  0.0492  0.0575  0.0503  0.0516  0.0565  0.0506  0.0529  0.0502  0.0495   0.0468   0.0512   0.0518   0.0471   0.0546   0.0555   0.0520   0.0577   0.0552   0.0503   0.0508   0.0556   0.0553   0.0528   0.0510   0.0529   0.0503   0.0515   0.0568   0.0538   0.0518   0.0559   0.0494   0.0474   0.0537   0.0535   0.0538   0.0518   0.0525   0.0505   0.0541   0.0560   0.0514   0.0558   0.0458   0.0605   0.0464   0.0525   0.0551   0.0499   0.0511
std   0.1489  0.1826  0.1943  0.1801  0.1858  0.1994  0.1828  0.1839  0.1750  0.1833   0.1671   0.1828   0.1811   0.1703   0.1923   0.1939   0.1916   0.2002   0.1948   0.1813   0.1744   0.1935   0.1898   0.1856   0.1921   0.1886   0.1782   0.1811   0.2002   0.1878   0.1878   0.1971   0.1802   0.1772   0.1885   0.1813   0.1908   0.1766   0.1852   0.1802   0.1871   0.1866   0.1806   0.1892   0.1702   0.2060   0.1726   0.1881   0.1968   0.1734   0.1763
min   0.0051 -0.0099 -0.0107 -0.0081 -0.0106 -0.0169 -0.0123 -0.0141 -0.0126 -0.0116  -0.0095  -0.0087  -0.0101  -0.0120  -0.0096  -0.0100  -0.0123  -0.0106  -0.0109  -0.0111  -0.0104  -0.0131  -0.0096  -0.0094  -0.0109  -0.0091  -0.0122  -0.0110  -0.0112  -0.0112  -0.0157  -0.0130  -0.0098  -0.0104  -0.0100  -0.0113  -0.0115  -0.0112  -0.0093  -0.0095  -0.0103  -0.0093  -0.0116  -0.0116  -0.0093  -0.0126  -0.0111  -0.0125  -0.0121  -0.0103  -0.0115
25%   0.0184  0.0000  0.0000  0.0000  0.0000  0.0000  0.0000  0.0000  0.0000  0.0000   0.0000   0.0000   0.0000   0.0000   0.0000   0.0000   0.0000   0.0000   0.0000   0.0000   0.0000   0.0000   0.0000   0.0000   0.0000   0.0000   0.0000   0.0000   0.0000   0.0000   0.0000   0.0000   0.0000   0.0000   0.0000   0.0000   0.0000   0.0000   0.0000   0.0000   0.0000   0.0000   0.0000   0.0000   0.0000   0.0000   0.0000   0.0000   0.0000   0.0000   0.0000
50%   0.0869  0.0000  0.0000  0.0000  0.0000  0.0000  0.0000  0.0000  0.0000  0.0000   0.0000   0.0000   0.0000   0.0000   0.0000   0.0000   0.0000   0.0000   0.0000   0.0000   0.0000   0.0000   0.0000   0.0000   0.0000   0.0000   0.0000   0.0000   0.0000   0.0000   0.0000   0.0000   0.0000   0.0000   0.0000   0.0000   0.0000   0.0000   0.0000   0.0000   0.0000   0.0000   0.0000   0.0000   0.0000   0.0000   0.0000   0.0000   0.0000   0.0000   0.0000
75%   0.2577  0.0053  0.0083  0.0056  0.0050  0.0073  0.0047  0.0064  0.0063  0.0047   0.0054   0.0061   0.0068   0.0054   0.0061   0.0082   0.0052   0.0050   0.0065   0.0062   0.0062   0.0072   0.0076   0.0064   0.0050   0.0072   0.0057   0.0060   0.0085   0.0068   0.0047   0.0076   0.0051   0.0042   0.0068   0.0070   0.0078   0.0075   0.0055   0.0047   0.0067   0.0081   0.0057   0.0077   0.0052   0.0087   0.0043   0.0055   0.0069   0.0053   0.0074
max   0.5000  3.1199  2.2697  2.4222  2.8061  3.7159  2.4093  2.0000  2.2640  3.0000   1.9695   2.9277   2.3592   1.9994   2.5288   3.0641   2.9704   2.0670   3.0000   2.7786   2.2126   2.2596   2.3511   3.2199   2.3555   3.0464   2.0000   2.9222   2.8601   2.0751   2.6011   2.9992   2.1973   2.0414   2.3856   2.0914   2.9492   2.0000   2.0583   3.0334   2.5708   2.1341   2.4991   2.5445   2.6335   2.9690   2.9205   2.8096   2.7087   2.3240   2.0101

MAF/LD Score Correlation Matrix
            MAF  SIM1L2  SIM2L2  SIM3L2  SIM4L2  SIM5L2  SIM6L2  SIM7L2  SIM8L2  SIM9L2  SIM10L2  SIM11L2  SIM12L2  SIM13L2  SIM14L2  SIM15L2  SIM16L2  SIM17L2  SIM18L2  SIM19L2  SIM20L2  SIM21L2  SIM22L2  SIM23L2  SIM24L2  SIM25L2  SIM26L2  SIM27L2  SIM28L2  SIM29L2  SIM30L2  SIM31L2  SIM32L2  SIM33L2  SIM34L2  SIM35L2  SIM36L2  SIM37L2  SIM38L2  SIM39L2  SIM40L2  SIM41L2  SIM42L2  SIM43L2  SIM44L2  SIM45L2  SIM46L2  SIM47L2  SIM48L2  SIM49L2  SIM50L2
MAF      1.0000  0.1349  0.1229  0.1115  0.1106  0.1106  0.0962  0.0982  0.1347  0.1007   0.1201   0.1132   0.1231   0.1007   0.1172   0.1320   0.1228   0.1136   0.1092   0.1241   0.1376   0.1458   0.1309   0.1240   0.1108   0.1346   0.1308   0.1255   0.1488   0.1088   0.1067   0.1256   0.1272   0.1140   0.0942   0.1198   0.1408   0.1115   0.1220   0.1121   0.1346   0.1182   0.1138   0.1210   0.1109   0.1207   0.0951   0.1115   0.0978   0.1304   0.1139
SIM1L2   0.1349  1.0000  0.1867  0.1324  0.1222  0.1315  0.1127  0.1224  0.0662  0.1955   0.1063   0.1297   0.1488   0.1354   0.1654   0.1892   0.1606   0.1862   0.0924   0.1288   0.1183   0.1325   0.1409   0.1485   0.1950   0.1349   0.1811   0.1589   0.2243   0.1078   0.1397   0.1193   0.1549   0.1537   0.1150   0.1580   0.1990   0.1306   0.1406   0.1811   0.1547   0.1430   0.1362   0.1081   0.1225   0.1706   0.1972   0.1778   0.1981   0.0590   0.1281
SIM2L2   0.1229  0.1867  1.0000  0.1390  0.0625  0.1465  0.1847  0.1132  0.1631  0.1435   0.1311   0.1472   0.1385   0.1252   0.0969   0.1329   0.1710   0.1749   0.2007   0.1058   0.1145   0.1392   0.0871   0.1059   0.2019   0.1318   0.1614   0.1726   0.1082   0.1623   0.1766   0.1321   0.1216   0.1366   0.1455   0.1304   0.1739   0.0912   0.1427   0.1842   0.1166   0.1417   0.1562   0.1100   0.0783   0.1619   0.1725   0.2186   0.1830   0.1075   0.1100
SIM3L2   0.1115  0.1324  0.1390  1.0000  0.0862  0.1011  0.0887  0.1192  0.1584  0.0842   0.1265   0.0923   0.0648   0.0983   0.1151   0.1103   0.0663   0.1406   0.1421   0.0924   0.1140   0.1220   0.1011   0.1173   0.1260   0.1095   0.0904   0.1018   0.1090   0.1447   0.1371   0.1222   0.1592   0.1280   0.1069   0.0657   0.0774   0.0887   0.0827   0.0831   0.0832   0.0612   0.1313   0.1243   0.1052   0.1498   0.1145   0.1362   0.0825   0.1100   0.0900
SIM4L2   0.1106  0.1222  0.0625  0.0862  1.0000  0.0900  0.0910  0.0869  0.0956  0.1071   0.0813   0.1341   0.1224   0.1296   0.1349   0.0836   0.1177   0.1418   0.1078   0.0888   0.0801   0.0712   0.0851   0.1047   0.1236   0.0548   0.1031   0.1108   0.1115   0.1056   0.1165   0.0636   0.1420   0.0965   0.0887   0.1083   0.0941   0.1031   0.0798   0.0805   0.1196   0.0876   0.0708   0.1405   0.1151   0.1167   0.1063   0.0945   0.0893   0.0747   0.1159
SIM5L2   0.1106  0.1315  0.1465  0.1011  0.0900  1.0000  0.1148  0.0799  0.1477  0.1046   0.0997   0.1660   0.1419   0.1586   0.1395   0.1500   0.1133   0.1666   0.1195   0.1392   0.1236   0.1403   0.1503   0.1662   0.1057   0.1606   0.1658   0.1025   0.1945   0.1214   0.1034   0.1937   0.1365   0.1002   0.1129   0.1394   0.1059   0.1301   0.1324   0.0924   0.1235   0.1053   0.1127   0.1713   0.1529   0.1493   0.1387   0.1066   0.1600   0.1220   0.0816
SIM6L2   0.0962  0.1127  0.1847  0.0887  0.0910  0.1148  1.0000  0.1535  0.1177  0.1226   0.0545   0.1129   0.1355   0.0776   0.0646   0.1075   0.1429   0.1422   0.1549   0.0976   0.1516   0.1282   0.1363   0.0833   0.1508   0.1156   0.0978   0.1078   0.0655   0.0913   0.1154   0.1089   0.0982   0.1347   0.1544   0.0789   0.2224   0.1257   0.1367   0.0831   0.1217   0.1303   0.2094   0.0979   0.1115   0.1122   0.1097   0.1601   0.1360   0.0801   0.1241
SIM7L2   0.0982  0.1224  0.1132  0.1192  0.0869  0.0799  0.1535  1.0000  0.0778  0.0748   0.0788   0.1048   0.1282   0.0855   0.0955   0.0915   0.1190   0.1210   0.0914   0.1231   0.1501   0.1044   0.0941   0.1351   0.1766   0.1192   0.1217   0.1227   0.0623   0.1556   0.1323   0.1576   0.1103   0.1584   0.1224   0.0851   0.1294   0.0957   0.1345   0.0859   0.1207   0.1487   0.1479   0.1300   0.1083   0.1070   0.1144   0.1549   0.0904   0.1230   0.1063
SIM8L2   0.1347  0.0662  0.1631  0.1584  0.0956  0.1477  0.1177  0.0778  1.0000  0.0678   0.1320   0.1168   0.0795   0.1050   0.1372   0.0801   0.0904   0.1125   0.1078   0.1145   0.0919   0.0745   0.1398   0.0875   0.1142   0.1270   0.1076   0.0971   0.1026   0.1346   0.0887   0.1190   0.0944   0.1021   0.1150   0.0767   0.0945   0.1346   0.0950   0.0976   0.1145   0.1025   0.1130   0.0894   0.0915   0.1294   0.1062   0.1302   0.1173   0.0689   0.0861
SIM9L2   0.1007  0.1955  0.1435  0.0842  0.1071  0.1046  0.1226  0.0748  0.0678  1.0000   0.0760   0.0975   0.1128   0.1217   0.1148   0.1320   0.1101   0.1400   0.0724   0.0835   0.1056   0.0850   0.1132   0.0652   0.1071   0.1204   0.1220   0.1659   0.1072   0.1022   0.1182   0.0934   0.1364   0.1503   0.1300   0.1004   0.1712   0.1346   0.1315   0.1045   0.1162   0.1274   0.1143   0.0784   0.0782   0.1575   0.1042   0.1803   0.1722   0.0759   0.0999
SIM10L2  0.1201  0.1063  0.1311  0.1265  0.0813  0.0997  0.0545  0.0788  0.1320  0.0760   1.0000   0.1264   0.0923   0.0913   0.1447   0.1268   0.1155   0.1488   0.0921   0.1563   0.0796   0.0725   0.1108   0.1178   0.1172   0.0993   0.0967   0.1022   0.1139   0.1862   0.0849   0.1194   0.1043   0.1173   0.1055   0.0999   0.1154   0.0998   0.1085   0.1471   0.0944   0.1155   0.1232   0.1344   0.0851   0.1161   0.1328   0.1144   0.1073   0.0702   0.0982
SIM11L2  0.1132  0.1297  0.1472  0.0923  0.1341  0.1660  0.1129  0.1048  0.1168  0.0975   0.1264   1.0000   0.1010   0.1601   0.1222   0.1789   0.1598   0.2169   0.0707   0.1552   0.1303   0.0997   0.1053   0.1399   0.1671   0.1044   0.1207   0.1641   0.1017   0.1201   0.1598   0.1314   0.0992   0.1821   0.0611   0.1123   0.1727   0.1592   0.1584   0.1221   0.1353   0.1166   0.1524   0.1209   0.1330   0.1328   0.1494   0.1862   0.1491   0.1504   0.0945
SIM12L2  0.1231  0.1488  0.1385  0.0648  0.1224  0.1419  0.1355  0.1282  0.0795  0.1128   0.0923   0.1010   1.0000   0.1172   0.1285   0.1228   0.1140   0.1577   0.1211   0.1367   0.0915   0.1087   0.1358   0.1399   0.1632   0.1122   0.1443   0.0829   0.1130   0.1379   0.1227   0.1613   0.1059   0.0738   0.0742   0.1614   0.1457   0.0888   0.1649   0.1035   0.0787   0.1399   0.1345   0.1028   0.0770   0.1205   0.1466   0.0993   0.0959   0.0919   0.0921
SIM13L2  0.1007  0.1354  0.1252  0.0983  0.1296  0.1586  0.0776  0.0855  0.1050  0.1217   0.0913   0.1601   0.1172   1.0000   0.1758   0.1365   0.1601   0.1529   0.0902   0.1113   0.1072   0.0797   0.0728   0.1240   0.1339   0.1208   0.0999   0.1032   0.1041   0.1221   0.0961   0.1596   0.0864   0.0903   0.1095   0.1154   0.1037   0.1212   0.0862   0.0959   0.1192   0.1415   0.1065   0.1578   0.0834   0.0983   0.2142   0.1125   0.1524   0.0794   0.1086
SIM14L2  0.1172  0.1654  0.0969  0.1151  0.1349  0.1395  0.0646  0.0955  0.1372  0.1148   0.1447   0.1222   0.1285   0.1758   1.0000   0.1748   0.1475   0.1309   0.1590   0.1584   0.1200   0.1522   0.1586   0.1672   0.1103   0.1371   0.1607   0.1041   0.1954   0.1576   0.1033   0.1818   0.1848   0.1727   0.1357   0.1329   0.0881   0.1381   0.1418   0.1062   0.1581   0.1403   0.1365   0.1479   0.1486   0.1327   0.1335   0.1606   0.1063   0.1077   0.1163
SIM15L2  0.1320  0.1892  0.1329  0.1103  0.0836  0.1500  0.1075  0.0915  0.0801  0.1320   0.1268   0.1789   0.1228   0.1365   0.1748   1.0000   0.1768   0.1599   0.1173   0.1483   0.1313   0.1981   0.1553   0.1298   0.1982   0.1238   0.1653   0.1760   0.2000   0.1528   0.1709   0.1574   0.1296   0.1431   0.1565   0.1730   0.2007   0.1303   0.1856   0.1513   0.1775   0.1475   0.1424   0.1220   0.1165   0.1876   0.1337   0.1818   0.1932   0.1151   0.1223
SIM16L2  0.1228  0.1606  0.1710  0.0663  0.1177  0.1133  0.1429  0.1190  0.0904  0.1101   0.1155   0.1598   0.1140   0.1601   0.1475   0.1768   1.0000   0.1673   0.1137   0.1462   0.1590   0.1012   0.0772   0.2243   0.1504   0.1316   0.2025   0.1477   0.1401   0.1512   0.1617   0.1326   0.0893   0.1782   0.1399   0.0749   0.1909   0.1620   0.1091   0.1420   0.1011   0.1370   0.1188   0.1187   0.0986   0.1140   0.1959   0.1400   0.1969   0.0935   0.1380
SIM17L2  0.1136  0.1862  0.1749  0.1406  0.1418  0.1666  0.1422  0.1210  0.1125  0.1400   0.1488   0.2169   0.1577   0.1529   0.1309   0.1599   0.1673   1.0000   0.1179   0.1599   0.1409   0.1183   0.0860   0.1658   0.1966   0.1548   0.1380   0.1937   0.1619   0.1610   0.1746   0.1479   0.1641   0.1911   0.1151   0.1211   0.2092   0.1833   0.1500   0.1055   0.1320   0.1667   0.1447   0.1327   0.1516   0.1747   0.1858   0.1984   0.1780   0.1333   0.1283
SIM18L2  0.1092  0.0924  0.2007  0.1421  0.1078  0.1195  0.1549  0.0914  0.1078  0.0724   0.0921   0.0707   0.1211   0.0902   0.1590   0.1173   0.1137   0.1179   1.0000   0.1208   0.1570   0.1236   0.1372   0.1376   0.1515   0.1569   0.1605   0.1180   0.1374   0.1429   0.1502   0.1478   0.1044   0.0976   0.1489   0.1298   0.1016   0.1536   0.1044   0.1432   0.1063   0.1240   0.1413   0.1088   0.1251   0.1258   0.0976   0.1192   0.1131   0.1260   0.1292
SIM19L2  0.1241  0.1288  0.1058  0.0924  0.0888  0.1392  0.0976  0.1231  0.1145  0.0835   0.1563   0.1552   0.1367   0.1113   0.1584   0.1483   0.1462   0.1599   0.1208   1.0000   0.0948   0.1025   0.1062   0.1371   0.0988   0.0880   0.1561   0.1051   0.1158   0.1870   0.0985   0.1280   0.0913   0.1309   0.1344   0.1149   0.1287   0.1378   0.0950   0.1030   0.1126   0.1534   0.1387   0.1642   0.0983   0.1044   0.1679   0.0993   0.1208   0.0957   0.1215
SIM20L2  0.1376  0.1183  0.1145  0.1140  0.0801  0.1236  0.1516  0.1501  0.0919  0.1056   0.0796   0.1303   0.0915   0.1072   0.1200   0.1313   0.1590   0.1409   0.1570   0.0948   1.0000   0.0725   0.1068   0.1706   0.1112   0.1248   0.1558   0.1253   0.1264   0.1242   0.1393   0.1532   0.0915   0.1504   0.1367   0.0926   0.1236   0.1826   0.1512   0.1006   0.1351   0.0985   0.1400   0.0859   0.1525   0.1439   0.1271   0.1278   0.1279   0.1049   0.1357
SIM21L2  0.1458  0.1325  0.1392  0.1220  0.0712  0.1403  0.1282  0.1044  0.0745  0.0850   0.0725   0.0997   0.1087   0.0797   0.1522   0.1981   0.1012   0.1183   0.1236   0.1025   0.0725   1.0000   0.1144   0.1325   0.1269   0.1477   0.1004   0.0572   0.1827   0.0720   0.1077   0.1439   0.1570   0.0888   0.0822   0.1417   0.1099   0.1385   0.0840   0.0738   0.1181   0.0873   0.1245   0.1137   0.0948   0.1188   0.0786   0.1033   0.1232   0.1600   0.1012
SIM22L2  0.1309  0.1409  0.0871  0.1011  0.0851  0.1503  0.1363  0.0941  0.1398  0.1132   0.1108   0.1053   0.1358   0.0728   0.1586   0.1553   0.0772   0.0860   0.1372   0.1062   0.1068   0.1144   1.0000   0.0794   0.0871   0.1581   0.1335   0.1030   0.1543   0.1389   0.0986   0.2034   0.1551   0.1384   0.1316   0.1378   0.1402   0.1214   0.1291   0.0542   0.1364   0.0987   0.1357   0.0722   0.0686   0.1119   0.0413   0.1327   0.1399   0.1135   0.1303
SIM23L2  0.1240  0.1485  0.1059  0.1173  0.1047  0.1662  0.0833  0.1351  0.0875  0.0652   0.1178   0.1399   0.1399   0.1240   0.1672   0.1298   0.2243   0.1658   0.1376   0.1371   0.1706   0.1325   0.0794   1.0000   0.1182   0.0880   0.1214   0.1214   0.2294   0.1446   0.1731   0.1540   0.0958   0.1059   0.0910   0.1150   0.1606   0.1986   0.0903   0.1596   0.1173   0.1215   0.0864   0.1654   0.1198   0.1061   0.1502   0.1108   0.1341   0.1171   0.1008
SIM24L2  0.1108  0.1950  0.2019  0.1260  0.1236  0.1057  0.1508  0.1766  0.1142  0.1071   0.1172   0.1671   0.1632   0.1339   0.1103   0.1982   0.1504   0.1966   0.1515   0.0988   0.1112   0.1269   0.0871   0.1182   1.0000   0.1488   0.1264   0.2068   0.1006   0.1624   0.1464   0.1860   0.0939   0.1796   0.1585   0.1407   0.1780   0.1346   0.1827   0.1561   0.1308   0.1557   0.1817   0.1139   0.0489   0.1481   0.1616   0.1579   0.1513   0.0681   0.1062
SIM25L2  0.1346  0.1349  0.1318  0.1095  0.0548  0.1606  0.1156  0.1192  0.1270  0.1204   0.0993   0.1044   0.1122   0.1208   0.1371   0.1238   0.1316   0.1548   0.1569   0.0880   0.1248   0.1477   0.1581   0.0880   0.1488   1.0000   0.0963   0.1642   0.1404   0.1199   0.1145   0.1214   0.1479   0.0938   0.1095   0.1268   0.1646   0.1666   0.1456   0.1073   0.1510   0.1126   0.1611   0.1291   0.0751   0.1693   0.1480   0.0880   0.1324   0.0739   0.1658
SIM26L2  0.1308  0.1811  0.1614  0.0904  0.1031  0.1658  0.0978  0.1217  0.1076  0.1220   0.0967   0.1207   0.1443   0.0999   0.1607   0.1653   0.2025   0.1380   0.1605   0.1561   0.1558   0.1004   0.1335   0.1214   0.1264   0.0963   1.0000   0.1211   0.1215   0.1391   0.1623   0.1519   0.1003   0.1495   0.1393   0.1404   0.1204   0.1142   0.1163   0.1713   0.1210   0.1156   0.1432   0.1237   0.1260   0.1749   0.1466   0.1162   0.1291   0.0998   0.1309
SIM27L2  0.1255  0.1589  0.1726  0.1018  0.1108  0.1025  0.1078  0.1227  0.0971  0.1659   0.1022   0.1641   0.0829   0.1032   0.1041   0.1760   0.1477   0.1937   0.1180   0.1051   0.1253   0.0572   0.1030   0.1214   0.2068   0.1642   0.1211   1.0000   0.1188   0.1351   0.1355   0.0745   0.0898   0.1479   0.1209   0.0698   0.1853   0.1605   0.1163   0.1759   0.1266   0.1416   0.1350   0.0751   0.1043   0.1646   0.1422   0.2142   0.1292   0.0738   0.0898
SIM28L2  0.1488  0.2243  0.1082  0.1090  0.1115  0.1945  0.0655  0.0623  0.1026  0.1072   0.1139   0.1017   0.1130   0.1041   0.1954   0.2000   0.1401   0.1619   0.1374   0.1158   0.1264   0.1827   0.1543   0.2294   0.1006   0.1404   0.1215   0.1188   1.0000   0.1274   0.1251   0.1447   0.1443   0.1035   0.0810   0.1509   0.1392   0.1326   0.1540   0.1257   0.1379   0.0942   0.1033   0.1555   0.1268   0.1340   0.0975   0.0901   0.1462   0.0887   0.1220
SIM29L2  0.1088  0.1078  0.1623  0.1447  0.1056  0.1214  0.0913  0.1556  0.1346  0.1022   0.1862   0.1201   0.1379   0.1221   0.1576   0.1528   0.1512   0.1610   0.1429   0.1870   0.1242   0.0720   0.1389   0.1446   0.1624   0.1199   0.1391   0.1351   0.1274   1.0000   0.1280   0.1210   0.1493   0.1757   0.1549   0.1414   0.1537   0.1040   0.1268   0.1382   0.1171   0.1202   0.1392   0.1279   0.1284   0.1709   0.1983   0.1828   0.1424   0.0940   0.1129
SIM30L2  0.1067  0.1397  0.1766  0.1371  0.1165  0.1034  0.1154  0.1323  0.0887  0.1182   0.0849   0.1598   0.1227   0.0961   0.1033   0.1709   0.1617   0.1746   0.1502   0.0985   0.1393   0.1077   0.0986   0.1731   0.1464   0.1145   0.1623   0.1355   0.1251   0.1280   1.0000   0.1255   0.0598   0.1531   0.1223   0.0776   0.1377   0.1792   0.1336   0.1140   0.1316   0.1124   0.1226   0.1042   0.1265   0.1548   0.1311   0.0966   0.1385   0.1206   0.1154
SIM31L2  0.1256  0.1193  0.1321  0.1222  0.0636  0.1937  0.1089  0.1576  0.1190  0.0934   0.1194   0.1314   0.1613   0.1596   0.1818   0.1574   0.1326   0.1479   0.1478   0.1280   0.1532   0.1439   0.2034   0.1540   0.1860   0.1214   0.1519   0.0745   0.1447   0.1210   0.1255   1.0000   0.1619   0.1182   0.1058   0.1828   0.1063   0.1399   0.1113   0.0951   0.1562   0.1656   0.1565   0.1569   0.1091   0.1387   0.1114   0.1521   0.1733   0.1663   0.0917
SIM32L2  0.1272  0.1549  0.1216  0.1592  0.1420  0.1365  0.0982  0.1103  0.0944  0.1364   0.1043   0.0992   0.1059   0.0864   0.1848   0.1296   0.0893   0.1641   0.1044   0.0913   0.0915   0.1570   0.1551   0.0958   0.0939   0.1479   0.1003   0.0898   0.1443   0.1493   0.0598   0.1619   1.0000   0.1316   0.1093   0.1153   0.1265   0.1275   0.1135   0.0817   0.0993   0.1170   0.1110   0.1274   0.0757   0.1309   0.0847   0.1094   0.0859   0.0967   0.1412
SIM33L2  0.1140  0.1537  0.1366  0.1280  0.0965  0.1002  0.1347  0.1584  0.1021  0.1503   0.1173   0.1821   0.0738   0.0903   0.1727   0.1431   0.1782   0.1911   0.0976   0.1309   0.1504   0.0888   0.1384   0.1059   0.1796   0.0938   0.1495   0.1479   0.1035   0.1757   0.1531   0.1182   0.1316   1.0000   0.1487   0.0832   0.1650   0.1546   0.0879   0.1237   0.0847   0.1240   0.1506   0.0805   0.1333   0.1592   0.1412   0.2089   0.1328   0.1199   0.0839
SIM34L2  0.0942  0.1150  0.1455  0.1069  0.0887  0.1129  0.1544  0.1224  0.1150  0.1300   0.1055   0.0611   0.0742   0.1095   0.1357   0.1565   0.1399   0.1151   0.1489   0.1344   0.1367   0.0822   0.1316   0.0910   0.1585   0.1095   0.1393   0.1209   0.0810   0.1549   0.1223   0.1058   0.1093   0.1487   1.0000   0.0906   0.1547   0.1412   0.1288   0.1041   0.1255   0.1465   0.1707   0.1445   0.0715   0.1384   0.1025   0.1383   0.1595   0.1000   0.0819
SIM35L2  0.1198  0.1580  0.1304  0.0657  0.1083  0.1394  0.0789  0.0851  0.0767  0.1004   0.0999   0.1123   0.1614   0.1154   0.1329   0.1730   0.0749   0.1211   0.1298   0.1149   0.0926   0.1417   0.1378   0.1150   0.1407   0.1268   0.1404   0.0698   0.1509   0.1414   0.0776   0.1828   0.1153   0.0832   0.0906   1.0000   0.0963   0.1088   0.1343   0.1173   0.1036   0.1198   0.1092   0.0948   0.0890   0.1260   0.1008   0.0913   0.1615   0.1120   0.1141
SIM36L2  0.1408  0.1990  0.1739  0.0774  0.0941  0.1059  0.2224  0.1294  0.0945  0.1712   0.1154   0.1727   0.1457   0.1037   0.0881   0.2007   0.1909   0.2092   0.1016   0.1287   0.1236   0.1099   0.1402   0.1606   0.1780   0.1646   0.1204   0.1853   0.1392   0.1537   0.1377   0.1063   0.1265   0.1650   0.1547   0.0963   1.0000   0.1208   0.1242   0.1473   0.1442   0.1530   0.1552   0.0959   0.1048   0.2035   0.1259   0.2013   0.1288   0.1161   0.1090
SIM37L2  0.1115  0.1306  0.0912  0.0887  0.1031  0.1301  0.1257  0.0957  0.1346  0.1346   0.0998   0.1592   0.0888   0.1212   0.1381   0.1303   0.1620   0.1833   0.1536   0.1378   0.1826   0.1385   0.1214   0.1986   0.1346   0.1666   0.1142   0.1605   0.1326   0.1040   0.1792   0.1399   0.1275   0.1546   0.1412   0.1088   0.1208   1.0000   0.1151   0.1065   0.1765   0.0997   0.1541   0.1170   0.1286   0.1010   0.1569   0.1118   0.1330   0.0706   0.1005
SIM38L2  0.1220  0.1406  0.1427  0.0827  0.0798  0.1324  0.1367  0.1345  0.0950  0.1315   0.1085   0.1584   0.1649   0.0862   0.1418   0.1856   0.1091   0.1500   0.1044   0.0950   0.1512   0.0840   0.1291   0.0903   0.1827   0.1456   0.1163   0.1163   0.1540   0.1268   0.1336   0.1113   0.1135   0.0879   0.1288   0.1343   0.1242   0.1151   1.0000   0.1120   0.1548   0.0862   0.1138   0.1033   0.1221   0.1430   0.0885   0.1291   0.1345   0.0668   0.0922
SIM39L2  0.1121  0.1811  0.1842  0.0831  0.0805  0.0924  0.0831  0.0859  0.0976  0.1045   0.1471   0.1221   0.1035   0.0959   0.1062   0.1513   0.1420   0.1055   0.1432   0.1030   0.1006   0.0738   0.0542   0.1596   0.1561   0.1073   0.1713   0.1759   0.1257   0.1382   0.1140   0.0951   0.0817   0.1237   0.1041   0.1173   0.1473   0.1065   0.1120   1.0000   0.1161   0.1656   0.1496   0.0815   0.1106   0.1419   0.1682   0.1524   0.1607   0.0845   0.0945
SIM40L2  0.1346  0.1547  0.1166  0.0832  0.1196  0.1235  0.1217  0.1207  0.1145  0.1162   0.0944   0.1353   0.0787   0.1192   0.1581   0.1775   0.1011   0.1320   0.1063   0.1126   0.1351   0.1181   0.1364   0.1173   0.1308   0.1510   0.1210   0.1266   0.1379   0.1171   0.1316   0.1562   0.0993   0.0847   0.1255   0.1036   0.1442   0.1765   0.1548   0.1161   1.0000   0.0963   0.1373   0.0961   0.0813   0.1607   0.1604   0.1163   0.1421   0.0632   0.0884
SIM41L2  0.1182  0.1430  0.1417  0.0612  0.0876  0.1053  0.1303  0.1487  0.1025  0.1274   0.1155   0.1166   0.1399   0.1415   0.1403   0.1475   0.1370   0.1667   0.1240   0.1534   0.0985   0.0873   0.0987   0.1215   0.1557   0.1126   0.1156   0.1416   0.0942   0.1202   0.1124   0.1656   0.1170   0.1240   0.1465   0.1198   0.1530   0.0997   0.0862   0.1656   0.0963   1.0000   0.1514   0.1168   0.0642   0.1201   0.1369   0.1651   0.1210   0.1200   0.1064
SIM42L2  0.1138  0.1362  0.1562  0.1313  0.0708  0.1127  0.2094  0.1479  0.1130  0.1143   0.1232   0.1524   0.1345   0.1065   0.1365   0.1424   0.1188   0.1447   0.1413   0.1387   0.1400   0.1245   0.1357   0.0864   0.1817   0.1611   0.1432   0.1350   0.1033   0.1392   0.1226   0.1565   0.1110   0.1506   0.1707   0.1092   0.1552   0.1541   0.1138   0.1496   0.1373   0.1514   1.0000   0.0743   0.1067   0.1238   0.1017   0.1993   0.1504   0.1265   0.0938
SIM43L2  0.1210  0.1081  0.1100  0.1243  0.1405  0.1713  0.0979  0.1300  0.0894  0.0784   0.1344   0.1209   0.1028   0.1578   0.1479   0.1220   0.1187   0.1327   0.1088   0.1642   0.0859   0.1137   0.0722   0.1654   0.1139   0.1291   0.1237   0.0751   0.1555   0.1279   0.1042   0.1569   0.1274   0.0805   0.1445   0.0948   0.0959   0.1170   0.1033   0.0815   0.0961   0.1168   0.0743   1.0000   0.1086   0.1349   0.1322   0.0964   0.1342   0.0869   0.1036
SIM44L2  0.1109  0.1225  0.0783  0.1052  0.1151  0.1529  0.1115  0.1083  0.0915  0.0782   0.0851   0.1330   0.0770   0.0834   0.1486   0.1165   0.0986   0.1516   0.1251   0.0983   0.1525   0.0948   0.0686   0.1198   0.0489   0.0751   0.1260   0.1043   0.1268   0.1284   0.1265   0.1091   0.0757   0.1333   0.0715   0.0890   0.1048   0.1286   0.1221   0.1106   0.0813   0.0642   0.1067   0.1086   1.0000   0.1846   0.0837   0.1414   0.0832   0.1115   0.1106
SIM45L2  0.1207  0.1706  0.1619  0.1498  0.1167  0.1493  0.1122  0.1070  0.1294  0.1575   0.1161   0.1328   0.1205   0.0983   0.1327   0.1876   0.1140   0.1747   0.1258   0.1044   0.1439   0.1188   0.1119   0.1061   0.1481   0.1693   0.1749   0.1646   0.1340   0.1709   0.1548   0.1387   0.1309   0.1592   0.1384   0.1260   0.2035   0.1010   0.1430   0.1419   0.1607   0.1201   0.1238   0.1349   0.1846   1.0000   0.1456   0.2100   0.1695   0.1314   0.1135
SIM46L2  0.0951  0.1972  0.1725  0.1145  0.1063  0.1387  0.1097  0.1144  0.1062  0.1042   0.1328   0.1494   0.1466   0.2142   0.1335   0.1337   0.1959   0.1858   0.0976   0.1679   0.1271   0.0786   0.0413   0.1502   0.1616   0.1480   0.1466   0.1422   0.0975   0.1983   0.1311   0.1114   0.0847   0.1412   0.1025   0.1008   0.1259   0.1569   0.0885   0.1682   0.1604   0.1369   0.1017   0.1322   0.0837   0.1456   1.0000   0.1362   0.1617   0.0499   0.1180
SIM47L2  0.1115  0.1778  0.2186  0.1362  0.0945  0.1066  0.1601  0.1549  0.1302  0.1803   0.1144   0.1862   0.0993   0.1125   0.1606   0.1818   0.1400   0.1984   0.1192   0.0993   0.1278   0.1033   0.1327   0.1108   0.1579   0.0880   0.1162   0.2142   0.0901   0.1828   0.0966   0.1521   0.1094   0.2089   0.1383   0.0913   0.2013   0.1118   0.1291   0.1524   0.1163   0.1651   0.1993   0.0964   0.1414   0.2100   0.1362   1.0000   0.1225   0.1117   0.1052
SIM48L2  0.0978  0.1981  0.1830  0.0825  0.0893  0.1600  0.1360  0.0904  0.1173  0.1722   0.1073   0.1491   0.0959   0.1524   0.1063   0.1932   0.1969   0.1780   0.1131   0.1208   0.1279   0.1232   0.1399   0.1341   0.1513   0.1324   0.1291   0.1292   0.1462   0.1424   0.1385   0.1733   0.0859   0.1328   0.1595   0.1615   0.1288   0.1330   0.1345   0.1607   0.1421   0.1210   0.1504   0.1342   0.0832   0.1695   0.1617   0.1225   1.0000   0.1002   0.1045
SIM49L2  0.1304  0.0590  0.1075  0.1100  0.0747  0.1220  0.0801  0.1230  0.0689  0.0759   0.0702   0.1504   0.0919   0.0794   0.1077   0.1151   0.0935   0.1333   0.1260   0.0957   0.1049   0.1600   0.1135   0.1171   0.0681   0.0739   0.0998   0.0738   0.0887   0.0940   0.1206   0.1663   0.0967   0.1199   0.1000   0.1120   0.1161   0.0706   0.0668   0.0845   0.0632   0.1200   0.1265   0.0869   0.1115   0.1314   0.0499   0.1117   0.1002   1.0000   0.0776
SIM50L2  0.1139  0.1281  0.1100  0.0900  0.1159  0.0816  0.1241  0.1063  0.0861  0.0999   0.0982   0.0945   0.0921   0.1086   0.1163   0.1223   0.1380   0.1283   0.1292   0.1215   0.1357   0.1012   0.1303   0.1008   0.1062   0.1658   0.1309   0.0898   0.1220   0.1129   0.1154   0.0917   0.1412   0.0839   0.0819   0.1141   0.1090   0.1005   0.0922   0.0945   0.0884   0.1064   0.0938   0.1036   0.1106   0.1135   0.1180   0.1052   0.1045   0.0776   1.0000

LD Score Matrix Condition Number
4.3763

Annotation Correlation Matrix
         SIM1    SIM2    SIM3    SIM4    SIM5    SIM6    SIM7    SIM8    SIM9   SIM10   SIM11   SIM12   SIM13   SIM14   SIM15   SIM16   SIM17   SIM18   SIM19   SIM20   SIM21   SIM22   SIM23   SIM24   SIM25   SIM26   SIM27   SIM28   SIM29   SIM30   SIM31   SIM32   SIM33   SIM34   SIM35   SIM36   SIM37   SIM38   SIM39   SIM40   SIM41   SIM42   SIM43   SIM44   SIM45   SIM46   SIM47   SIM48   SIM49   SIM50
SIM1   1.0000  0.0122  0.0204  0.0107  0.0122  0.0127  0.0162  0.0089  0.0128  0.0167  0.0160  0.0220  0.0147  0.0067  0.0157  0.0126  0.0203  0.0084  0.0258  0.0204  0.0178  0.0159  0.0125  0.0108  0.0239  0.0167  0.0106  0.0139  0.0048  0.0242  0.0101  0.0086  0.0130  0.0142  0.0181  0.0181  0.0200  0.0147  0.0105  0.0392  0.0197  0.0180  0.0122  0.0166  0.0138  0.0168  0.0145  0.0084  0.0107  0.0066
SIM2   0.0122  1.0000  0.0103  0.0140  0.0224  0.0196  0.0119  0.0198  0.0216  0.0123  0.0100  0.0083  0.0122  0.0118  0.0133  0.0177  0.0139  0.0206  0.0211  0.0140  0.0189  0.0188  0.0286  0.0178  0.0120  0.0141  0.0120  0.0080  0.0082  0.0121  0.0220  0.0265  0.0106  0.0245  0.0119  0.0174  0.0119  0.0085  0.0156  0.0230  0.0135  0.0209  0.0099  0.0084  0.0115  0.0105  0.0175  0.0259  0.0159  0.0062
SIM3   0.0204  0.0103  1.0000  0.0050  0.0122  0.0108  0.0219  0.0206  0.0089  0.0246  0.0104  0.0125  0.0108  0.0218  0.0157  0.0069  0.0107  0.0140  0.0258  0.0166  0.0141  0.0196  0.0087  0.0166  0.0087  0.0128  0.0163  0.0120  0.0199  0.0127  0.0211  0.0162  0.0110  0.0198  0.0105  0.0106  0.0105  0.0166  0.0124  0.0144  0.0104  0.0105  0.0048  0.0127  0.0138  0.0169  0.0126  0.0047  0.0127  0.0140
SIM4   0.0107  0.0140  0.0050  1.0000  0.0103  0.0127  0.0181  0.0128  0.0127  0.0089  0.0123  0.0106  0.0108  0.0142  0.0138  0.0107  0.0145  0.0159  0.0163  0.0069  0.0178  0.0177  0.0144  0.0146  0.0220  0.0031  0.0144  0.0230  0.0123  0.0184  0.0083  0.0124  0.0150  0.0160  0.0143  0.0200  0.0048  0.0108  0.0143  0.0106  0.0160  0.0123  0.0122  0.0107  0.0083  0.0070  0.0163  0.0084  0.0107  0.0176
SIM5   0.0122  0.0224  0.0122  0.0103  1.0000  0.0066  0.0192  0.0142  0.0104  0.0198  0.0245  0.0101  0.0123  0.0155  0.0097  0.0140  0.0047  0.0117  0.0101  0.0234  0.0153  0.0188  0.0028  0.0122  0.0175  0.0160  0.0175  0.0133  0.0118  0.0121  0.0203  0.0083  0.0182  0.0191  0.0101  0.0174  0.0101  0.0141  0.0211  0.0138  0.0135  0.0119  0.0261  0.0066  0.0203  0.0105  0.0157  0.0170  0.0177  0.0080
SIM6   0.0127  0.0196  0.0108  0.0127  0.0066  1.0000  0.0086  0.0128  0.0147  0.0128  0.0236  0.0258  0.0186  0.0161  0.0138  0.0126  0.0184  0.0177  0.0087  0.0146  0.0085  0.0196  0.0125  0.0147  0.0182  0.0089  0.0068  0.0047  0.0067  0.0069  0.0119  0.0181  0.0130  0.0067  0.0143  0.0143  0.0181  0.0263  0.0067  0.0049  0.0122  0.0237  0.0122  0.0108  0.0120  0.0129  0.0278  0.0177  0.0165  0.0177
SIM7   0.0162  0.0119  0.0219  0.0181  0.0192  0.0086  1.0000  0.0107  0.0144  0.0126  0.0065  0.0178  0.0163  0.0121  0.0208  0.0161  0.0105  0.0119  0.0160  0.0124  0.0156  0.0137  0.0104  0.0125  0.0272  0.0297  0.0197  0.0045  0.0176  0.0067  0.0207  0.0159  0.0166  0.0102  0.0084  0.0178  0.0159  0.0220  0.0122  0.0122  0.0157  0.0066  0.0175  0.0162  0.0135  0.0184  0.0123  0.0155  0.0086  0.0119
SIM8   0.0089  0.0198  0.0206  0.0128  0.0142  0.0128  0.0107  1.0000  0.0129  0.0169  0.0162  0.0107  0.0149  0.0144  0.0122  0.0167  0.0089  0.0142  0.0088  0.0148  0.0048  0.0217  0.0146  0.0051  0.0184  0.0247  0.0165  0.0084  0.0258  0.0167  0.0139  0.0183  0.0112  0.0125  0.0126  0.0107  0.0106  0.0070  0.0126  0.0223  0.0162  0.0163  0.0124  0.0050  0.0158  0.0170  0.0069  0.0104  0.0148  0.0104
SIM9   0.0128  0.0216  0.0089  0.0127  0.0104  0.0147  0.0144  0.0129  1.0000  0.0129  0.0162  0.0259  0.0246  0.0105  0.0102  0.0069  0.0108  0.0160  0.0164  0.0147  0.0123  0.0178  0.0203  0.0167  0.0145  0.0246  0.0183  0.0084  0.0067  0.0147  0.0175  0.0125  0.0111  0.0199  0.0049  0.0125  0.0220  0.0265  0.0125  0.0088  0.0161  0.0105  0.0161  0.0128  0.0084  0.0150  0.0126  0.0085  0.0186  0.0085
SIM10  0.0167  0.0123  0.0246  0.0089  0.0198  0.0128  0.0126  0.0169  0.0129  1.0000  0.0257  0.0107  0.0208  0.0049  0.0122  0.0205  0.0205  0.0180  0.0184  0.0090  0.0199  0.0123  0.0185  0.0187  0.0222  0.0208  0.0126  0.0084  0.0106  0.0109  0.0121  0.0107  0.0152  0.0163  0.0126  0.0107  0.0183  0.0149  0.0222  0.0146  0.0181  0.0182  0.0180  0.0148  0.0103  0.0131  0.0166  0.0123  0.0109  0.0123
SIM11  0.0160  0.0100  0.0104  0.0123  0.0245  0.0236  0.0065  0.0162  0.0162  0.0257  1.0000  0.0084  0.0181  0.0138  0.0081  0.0141  0.0122  0.0172  0.0176  0.0123  0.0155  0.0281  0.0140  0.0123  0.0102  0.0067  0.0158  0.0063  0.0175  0.0085  0.0187  0.0194  0.0203  0.0174  0.0176  0.0084  0.0120  0.0161  0.0102  0.0084  0.0155  0.0101  0.0191  0.0104  0.0170  0.0106  0.0196  0.0135  0.0104  0.0135
SIM12  0.0220  0.0083  0.0125  0.0106  0.0101  0.0258  0.0178  0.0107  0.0259  0.0107  0.0084  1.0000  0.0126  0.0103  0.0046  0.0086  0.0218  0.0156  0.0160  0.0049  0.0157  0.0138  0.0123  0.0125  0.0198  0.0183  0.0085  0.0100  0.0121  0.0143  0.0153  0.0029  0.0167  0.0176  0.0197  0.0160  0.0196  0.0202  0.0197  0.0142  0.0102  0.0066  0.0120  0.0125  0.0100  0.0166  0.0199  0.0101  0.0201  0.0064
SIM13  0.0147  0.0122  0.0108  0.0108  0.0123  0.0186  0.0163  0.0149  0.0246  0.0208  0.0181  0.0126  1.0000  0.0181  0.0232  0.0089  0.0166  0.0179  0.0107  0.0089  0.0067  0.0104  0.0184  0.0128  0.0202  0.0129  0.0183  0.0158  0.0143  0.0166  0.0139  0.0068  0.0171  0.0181  0.0125  0.0125  0.0106  0.0148  0.0087  0.0164  0.0123  0.0125  0.0217  0.0128  0.0084  0.0170  0.0049  0.0197  0.0225  0.0159
SIM14  0.0067  0.0118  0.0218  0.0142  0.0155  0.0161  0.0121  0.0144  0.0105  0.0049  0.0138  0.0103  0.0181  1.0000  0.0171  0.0104  0.0123  0.0155  0.0196  0.0124  0.0155  0.0155  0.0197  0.0143  0.0177  0.0124  0.0084  0.0207  0.0175  0.0104  0.0098  0.0103  0.0107  0.0267  0.0176  0.0084  0.0028  0.0276  0.0084  0.0140  0.0174  0.0120  0.0101  0.0218  0.0170  0.0087  0.0103  0.0046  0.0048  0.0154
SIM15  0.0157  0.0133  0.0157  0.0138  0.0097  0.0138  0.0208  0.0122  0.0102  0.0122  0.0081  0.0046  0.0232  0.0171  1.0000  0.0083  0.0156  0.0168  0.0118  0.0065  0.0044  0.0168  0.0173  0.0139  0.0118  0.0158  0.0136  0.0131  0.0045  0.0377  0.0130  0.0226  0.0086  0.0152  0.0154  0.0118  0.0135  0.0232  0.0172  0.0209  0.0080  0.0009  0.0151  0.0065  0.0131  0.0141  0.0210  0.0273  0.0102  0.0256
SIM16  0.0126  0.0177  0.0069  0.0107  0.0140  0.0126  0.0161  0.0167  0.0069  0.0205  0.0141  0.0086  0.0089  0.0104  0.0083  1.0000  0.0221  0.0121  0.0105  0.0069  0.0122  0.0140  0.0201  0.0184  0.0105  0.0224  0.0086  0.0138  0.0179  0.0126  0.0082  0.0199  0.0090  0.0197  0.0067  0.0105  0.0105  0.0185  0.0180  0.0068  0.0141  0.0085  0.0122  0.0126  0.0119  0.0090  0.0125  0.0157  0.0145  0.0176
SIM17  0.0203  0.0139  0.0107  0.0145  0.0047  0.0184  0.0105  0.0089  0.0108  0.0205  0.0122  0.0218  0.0166  0.0123  0.0156  0.0221  1.0000  0.0121  0.0257  0.0088  0.0140  0.0158  0.0182  0.0146  0.0143  0.0166  0.0181  0.0120  0.0085  0.0107  0.0210  0.0124  0.0169  0.0085  0.0123  0.0218  0.0086  0.0281  0.0105  0.0219  0.0047  0.0104  0.0140  0.0030  0.0156  0.0128  0.0144  0.0213  0.0145  0.0194
SIM18  0.0084  0.0206  0.0140  0.0159  0.0117  0.0177  0.0119  0.0142  0.0160  0.0180  0.0172  0.0156  0.0179  0.0155  0.0168  0.0121  0.0121  1.0000  0.0083  0.0215  0.0153  0.0063  0.0139  0.0197  0.0120  0.0066  0.0175  0.0169  0.0046  0.0103  0.0185  0.0174  0.0068  0.0317  0.0156  0.0119  0.0192  0.0365  0.0119  0.0175  0.0208  0.0155  0.0135  0.0140  0.0062  0.0105  0.0194  0.0116  0.0084  0.0116
SIM19  0.0258  0.0211  0.0258  0.0163  0.0101  0.0087  0.0160  0.0088  0.0164  0.0184  0.0176  0.0160  0.0107  0.0196  0.0118  0.0105  0.0257  0.0083  1.0000  0.0125  0.0138  0.0046  0.0104  0.0201  0.0179  0.0221  0.0235  0.0155  0.0140  0.0106  0.0135  0.0178  0.0128  0.0121  0.0141  0.0122  0.0122  0.0164  0.0122  0.0123  0.0157  0.0215  0.0231  0.0144  0.0100  0.0108  0.0180  0.0119  0.0106  0.0192
SIM20  0.0204  0.0140  0.0166  0.0069  0.0234  0.0146  0.0124  0.0148  0.0147  0.0090  0.0123  0.0049  0.0089  0.0124  0.0065  0.0069  0.0088  0.0215  0.0125  1.0000  0.0029  0.0085  0.0145  0.0127  0.0144  0.0147  0.0068  0.0139  0.0161  0.0185  0.0101  0.0144  0.0190  0.0105  0.0143  0.0163  0.0048  0.0167  0.0201  0.0144  0.0104  0.0067  0.0160  0.0127  0.0138  0.0208  0.0221  0.0158  0.0166  0.0140
SIM21  0.0178  0.0189  0.0141  0.0178  0.0153  0.0085  0.0156  0.0048  0.0123  0.0199  0.0155  0.0157  0.0067  0.0155  0.0044  0.0122  0.0140  0.0153  0.0138  0.0029  1.0000  0.0081  0.0176  0.0141  0.0157  0.0067  0.0120  0.0116  0.0101  0.0140  0.0186  0.0156  0.0106  0.0155  0.0119  0.0175  0.0138  0.0085  0.0248  0.0084  0.0100  0.0137  0.0136  0.0122  0.0133  0.0124  0.0084  0.0188  0.0253  0.0134
SIM22  0.0159  0.0188  0.0196  0.0177  0.0188  0.0196  0.0137  0.0217  0.0178  0.0123  0.0281  0.0138  0.0104  0.0155  0.0168  0.0140  0.0158  0.0063  0.0046  0.0085  0.0081  1.0000  0.0157  0.0085  0.0230  0.0104  0.0175  0.0204  0.0136  0.0195  0.0114  0.0101  0.0106  0.0136  0.0064  0.0083  0.0173  0.0122  0.0229  0.0230  0.0099  0.0173  0.0171  0.0122  0.0097  0.0067  0.0231  0.0170  0.0177  0.0170
SIM23  0.0125  0.0286  0.0087  0.0144  0.0028  0.0125  0.0104  0.0146  0.0203  0.0185  0.0140  0.0123  0.0184  0.0197  0.0173  0.0201  0.0182  0.0139  0.0104  0.0145  0.0176  0.0157  1.0000  0.0087  0.0123  0.0011  0.0199  0.0210  0.0159  0.0087  0.0027  0.0179  0.0109  0.0084  0.0160  0.0198  0.0085  0.0164  0.0085  0.0161  0.0139  0.0085  0.0139  0.0164  0.0173  0.0205  0.0067  0.0101  0.0221  0.0156
SIM24  0.0108  0.0178  0.0166  0.0146  0.0122  0.0147  0.0125  0.0051  0.0167  0.0187  0.0123  0.0125  0.0128  0.0143  0.0139  0.0184  0.0146  0.0197  0.0201  0.0127  0.0141  0.0085  0.0087  1.0000  0.0106  0.0148  0.0220  0.0139  0.0143  0.0069  0.0175  0.0201  0.0229  0.0123  0.0125  0.0068  0.0124  0.0089  0.0125  0.0221  0.0235  0.0048  0.0141  0.0147  0.0175  0.0149  0.0145  0.0140  0.0050  0.0289
SIM25  0.0239  0.0120  0.0087  0.0220  0.0175  0.0182  0.0272  0.0184  0.0145  0.0222  0.0102  0.0198  0.0202  0.0177  0.0118  0.0105  0.0143  0.0120  0.0179  0.0144  0.0157  0.0230  0.0123  0.0106  1.0000  0.0145  0.0216  0.0173  0.0066  0.0106  0.0135  0.0216  0.0206  0.0121  0.0159  0.0197  0.0197  0.0125  0.0085  0.0161  0.0065  0.0140  0.0249  0.0182  0.0136  0.0146  0.0048  0.0156  0.0087  0.0156
