*********************************************************************
* LD Score Regression (LDSC)
* Version 1.0.1
* (C) 2014-2019 Brendan Bulik-Sullivan and Hilary Finucane
* Broad Institute of MIT and Harvard / MIT Department of Mathematics
* GNU General Public License v3
*********************************************************************
Call: 
./ldsc.py \
--out /data/sbcs/GuoLab/backup/liq17/CRC_TF_TWAS_zhishan2024/NC_revision_OceanCode/v2_NC_revision//84Tracks//ldscores_sim10000//7 \
--bfile /data/sbcs/GuoLab/backup/liq17/ref/Alkesgroup/1000G_EUR_Phase3_plink_hg38/1000G.EUR.QC.7 \
--annot /data/sbcs/GuoLab/backup/liq17/CRC_TF_TWAS_zhishan2024/NC_revision_OceanCode/v2_NC_revision//84Tracks//annots_sim10000//7.annot.txt \
--l2  \
--ld-wind-kb 100.0 

Beginning analysis at Sun Oct 26 22:59:54 2025
Read list of 589044 SNPs from /data/sbcs/GuoLab/backup/liq17/ref/Alkesgroup/1000G_EUR_Phase3_plink_hg38/1000G.EUR.QC.7.bim
Read 50 annotations for 589044 SNPs from /data/sbcs/GuoLab/backup/liq17/CRC_TF_TWAS_zhishan2024/NC_revision_OceanCode/v2_NC_revision//84Tracks//annots_sim10000//7.annot.txt
Read list of 489 individuals from /data/sbcs/GuoLab/backup/liq17/ref/Alkesgroup/1000G_EUR_Phase3_plink_hg38/1000G.EUR.QC.7.fam
Reading genotypes from /data/sbcs/GuoLab/backup/liq17/ref/Alkesgroup/1000G_EUR_Phase3_plink_hg38/1000G.EUR.QC.7.bed
Estimating LD Score.
Writing LD Scores for 589044 SNPs to /data/sbcs/GuoLab/backup/liq17/CRC_TF_TWAS_zhishan2024/NC_revision_OceanCode/v2_NC_revision//84Tracks//ldscores_sim10000//7.l2.ldscore.gz

Summary of LD Scores in /data/sbcs/GuoLab/backup/liq17/CRC_TF_TWAS_zhishan2024/NC_revision_OceanCode/v2_NC_revision//84Tracks//ldscores_sim10000//7.l2.ldscore.gz
         MAF  SIM1L2  SIM2L2  SIM3L2  SIM4L2  SIM5L2  SIM6L2  SIM7L2  SIM8L2  SIM9L2  SIM10L2  SIM11L2  SIM12L2  SIM13L2  SIM14L2  SIM15L2  SIM16L2  SIM17L2  SIM18L2  SIM19L2  SIM20L2  SIM21L2  SIM22L2  SIM23L2  SIM24L2  SIM25L2  SIM26L2  SIM27L2  SIM28L2  SIM29L2  SIM30L2  SIM31L2  SIM32L2  SIM33L2  SIM34L2  SIM35L2  SIM36L2  SIM37L2  SIM38L2  SIM39L2  SIM40L2  SIM41L2  SIM42L2  SIM43L2  SIM44L2  SIM45L2  SIM46L2  SIM47L2  SIM48L2  SIM49L2  SIM50L2
mean  0.1497  0.0652  0.0648  0.0684  0.0686  0.0631  0.0715  0.0737  0.0699  0.0722   0.0679   0.0709   0.0683   0.0690   0.0716   0.0714   0.0687   0.0704   0.0676   0.0671   0.0640   0.0657   0.0610   0.0676   0.0722   0.0731   0.0666   0.0675   0.0684   0.0760   0.0704   0.0681   0.0648   0.0745   0.0661   0.0676   0.0728   0.0703   0.0657   0.0703   0.0722   0.0682   0.0614   0.0674   0.0673   0.0700   0.0650   0.0719   0.0656   0.0677   0.0632
std   0.1496  0.2096  0.2093  0.2198  0.2163  0.2063  0.2229  0.2188  0.2143  0.2205   0.2181   0.2270   0.2194   0.2208   0.2177   0.2232   0.2090   0.2181   0.2193   0.2250   0.2040   0.2140   0.1984   0.2109   0.2221   0.2220   0.2157   0.2095   0.2164   0.2205   0.2113   0.2108   0.2104   0.2160   0.2080   0.2112   0.2206   0.2264   0.2113   0.2143   0.2238   0.2082   0.2009   0.2097   0.2220   0.2276   0.2043   0.2345   0.2166   0.2109   0.2096
min   0.0051 -0.0136 -0.0174 -0.0143 -0.0150 -0.0110 -0.0131 -0.0122 -0.0116 -0.0116  -0.0104  -0.0130  -0.0119  -0.0213  -0.0133  -0.0132  -0.0180  -0.0116  -0.0130  -0.0133  -0.0129  -0.0132  -0.0130  -0.0101  -0.0120  -0.0101  -0.0130  -0.0111  -0.0137  -0.0128  -0.0108  -0.0108  -0.0144  -0.0148  -0.0112  -0.0160  -0.0126  -0.0139  -0.0133  -0.0108  -0.0147  -0.0127  -0.0124  -0.0125  -0.0123  -0.0117  -0.0125  -0.0133  -0.0157  -0.0097  -0.0136
25%   0.0194  0.0000  0.0000  0.0000  0.0000  0.0000  0.0000  0.0000  0.0000  0.0000   0.0000   0.0000   0.0000   0.0000   0.0000   0.0000   0.0000   0.0000   0.0000   0.0000   0.0000   0.0000   0.0000   0.0000   0.0000   0.0000   0.0000   0.0000   0.0000   0.0000   0.0000   0.0000   0.0000   0.0000   0.0000   0.0000   0.0000   0.0000   0.0000   0.0000   0.0000   0.0000   0.0000   0.0000   0.0000   0.0000   0.0000   0.0000   0.0000   0.0000   0.0000
50%   0.0879  0.0000  0.0000  0.0000  0.0000  0.0000  0.0000  0.0000  0.0000  0.0000   0.0000   0.0000   0.0000   0.0000   0.0000   0.0000   0.0000   0.0000   0.0000   0.0000   0.0000   0.0000   0.0000   0.0000   0.0000   0.0000   0.0000   0.0000   0.0000   0.0000   0.0000   0.0000   0.0000   0.0000   0.0000   0.0000   0.0000   0.0000   0.0000   0.0000   0.0000   0.0000   0.0000   0.0000   0.0000   0.0000   0.0000   0.0000   0.0000   0.0000   0.0000
75%   0.2587  0.0130  0.0142  0.0149  0.0158  0.0141  0.0187  0.0201  0.0161  0.0188   0.0152   0.0159   0.0141   0.0138   0.0175   0.0169   0.0167   0.0158   0.0143   0.0126   0.0142   0.0124   0.0123   0.0135   0.0161   0.0179   0.0147   0.0158   0.0159   0.0223   0.0183   0.0156   0.0140   0.0193   0.0141   0.0145   0.0180   0.0153   0.0142   0.0165   0.0175   0.0159   0.0121   0.0151   0.0144   0.0156   0.0141   0.0157   0.0127   0.0159   0.0137
max   0.5000  2.9476  3.1032  2.9980  2.9896  2.8312  4.7009  2.6871  2.4733  3.0135   2.9123   2.4772   2.9872   3.3270   2.5919   2.7852   2.9578   2.3755   3.0825   4.0245   2.1236   2.3114   2.4901   2.3428   2.9876   2.4095   3.0029   2.8278   2.8976   2.4848   2.2053   2.7076   2.9932   2.1306   2.2220   2.6452   2.2091   3.9762   2.1136   2.5166   2.7309   2.2148   2.9464   2.1492   3.0000   2.8585   2.8336   3.9957   3.0000   2.1394   3.5918

MAF/LD Score Correlation Matrix
            MAF  SIM1L2  SIM2L2  SIM3L2  SIM4L2  SIM5L2  SIM6L2  SIM7L2  SIM8L2  SIM9L2  SIM10L2  SIM11L2  SIM12L2  SIM13L2  SIM14L2  SIM15L2  SIM16L2  SIM17L2  SIM18L2  SIM19L2  SIM20L2  SIM21L2  SIM22L2  SIM23L2  SIM24L2  SIM25L2  SIM26L2  SIM27L2  SIM28L2  SIM29L2  SIM30L2  SIM31L2  SIM32L2  SIM33L2  SIM34L2  SIM35L2  SIM36L2  SIM37L2  SIM38L2  SIM39L2  SIM40L2  SIM41L2  SIM42L2  SIM43L2  SIM44L2  SIM45L2  SIM46L2  SIM47L2  SIM48L2  SIM49L2  SIM50L2
MAF      1.0000  0.1095  0.1253  0.1043  0.1528  0.1106  0.1399  0.1483  0.1544  0.1351   0.1405   0.1049   0.1313   0.1125   0.1419   0.1512   0.1319   0.1188   0.1459   0.0859   0.1224   0.1270   0.1234   0.1452   0.1353   0.1446   0.1371   0.1276   0.1194   0.1518   0.1640   0.1374   0.1332   0.1352   0.1138   0.1262   0.1254   0.0919   0.1092   0.0816   0.1472   0.1189   0.1305   0.1225   0.1158   0.1055   0.1392   0.1171   0.1014   0.1338   0.1201
SIM1L2   0.1095  1.0000  0.1355  0.1453  0.1274  0.1296  0.1891  0.1392  0.1855  0.1500   0.1959   0.1805   0.1081   0.1370   0.1831   0.0938   0.1231   0.1929   0.1510   0.1440   0.0993   0.2057   0.1414   0.1575   0.1426   0.1544   0.1349   0.1679   0.1658   0.1490   0.1051   0.1643   0.1584   0.1472   0.1419   0.1534   0.1409   0.1477   0.1424   0.1529   0.1089   0.1812   0.0966   0.2154   0.1478   0.1509   0.1714   0.1478   0.1566   0.1137   0.1533
SIM2L2   0.1253  0.1355  1.0000  0.1413  0.1611  0.1366  0.0936  0.2289  0.1823  0.0969   0.1310   0.1217   0.1759   0.1601   0.0934   0.1457   0.1266   0.1742   0.1748   0.1256   0.0759   0.1395   0.1557   0.1625   0.1401   0.1163   0.1729   0.1493   0.1179   0.1385   0.1506   0.1271   0.1494   0.1563   0.1536   0.1637   0.1563   0.1355   0.1503   0.1284   0.1388   0.1905   0.1237   0.0963   0.1214   0.1235   0.1518   0.1277   0.1810   0.1703   0.1351
SIM3L2   0.1043  0.1453  0.1413  1.0000  0.1118  0.0933  0.1319  0.1551  0.1656  0.0987   0.1868   0.1711   0.2079   0.1459   0.1469   0.1034   0.2121   0.1433   0.1394   0.1886   0.0811   0.1914   0.1485   0.1815   0.1332   0.1263   0.1447   0.1773   0.0908   0.1813   0.1511   0.1812   0.1611   0.2136   0.1597   0.0826   0.1841   0.1411   0.1566   0.1592   0.1807   0.1316   0.1478   0.2057   0.2287   0.2147   0.1148   0.1794   0.2448   0.1300   0.1662
SIM4L2   0.1528  0.1274  0.1611  0.1118  1.0000  0.0837  0.1573  0.1600  0.1633  0.1216   0.1924   0.1677   0.1703   0.0994   0.1291   0.1457   0.1466   0.1695   0.1543   0.1221   0.1745   0.0958   0.1043   0.1278   0.1007   0.1100   0.1806   0.1260   0.1504   0.0914   0.1979   0.1966   0.1254   0.1564   0.1433   0.1327   0.1362   0.1756   0.1533   0.1458   0.1455   0.1566   0.1503   0.1341   0.1298   0.1544   0.1451   0.1101   0.1599   0.1158   0.1355
SIM5L2   0.1106  0.1296  0.1366  0.0933  0.0837  1.0000  0.0653  0.1529  0.1300  0.1485   0.1255   0.0858   0.1469   0.1446   0.1479   0.1388   0.1119   0.1777   0.1219   0.1802   0.1606   0.1278   0.1010   0.1596   0.1479   0.1652   0.1016   0.1743   0.1276   0.1494   0.1420   0.1357   0.1847   0.1000   0.0823   0.2068   0.0857   0.1021   0.1808   0.1260   0.1856   0.1082   0.1125   0.1670   0.1233   0.1006   0.1448   0.1337   0.1509   0.1451   0.0986
SIM6L2   0.1399  0.1891  0.0936  0.1319  0.1573  0.0653  1.0000  0.1749  0.1826  0.1580   0.1827   0.1651   0.1150   0.1321   0.1769   0.1639   0.1154   0.1764   0.1705   0.1247   0.1591   0.1483   0.1226   0.1313   0.1242   0.1478   0.1217   0.1490   0.1432   0.1394   0.1840   0.1981   0.1861   0.1677   0.2025   0.1527   0.1059   0.0817   0.1473   0.1233   0.1553   0.1353   0.1370   0.1481   0.0817   0.1254   0.1597   0.1063   0.0856   0.1513   0.1211
SIM7L2   0.1483  0.1392  0.2289  0.1551  0.1600  0.1529  0.1749  1.0000  0.1704  0.1695   0.1537   0.1674   0.1834   0.1736   0.2297   0.1859   0.1624   0.1891   0.2161   0.1713   0.1870   0.1182   0.1223   0.1926   0.1477   0.1198   0.1471   0.1749   0.1179   0.1927   0.2089   0.1934   0.1943   0.1600   0.1900   0.1882   0.1630   0.1376   0.1994   0.1471   0.1708   0.1815   0.1409   0.1646   0.1191   0.1372   0.1914   0.1376   0.1578   0.2051   0.1874
SIM8L2   0.1544  0.1855  0.1823  0.1656  0.1633  0.1300  0.1826  0.1704  1.0000  0.1499   0.2363   0.1724   0.1711   0.1399   0.1198   0.1350   0.1347   0.2063   0.1884   0.1369   0.1169   0.1784   0.1165   0.1754   0.1365   0.1774   0.1057   0.1373   0.1496   0.1729   0.1235   0.1817   0.1397   0.1842   0.1518   0.1842   0.1550   0.1341   0.1417   0.1605   0.1738   0.1288   0.1270   0.1890   0.1444   0.1247   0.1352   0.1926   0.1657   0.1760   0.1169
SIM9L2   0.1351  0.1500  0.0969  0.0987  0.1216  0.1485  0.1580  0.1695  0.1499  1.0000   0.0976   0.1731   0.1397   0.1400   0.1523   0.1519   0.1085   0.1943   0.1453   0.1375   0.1704   0.2064   0.1132   0.1402   0.1658   0.1628   0.1586   0.1762   0.1687   0.1602   0.1385   0.1331   0.2013   0.1633   0.1772   0.1780   0.1572   0.1220   0.1459   0.0921   0.1498   0.1629   0.0906   0.1124   0.1526   0.1284   0.1588   0.0934   0.0951   0.1556   0.1061
SIM10L2  0.1405  0.1959  0.1310  0.1868  0.1924  0.1255  0.1827  0.1537  0.2363  0.0976   1.0000   0.1753   0.1577   0.1649   0.1496   0.1084   0.1834   0.1802   0.1869   0.1270   0.1122   0.1722   0.1058   0.1672   0.1641   0.1841   0.1069   0.1141   0.1656   0.2015   0.1740   0.1898   0.1265   0.1618   0.1356   0.1633   0.1572   0.1423   0.1916   0.1359   0.1530   0.1681   0.1264   0.1611   0.1975   0.1296   0.1264   0.2045   0.1845   0.1289   0.1407
SIM11L2  0.1049  0.1805  0.1217  0.1711  0.1677  0.0858  0.1651  0.1674  0.1724  0.1731   0.1753   1.0000   0.1562   0.1339   0.1308   0.1174   0.1663   0.1209   0.1779   0.1770   0.1052   0.1367   0.1021   0.1357   0.1419   0.1724   0.1442   0.1651   0.1890   0.1587   0.1527   0.1897   0.1498   0.1940   0.1615   0.1154   0.1187   0.1168   0.1751   0.1521   0.1815   0.1300   0.1710   0.1359   0.1422   0.2046   0.1651   0.1593   0.1297   0.1560   0.0936
SIM12L2  0.1313  0.1081  0.1759  0.2079  0.1703  0.1469  0.1150  0.1834  0.1711  0.1397   0.1577   0.1562   1.0000   0.1351   0.1340   0.1209   0.2088   0.1616   0.2027   0.2138   0.1471   0.1492   0.1547   0.1941   0.1546   0.1766   0.2092   0.1134   0.1040   0.1765   0.1943   0.1681   0.2356   0.1629   0.1513   0.1156   0.0803   0.1328   0.1738   0.1645   0.1701   0.1688   0.1099   0.1960   0.1689   0.1204   0.1631   0.1133   0.1757   0.2264   0.1323
SIM13L2  0.1125  0.1370  0.1601  0.1459  0.0994  0.1446  0.1321  0.1736  0.1399  0.1400   0.1649   0.1339   0.1351   1.0000   0.1539   0.2155   0.1188   0.1485   0.1928   0.1325   0.1106   0.1733   0.1316   0.1483   0.1705   0.1590   0.1077   0.1151   0.1196   0.1489   0.1696   0.0957   0.1525   0.1901   0.1677   0.1888   0.1516   0.1103   0.1242   0.1325   0.1779   0.1445   0.1137   0.1320   0.0930   0.1471   0.1604   0.1384   0.1492   0.1834   0.1352
SIM14L2  0.1419  0.1831  0.0934  0.1469  0.1291  0.1479  0.1769  0.2297  0.1198  0.1523   0.1496   0.1308   0.1340   0.1539   1.0000   0.1741   0.1151   0.1451   0.1636   0.1627   0.1573   0.1851   0.1127   0.1645   0.1329   0.1383   0.1289   0.1863   0.1220   0.1619   0.2146   0.1858   0.1983   0.1825   0.1479   0.1786   0.1532   0.0965   0.1718   0.1211   0.1741   0.1416   0.1127   0.2084   0.1159   0.1179   0.1776   0.0979   0.1433   0.1911   0.1396
SIM15L2  0.1512  0.0938  0.1457  0.1034  0.1457  0.1388  0.1639  0.1859  0.1350  0.1519   0.1084   0.1174   0.1209   0.2155   0.1741   1.0000   0.0754   0.1155   0.1980   0.1404   0.1875   0.1610   0.1139   0.1881   0.1834   0.1041   0.1410   0.0905   0.1227   0.1415   0.1665   0.1483   0.1243   0.1627   0.1571   0.1837   0.1318   0.0936   0.1386   0.1141   0.1314   0.1092   0.0697   0.1570   0.1017   0.1219   0.1621   0.0973   0.0891   0.1670   0.1315
SIM16L2  0.1319  0.1231  0.1266  0.2121  0.1466  0.1119  0.1154  0.1624  0.1347  0.1085   0.1834   0.1663   0.2088   0.1188   0.1151   0.0754   1.0000   0.0966   0.1016   0.1623   0.1064   0.1404   0.0974   0.1499   0.1381   0.1330   0.1184   0.0979   0.0827   0.1594   0.1725   0.1390   0.1649   0.1608   0.1615   0.1097   0.1907   0.1529   0.1634   0.1329   0.1959   0.1456   0.1568   0.1436   0.1518   0.2391   0.1220   0.1313   0.1681   0.1205   0.1348
SIM17L2  0.1188  0.1929  0.1742  0.1433  0.1695  0.1777  0.1764  0.1891  0.2063  0.1943   0.1802   0.1209   0.1616   0.1485   0.1451   0.1155   0.0966   1.0000   0.1799   0.1629   0.1499   0.1343   0.1710   0.1927   0.1585   0.1585   0.1186   0.1353   0.1415   0.1595   0.1413   0.1733   0.2262   0.1736   0.1744   0.1741   0.2103   0.1491   0.1204   0.1824   0.1855   0.1852   0.1401   0.1366   0.1128   0.1451   0.1697   0.2311   0.1828   0.1600   0.1488
SIM18L2  0.1459  0.1510  0.1748  0.1394  0.1543  0.1219  0.1705  0.2161  0.1884  0.1453   0.1869   0.1779   0.2027   0.1928   0.1636   0.1980   0.1016   0.1799   1.0000   0.1172   0.1515   0.1560   0.1268   0.1822   0.2068   0.1653   0.1636   0.1111   0.1414   0.1714   0.1959   0.1650   0.1858   0.2097   0.1652   0.1768   0.1347   0.0983   0.1454   0.1411   0.1081   0.1474   0.0838   0.1430   0.1411   0.1146   0.1771   0.1677   0.1148   0.1798   0.1587
SIM19L2  0.0859  0.1440  0.1256  0.1886  0.1221  0.1802  0.1247  0.1713  0.1369  0.1375   0.1270   0.1770   0.2138   0.1325   0.1627   0.1404   0.1623   0.1629   0.1172   1.0000   0.1445   0.1186   0.1723   0.2276   0.1218   0.1433   0.1320   0.2103   0.1362   0.1148   0.1529   0.2234   0.1721   0.1737   0.1437   0.1103   0.1360   0.1164   0.1478   0.1911   0.1569   0.1118   0.1395   0.1293   0.1917   0.1124   0.1506   0.1491   0.1831   0.1711   0.1484
SIM20L2  0.1224  0.0993  0.0759  0.0811  0.1745  0.1606  0.1591  0.1870  0.1169  0.1704   0.1122   0.1052   0.1471   0.1106   0.1573   0.1875   0.1064   0.1499   0.1515   0.1445   1.0000   0.1242   0.1190   0.1846   0.1503   0.1098   0.1060   0.1162   0.1153   0.1483   0.1514   0.1800   0.2014   0.1166   0.1241   0.1768   0.1261   0.1087   0.1642   0.0924   0.1566   0.1196   0.0711   0.1615   0.1166   0.1060   0.1663   0.1047   0.0939   0.1608   0.0870
SIM21L2  0.1270  0.2057  0.1395  0.1914  0.0958  0.1278  0.1483  0.1182  0.1784  0.2064   0.1722   0.1367   0.1492   0.1733   0.1851   0.1610   0.1404   0.1343   0.1560   0.1186   0.1242   1.0000   0.1079   0.1579   0.1894   0.1540   0.1312   0.1472   0.1260   0.1651   0.1329   0.2073   0.1456   0.1532   0.1601   0.1641   0.1863   0.0773   0.1232   0.1161   0.1786   0.1208   0.0771   0.1771   0.2208   0.0900   0.1535   0.1319   0.1936   0.1412   0.1080
SIM22L2  0.1234  0.1414  0.1557  0.1485  0.1043  0.1010  0.1226  0.1223  0.1165  0.1132   0.1058   0.1021   0.1547   0.1316   0.1127   0.1139   0.0974   0.1710   0.1268   0.1723   0.1190   0.1079   1.0000   0.1733   0.1341   0.1317   0.1451   0.1602   0.1247   0.1067   0.1074   0.1317   0.1753   0.1401   0.1053   0.1321   0.1620   0.1807   0.1433   0.1606   0.1338   0.1482   0.1079   0.1199   0.1122   0.1314   0.1327   0.1362   0.1509   0.1239   0.1017
SIM23L2  0.1452  0.1575  0.1625  0.1815  0.1278  0.1596  0.1313  0.1926  0.1754  0.1402   0.1672   0.1357   0.1941   0.1483   0.1645   0.1881   0.1499   0.1927   0.1822   0.2276   0.1846   0.1579   0.1733   1.0000   0.2001   0.1488   0.1542   0.1785   0.1456   0.1847   0.1708   0.1753   0.1877   0.1879   0.1074   0.1656   0.1417   0.1686   0.1708   0.1508   0.1977   0.1504   0.0789   0.1692   0.2089   0.1003   0.1547   0.1671   0.2059   0.1552   0.1817
SIM24L2  0.1353  0.1426  0.1401  0.1332  0.1007  0.1479  0.1242  0.1477  0.1365  0.1658   0.1641   0.1419   0.1546   0.1705   0.1329   0.1834   0.1381   0.1585   0.2068   0.1218   0.1503   0.1894   0.1341   0.2001   1.0000   0.1010   0.1131   0.1655   0.1317   0.1115   0.1558   0.1514   0.1478   0.1453   0.0950   0.1547   0.1886   0.1328   0.1531   0.1419   0.1222   0.1234   0.1092   0.1645   0.1427   0.0825   0.1914   0.1667   0.1928   0.1792   0.0968
SIM25L2  0.1446  0.1544  0.1163  0.1263  0.1100  0.1652  0.1478  0.1198  0.1774  0.1628   0.1841   0.1724   0.1766   0.1590   0.1383   0.1041   0.1330   0.1585   0.1653   0.1433   0.1098   0.1540   0.1317   0.1488   0.1010   1.0000   0.1283   0.1188   0.1555   0.1915   0.1519   0.1441   0.1528   0.1281   0.1533   0.1521   0.1297   0.1676   0.1130   0.1388   0.1993   0.1155   0.1231   0.1624   0.1233   0.1155   0.1574   0.1756   0.1051   0.1500   0.0956
SIM26L2  0.1371  0.1349  0.1729  0.1447  0.1806  0.1016  0.1217  0.1471  0.1057  0.1586   0.1069   0.1442   0.2092   0.1077   0.1289   0.1410   0.1184   0.1186   0.1636   0.1320   0.1060   0.1312   0.1451   0.1542   0.1131   0.1283   1.0000   0.1486   0.1291   0.1440   0.1440   0.1445   0.1349   0.1256   0.1692   0.0957   0.1241   0.1635   0.1402   0.1394   0.1855   0.1279   0.1404   0.1238   0.1420   0.1192   0.1270   0.1435   0.1399   0.1666   0.1745
SIM27L2  0.1276  0.1679  0.1493  0.1773  0.1260  0.1743  0.1490  0.1749  0.1373  0.1762   0.1141   0.1651   0.1134   0.1151   0.1863   0.0905   0.0979   0.1353   0.1111   0.2103   0.1162   0.1472   0.1602   0.1785   0.1655   0.1188   0.1486   1.0000   0.1380   0.1516   0.1328   0.1859   0.1494   0.1787   0.1060   0.1482   0.1548   0.1578   0.1181   0.1840   0.1438   0.1850   0.0954   0.1856   0.1481   0.1355   0.1607   0.1360   0.1694   0.1486   0.1112
SIM28L2  0.1194  0.1658  0.1179  0.0908  0.1504  0.1276  0.1432  0.1179  0.1496  0.1687   0.1656   0.1890   0.1040   0.1196   0.1220   0.1227   0.0827   0.1415   0.1414   0.1362   0.1153   0.1260   0.1247   0.1456   0.1317   0.1555   0.1291   0.1380   1.0000   0.1156   0.1789   0.1523   0.1477   0.1576   0.1549   0.1871   0.0977   0.1353   0.1504   0.1246   0.1387   0.1613   0.1178   0.1013   0.1114   0.1628   0.1246   0.1036   0.1550   0.1424   0.0833
SIM29L2  0.1518  0.1490  0.1385  0.1813  0.0914  0.1494  0.1394  0.1927  0.1729  0.1602   0.2015   0.1587   0.1765   0.1489   0.1619   0.1415   0.1594   0.1595   0.1714   0.1148   0.1483   0.1651   0.1067   0.1847   0.1115   0.1915   0.1440   0.1516   0.1156   1.0000   0.1414   0.1685   0.1821   0.1858   0.1246   0.1361   0.1392   0.1274   0.1706   0.1532   0.1398   0.1163   0.1013   0.1690   0.1827   0.1212   0.1760   0.1936   0.1530   0.1345   0.1651
SIM30L2  0.1640  0.1051  0.1506  0.1511  0.1979  0.1420  0.1840  0.2089  0.1235  0.1385   0.1740   0.1527   0.1943   0.1696   0.2146   0.1665   0.1725   0.1413   0.1959   0.1529   0.1514   0.1329   0.1074   0.1708   0.1558   0.1519   0.1440   0.1328   0.1789   0.1414   1.0000   0.2240   0.1643   0.1803   0.1390   0.1420   0.1381   0.1438   0.1671   0.1897   0.1921   0.1666   0.1466   0.1557   0.1153   0.1596   0.1643   0.1276   0.1252   0.1764   0.1489
SIM31L2  0.1374  0.1643  0.1271  0.1812  0.1966  0.1357  0.1981  0.1934  0.1817  0.1331   0.1898   0.1897   0.1681   0.0957   0.1858   0.1483   0.1390   0.1733   0.1650   0.2234   0.1800   0.2073   0.1317   0.1753   0.1514   0.1441   0.1445   0.1859   0.1523   0.1685   0.2240   1.0000   0.1784   0.1850   0.1436   0.1731   0.1731   0.1321   0.1948   0.1610   0.1670   0.1575   0.1427   0.1966   0.1723   0.0968   0.1484   0.1983   0.1951   0.1744   0.1118
SIM32L2  0.1332  0.1584  0.1494  0.1611  0.1254  0.1847  0.1861  0.1943  0.1397  0.2013   0.1265   0.1498   0.2356   0.1525   0.1983   0.1243   0.1649   0.2262   0.1858   0.1721   0.2014   0.1456   0.1753   0.1877   0.1478   0.1528   0.1349   0.1494   0.1477   0.1821   0.1643   0.1784   1.0000   0.1883   0.2071   0.1929   0.1425   0.1687   0.1685   0.1215   0.1641   0.1510   0.0884   0.1558   0.1393   0.1117   0.1371   0.0891   0.1269   0.1949   0.1056
SIM33L2  0.1352  0.1472  0.1563  0.2136  0.1564  0.1000  0.1677  0.1600  0.1842  0.1633   0.1618   0.1940   0.1629   0.1901   0.1825   0.1627   0.1608   0.1736   0.2097   0.1737   0.1166   0.1532   0.1401   0.1879   0.1453   0.1281   0.1256   0.1787   0.1576   0.1858   0.1803   0.1850   0.1883   1.0000   0.1600   0.1918   0.1744   0.1445   0.1362   0.1145   0.1569   0.1546   0.1203   0.1670   0.1388   0.1764   0.1637   0.1643   0.1676   0.1476   0.0815
SIM34L2  0.1138  0.1419  0.1536  0.1597  0.1433  0.0823  0.2025  0.1900  0.1518  0.1772   0.1356   0.1615   0.1513   0.1677   0.1479   0.1571   0.1615   0.1744   0.1652   0.1437   0.1241   0.1601   0.1053   0.1074   0.0950   0.1533   0.1692   0.1060   0.1549   0.1246   0.1390   0.1436   0.2071   0.1600   1.0000   0.1736   0.1652   0.1193   0.0887   0.1267   0.1949   0.1184   0.1750   0.1203   0.0951   0.2100   0.1291   0.0863   0.1082   0.1528   0.1524
SIM35L2  0.1262  0.1534  0.1637  0.0826  0.1327  0.2068  0.1527  0.1882  0.1842  0.1780   0.1633   0.1154   0.1156   0.1888   0.1786   0.1837   0.1097   0.1741   0.1768   0.1103   0.1768   0.1641   0.1321   0.1656   0.1547   0.1521   0.0957   0.1482   0.1871   0.1361   0.1420   0.1731   0.1929   0.1918   0.1736   1.0000   0.1614   0.1284   0.1633   0.1326   0.1359   0.1566   0.1479   0.1832   0.1118   0.0947   0.1572   0.2058   0.1690   0.1833   0.1175
SIM36L2  0.1254  0.1409  0.1563  0.1841  0.1362  0.0857  0.1059  0.1630  0.1550  0.1572   0.1572   0.1187   0.0803   0.1516   0.1532   0.1318   0.1907   0.2103   0.1347   0.1360   0.1261   0.1863   0.1620   0.1417   0.1886   0.1297   0.1241   0.1548   0.0977   0.1392   0.1381   0.1731   0.1425   0.1744   0.1652   0.1614   1.0000   0.1047   0.1090   0.1217   0.1770   0.1210   0.1579   0.1142   0.1340   0.1734   0.1322   0.2191   0.1724   0.1476   0.1207
SIM37L2  0.0919  0.1477  0.1355  0.1411  0.1756  0.1021  0.0817  0.1376  0.1341  0.1220   0.1423   0.1168   0.1328   0.1103   0.0965   0.0936   0.1529   0.1491   0.0983   0.1164   0.1087   0.0773   0.1807   0.1686   0.1328   0.1676   0.1635   0.1578   0.1353   0.1274   0.1438   0.1321   0.1687   0.1445   0.1193   0.1284   0.1047   1.0000   0.1481   0.1566   0.1531   0.1287   0.1122   0.1647   0.1800   0.1794   0.1180   0.0838   0.1717   0.1289   0.1098
SIM38L2  0.1092  0.1424  0.1503  0.1566  0.1533  0.1808  0.1473  0.1994  0.1417  0.1459   0.1916   0.1751   0.1738   0.1242   0.1718   0.1386   0.1634   0.1204   0.1454   0.1478   0.1642   0.1232   0.1433   0.1708   0.1531   0.1130   0.1402   0.1181   0.1504   0.1706   0.1671   0.1948   0.1685   0.1362   0.0887   0.1633   0.1090   0.1481   1.0000   0.1313   0.1825   0.1172   0.1058   0.2055   0.1791   0.1052   0.1444   0.1275   0.1911   0.1104   0.1455
SIM39L2  0.0816  0.1529  0.1284  0.1592  0.1458  0.1260  0.1233  0.1471  0.1605  0.0921   0.1359   0.1521   0.1645   0.1325   0.1211   0.1141   0.1329   0.1824   0.1411   0.1911   0.0924   0.1161   0.1606   0.1508   0.1419   0.1388   0.1394   0.1840   0.1246   0.1532   0.1897   0.1610   0.1215   0.1145   0.1267   0.1326   0.1217   0.1566   0.1313   1.0000   0.1527   0.1840   0.1157   0.2056   0.1545   0.0844   0.1479   0.1331   0.1798   0.1370   0.1210
SIM40L2  0.1472  0.1089  0.1388  0.1807  0.1455  0.1856  0.1553  0.1708  0.1738  0.1498   0.1530   0.1815   0.1701   0.1779   0.1741   0.1314   0.1959   0.1855   0.1081   0.1569   0.1566   0.1786   0.1338   0.1977   0.1222   0.1993   0.1855   0.1438   0.1387   0.1398   0.1921   0.1670   0.1641   0.1569   0.1949   0.1359   0.1770   0.1531   0.1825   0.1527   1.0000   0.1415   0.1415   0.1401   0.1379   0.1731   0.1144   0.1405   0.1294   0.1399   0.1214
SIM41L2  0.1189  0.1812  0.1905  0.1316  0.1566  0.1082  0.1353  0.1815  0.1288  0.1629   0.1681   0.1300   0.1688   0.1445   0.1416   0.1092   0.1456   0.1852   0.1474   0.1118   0.1196   0.1208   0.1482   0.1504   0.1234   0.1155   0.1279   0.1850   0.1613   0.1163   0.1666   0.1575   0.1510   0.1546   0.1184   0.1566   0.1210   0.1287   0.1172   0.1840   0.1415   1.0000   0.1414   0.1387   0.1002   0.1343   0.1039   0.1588   0.1770   0.1664   0.1094
SIM42L2  0.1305  0.0966  0.1237  0.1478  0.1503  0.1125  0.1370  0.1409  0.1270  0.0906   0.1264   0.1710   0.1099   0.1137   0.1127   0.0697   0.1568   0.1401   0.0838   0.1395   0.0711   0.0771   0.1079   0.0789   0.1092   0.1231   0.1404   0.0954   0.1178   0.1013   0.1466   0.1427   0.0884   0.1203   0.1750   0.1479   0.1579   0.1122   0.1058   0.1157   0.1415   0.1414   1.0000   0.1154   0.0566   0.2262   0.1217   0.1383   0.1469   0.1358   0.1061
SIM43L2  0.1225  0.2154  0.0963  0.2057  0.1341  0.1670  0.1481  0.1646  0.1890  0.1124   0.1611   0.1359   0.1960   0.1320   0.2084   0.1570   0.1436   0.1366   0.1430   0.1293   0.1615   0.1771   0.1199   0.1692   0.1645   0.1624   0.1238   0.1856   0.1013   0.1690   0.1557   0.1966   0.1558   0.1670   0.1203   0.1832   0.1142   0.1647   0.2055   0.2056   0.1401   0.1387   0.1154   1.0000   0.1993   0.1307   0.1574   0.1514   0.2085   0.1630   0.1252
SIM44L2  0.1158  0.1478  0.1214  0.2287  0.1298  0.1233  0.0817  0.1191  0.1444  0.1526   0.1975   0.1422   0.1689   0.0930   0.1159   0.1017   0.1518   0.1128   0.1411   0.1917   0.1166   0.2208   0.1122   0.2089   0.1427   0.1233   0.1420   0.1481   0.1114   0.1827   0.1153   0.1723   0.1393   0.1388   0.0951   0.1118   0.1340   0.1800   0.1791   0.1545   0.1379   0.1002   0.0566   0.1993   1.0000   0.0764   0.1467   0.1364   0.2240   0.1120   0.1590
SIM45L2  0.1055  0.1509  0.1235  0.2147  0.1544  0.1006  0.1254  0.1372  0.1247  0.1284   0.1296   0.2046   0.1204   0.1471   0.1179   0.1219   0.2391   0.1451   0.1146   0.1124   0.1060   0.0900   0.1314   0.1003   0.0825   0.1155   0.1192   0.1355   0.1628   0.1212   0.1596   0.0968   0.1117   0.1764   0.2100   0.0947   0.1734   0.1794   0.1052   0.0844   0.1731   0.1343   0.2262   0.1307   0.0764   1.0000   0.1226   0.1158   0.1129   0.1073   0.1025
SIM46L2  0.1392  0.1714  0.1518  0.1148  0.1451  0.1448  0.1597  0.1914  0.1352  0.1588   0.1264   0.1651   0.1631   0.1604   0.1776   0.1621   0.1220   0.1697   0.1771   0.1506   0.1663   0.1535   0.1327   0.1547   0.1914   0.1574   0.1270   0.1607   0.1246   0.1760   0.1643   0.1484   0.1371   0.1637   0.1291   0.1572   0.1322   0.1180   0.1444   0.1479   0.1144   0.1039   0.1217   0.1574   0.1467   0.1226   1.0000   0.1008   0.0936   0.1405   0.1138
SIM47L2  0.1171  0.1478  0.1277  0.1794  0.1101  0.1337  0.1063  0.1376  0.1926  0.0934   0.2045   0.1593   0.1133   0.1384   0.0979   0.0973   0.1313   0.2311   0.1677   0.1491   0.1047   0.1319   0.1362   0.1671   0.1667   0.1756   0.1435   0.1360   0.1036   0.1936   0.1276   0.1983   0.0891   0.1643   0.0863   0.2058   0.2191   0.0838   0.1275   0.1331   0.1405   0.1588   0.1383   0.1514   0.1364   0.1158   0.1008   1.0000   0.2179   0.1280   0.1241
SIM48L2  0.1014  0.1566  0.1810  0.2448  0.1599  0.1509  0.0856  0.1578  0.1657  0.0951   0.1845   0.1297   0.1757   0.1492   0.1433   0.0891   0.1681   0.1828   0.1148   0.1831   0.0939   0.1936   0.1509   0.2059   0.1928   0.1051   0.1399   0.1694   0.1550   0.1530   0.1252   0.1951   0.1269   0.1676   0.1082   0.1690   0.1724   0.1717   0.1911   0.1798   0.1294   0.1770   0.1469   0.2085   0.2240   0.1129   0.0936   0.2179   1.0000   0.1114   0.1374
SIM49L2  0.1338  0.1137  0.1703  0.1300  0.1158  0.1451  0.1513  0.2051  0.1760  0.1556   0.1289   0.1560   0.2264   0.1834   0.1911   0.1670   0.1205   0.1600   0.1798   0.1711   0.1608   0.1412   0.1239   0.1552   0.1792   0.1500   0.1666   0.1486   0.1424   0.1345   0.1764   0.1744   0.1949   0.1476   0.1528   0.1833   0.1476   0.1289   0.1104   0.1370   0.1399   0.1664   0.1358   0.1630   0.1120   0.1073   0.1405   0.1280   0.1114   1.0000   0.0760
SIM50L2  0.1201  0.1533  0.1351  0.1662  0.1355  0.0986  0.1211  0.1874  0.1169  0.1061   0.1407   0.0936   0.1323   0.1352   0.1396   0.1315   0.1348   0.1488   0.1587   0.1484   0.0870   0.1080   0.1017   0.1817   0.0968   0.0956   0.1745   0.1112   0.0833   0.1651   0.1489   0.1118   0.1056   0.0815   0.1524   0.1175   0.1207   0.1098   0.1455   0.1210   0.1214   0.1094   0.1061   0.1252   0.1590   0.1025   0.1138   0.1241   0.1374   0.0760   1.0000

LD Score Matrix Condition Number
4.7946

Annotation Correlation Matrix
         SIM1    SIM2    SIM3    SIM4    SIM5    SIM6    SIM7    SIM8    SIM9   SIM10   SIM11   SIM12   SIM13   SIM14   SIM15   SIM16   SIM17   SIM18   SIM19   SIM20   SIM21   SIM22   SIM23   SIM24   SIM25   SIM26   SIM27   SIM28   SIM29   SIM30   SIM31   SIM32   SIM33   SIM34   SIM35   SIM36   SIM37   SIM38   SIM39   SIM40   SIM41   SIM42   SIM43   SIM44   SIM45   SIM46   SIM47   SIM48   SIM49   SIM50
SIM1   1.0000  0.0086  0.0071  0.0102  0.0104  0.0115  0.0149  0.0116  0.0162  0.0167  0.0084  0.0120  0.0132  0.0227  0.0118  0.0116  0.0245  0.0118  0.0119  0.0198  0.0105  0.0169  0.0123  0.0148  0.0209  0.0166  0.0122  0.0181  0.0112  0.0147  0.0264  0.0217  0.0114  0.0200  0.0055  0.0146  0.0100  0.0086  0.0320  0.0213  0.0195  0.0091  0.0120  0.0037  0.0166  0.0071  0.0163  0.0153  0.0115  0.0137
SIM2   0.0086  1.0000  0.0135  0.0069  0.0136  0.0098  0.0164  0.0163  0.0223  0.0054  0.0161  0.0119  0.0162  0.0115  0.0117  0.0178  0.0323  0.0165  0.0134  0.0149  0.0088  0.0216  0.0056  0.0131  0.0223  0.0165  0.0203  0.0100  0.0126  0.0099  0.0101  0.0135  0.0175  0.0182  0.0087  0.0145  0.0177  0.0228  0.0067  0.0132  0.0210  0.0123  0.0119  0.0037  0.0101  0.0134  0.0146  0.0168  0.0208  0.0184
SIM3   0.0071  0.0135  1.0000  0.0135  0.0055  0.0131  0.0213  0.0132  0.0068  0.0119  0.0146  0.0119  0.0179  0.0211  0.0134  0.0132  0.0197  0.0086  0.0248  0.0134  0.0138  0.0185  0.0090  0.0132  0.0114  0.0118  0.0270  0.0117  0.0096  0.0147  0.0118  0.0152  0.0254  0.0199  0.0186  0.0162  0.0147  0.0102  0.0209  0.0085  0.0179  0.0175  0.0087  0.0197  0.0198  0.0184  0.0179  0.0120  0.0146  0.0137
SIM4   0.0102  0.0069  0.0135  1.0000  0.0006  0.0145  0.0132  0.0178  0.0098  0.0214  0.0114  0.0102  0.0146  0.0099  0.0164  0.0147  0.0180  0.0133  0.0182  0.0228  0.0202  0.0168  0.0156  0.0146  0.0145  0.0165  0.0055  0.0100  0.0171  0.0131  0.0198  0.0022  0.0098  0.0150  0.0071  0.0098  0.0146  0.0133  0.0130  0.0148  0.0131  0.0157  0.0167  0.0100  0.0133  0.0134  0.0162  0.0151  0.0114  0.0103
SIM5   0.0104  0.0136  0.0055  0.0006  1.0000  0.0116  0.0118  0.0149  0.0116  0.0120  0.0068  0.0153  0.0117  0.0164  0.0135  0.0133  0.0182  0.0103  0.0152  0.0102  0.0172  0.0154  0.0175  0.0181  0.0115  0.0135  0.0073  0.0150  0.0143  0.0212  0.0119  0.0088  0.0068  0.0055  0.0188  0.0052  0.0196  0.0199  0.0084  0.0102  0.0133  0.0142  0.0104  0.0198  0.0119  0.0136  0.0101  0.0072  0.0242  0.0121
SIM6   0.0115  0.0098  0.0131  0.0145  0.0116  1.0000  0.0113  0.0127  0.0111  0.0130  0.0141  0.0068  0.0234  0.0035  0.0129  0.0158  0.0144  0.0083  0.0208  0.0144  0.0212  0.0131  0.0151  0.0173  0.0156  0.0129  0.0149  0.0112  0.0137  0.0203  0.0161  0.0115  0.0170  0.0099  0.0164  0.0034  0.0126  0.0160  0.0126  0.0237  0.0035  0.0055  0.0068  0.0113  0.0145  0.0130  0.0157  0.0084  0.0156  0.0163
SIM7   0.0149  0.0164  0.0213  0.0132  0.0118  0.0113  1.0000  0.0067  0.0175  0.0196  0.0129  0.0181  0.0098  0.0160  0.0179  0.0255  0.0131  0.0148  0.0053  0.0258  0.0119  0.0214  0.0154  0.0161  0.0190  0.0148  0.0169  0.0146  0.0125  0.0176  0.0164  0.0150  0.0127  0.0180  0.0183  0.0097  0.0098  0.0195  0.0067  0.0194  0.0208  0.0122  0.0133  0.0099  0.0163  0.0117  0.0067  0.0150  0.0191  0.0134
SIM8   0.0116  0.0163  0.0132  0.0178  0.0149  0.0127  0.0067  1.0000  0.0158  0.0100  0.0158  0.0053  0.0097  0.0066  0.0146  0.0113  0.0114  0.0225  0.0100  0.0209  0.0182  0.0069  0.0120  0.0097  0.0127  0.0099  0.0135  0.0207  0.0109  0.0097  0.0068  0.0116  0.0218  0.0195  0.0150  0.0158  0.0190  0.0130  0.0097  0.0177  0.0206  0.0154  0.0132  0.0161  0.0178  0.0148  0.0128  0.0037  0.0327  0.0133
SIM9   0.0162  0.0223  0.0068  0.0098  0.0116  0.0111  0.0175  0.0158  1.0000  0.0114  0.0187  0.0115  0.0188  0.0081  0.0191  0.0112  0.0206  0.0020  0.0161  0.0129  0.0228  0.0210  0.0119  0.0142  0.0110  0.0176  0.0069  0.0251  0.0078  0.0127  0.0161  0.0147  0.0125  0.0145  0.0100  0.0293  0.0142  0.0191  0.0141  0.0144  0.0096  0.0103  0.0162  0.0159  0.0160  0.0130  0.0203  0.0147  0.0172  0.0147
SIM10  0.0167  0.0054  0.0119  0.0214  0.0120  0.0130  0.0196  0.0100  0.0114  1.0000  0.0130  0.0119  0.0115  0.0115  0.0133  0.0178  0.0148  0.0101  0.0166  0.0197  0.0104  0.0152  0.0123  0.0131  0.0192  0.0117  0.0170  0.0196  0.0141  0.0068  0.0150  0.0200  0.0098  0.0247  0.0202  0.0177  0.0115  0.0133  0.0161  0.0117  0.0194  0.0174  0.0103  0.0053  0.0117  0.0102  0.0225  0.0103  0.0099  0.0152
SIM11  0.0084  0.0161  0.0146  0.0114  0.0068  0.0141  0.0129  0.0158  0.0187  0.0130  1.0000  0.0099  0.0219  0.0065  0.0175  0.0281  0.0082  0.0223  0.0068  0.0160  0.0133  0.0163  0.0200  0.0204  0.0247  0.0192  0.0149  0.0082  0.0152  0.0081  0.0192  0.0225  0.0155  0.0083  0.0212  0.0156  0.0065  0.0129  0.0141  0.0097  0.0112  0.0185  0.0131  0.0128  0.0207  0.0131  0.0188  0.0179  0.0156  0.0132
SIM12  0.0120  0.0119  0.0119  0.0102  0.0153  0.0068  0.0181  0.0053  0.0115  0.0119  0.0099  1.0000  0.0132  0.0037  0.0246  0.0164  0.0149  0.0167  0.0119  0.0118  0.0105  0.0104  0.0090  0.0164  0.0099  0.0102  0.0089  0.0165  0.0112  0.0132  0.0231  0.0185  0.0083  0.0135  0.0121  0.0084  0.0116  0.0086  0.0162  0.0165  0.0148  0.0108  0.0087  0.0101  0.0134  0.0136  0.0068  0.0120  0.0131  0.0055
SIM13  0.0132  0.0162  0.0179  0.0146  0.0117  0.0234  0.0098  0.0097  0.0188  0.0115  0.0219  0.0132  1.0000  0.0128  0.0254  0.0143  0.0129  0.0146  0.0163  0.0239  0.0134  0.0164  0.0185  0.0128  0.0187  0.0130  0.0199  0.0144  0.0213  0.0235  0.0068  0.0163  0.0110  0.0131  0.0165  0.0219  0.0112  0.0114  0.0157  0.0223  0.0221  0.0120  0.0100  0.0129  0.0240  0.0100  0.0066  0.0132  0.0111  0.0228
SIM14  0.0227  0.0115  0.0211  0.0099  0.0164  0.0035  0.0160  0.0066  0.0081  0.0115  0.0065  0.0037  0.0128  1.0000  0.0145  0.0097  0.0098  0.0146  0.0131  0.0114  0.0101  0.0148  0.0185  0.0174  0.0141  0.0052  0.0166  0.0191  0.0138  0.0143  0.0240  0.0148  0.0156  0.0131  0.0245  0.0035  0.0143  0.0177  0.0127  0.0129  0.0174  0.0088  0.0258  0.0129  0.0067  0.0037  0.0158  0.0132  0.0311  0.0148
SIM15  0.0118  0.0117  0.0134  0.0164  0.0135  0.0129  0.0179  0.0146  0.0191  0.0133  0.0175  0.0246  0.0254  0.0145  1.0000  0.0083  0.0210  0.0132  0.0133  0.0100  0.0119  0.0086  0.0122  0.0083  0.0113  0.0259  0.0136  0.0115  0.0201  0.0161  0.0117  0.0150  0.0251  0.0133  0.0151  0.0268  0.0114  0.0148  0.0191  0.0084  0.0114  0.0073  0.0198  0.0163  0.0227  0.0117  0.0176  0.0134  0.0067  0.0215
SIM16  0.0116  0.0178  0.0132  0.0147  0.0133  0.0158  0.0255  0.0113  0.0112  0.0178  0.0281  0.0164  0.0143  0.0097  0.0083  1.0000  0.0176  0.0131  0.0052  0.0161  0.0150  0.0053  0.0169  0.0128  0.0127  0.0256  0.0118  0.0176  0.0198  0.0159  0.0115  0.0100  0.0126  0.0257  0.0117  0.0188  0.0189  0.0146  0.0096  0.0192  0.0206  0.0236  0.0148  0.0067  0.0115  0.0132  0.0097  0.0196  0.0189  0.0149
SIM17  0.0245  0.0323  0.0197  0.0180  0.0182  0.0144  0.0131  0.0114  0.0206  0.0148  0.0082  0.0149  0.0129  0.0098  0.0210  0.0176  1.0000  0.0116  0.0149  0.0068  0.0103  0.0070  0.0187  0.0114  0.0174  0.0100  0.0168  0.0193  0.0155  0.0114  0.0196  0.0133  0.0173  0.0164  0.0232  0.0113  0.0160  0.0210  0.0144  0.0147  0.0192  0.0139  0.0117  0.0084  0.0179  0.0149  0.0098  0.0198  0.0128  0.0215
SIM18  0.0118  0.0165  0.0086  0.0133  0.0103  0.0083  0.0148  0.0225  0.0020  0.0101  0.0223  0.0167  0.0146  0.0146  0.0132  0.0131  0.0116  1.0000  0.0118  0.0117  0.0169  0.0151  0.0155  0.0209  0.0144  0.0117  0.0104  0.0179  0.0110  0.0115  0.0165  0.0231  0.0221  0.0182  0.0168  0.0176  0.0193  0.0069  0.0176  0.0180  0.0068  0.0123  0.0102  0.0116  0.0197  0.0086  0.0130  0.0119  0.0067  0.0232
SIM19  0.0119  0.0134  0.0248  0.0182  0.0152  0.0208  0.0053  0.0100  0.0161  0.0166  0.0068  0.0119  0.0163  0.0131  0.0133  0.0052  0.0149  0.0118  1.0000  0.0037  0.0137  0.0120  0.0173  0.0131  0.0208  0.0037  0.0154  0.0164  0.0142  0.0147  0.0150  0.0151  0.0191  0.0118  0.0088  0.0052  0.0147  0.0133  0.0115  0.0085  0.0052  0.0140  0.0151  0.0180  0.0134  0.0086  0.0052  0.0087  0.0193  0.0299
SIM20  0.0198  0.0149  0.0134  0.0228  0.0102  0.0144  0.0258  0.0209  0.0129  0.0197  0.0160  0.0118  0.0239  0.0114  0.0100  0.0161  0.0068  0.0117  0.0037  1.0000  0.0103  0.0134  0.0188  0.0177  0.0206  0.0228  0.0136  0.0084  0.0140  0.0083  0.0149  0.0038  0.0066  0.0133  0.0152  0.0082  0.0145  0.0084  0.0144  0.0131  0.0146  0.0205  0.0182  0.0147  0.0291  0.0150  0.0161  0.0215  0.0129  0.0070
SIM21  0.0105  0.0088  0.0138  0.0202  0.0172  0.0212  0.0119  0.0182  0.0228  0.0104  0.0133  0.0105  0.0134  0.0101  0.0119  0.0150  0.0103  0.0169  0.0137  0.0103  1.0000  0.0171  0.0210  0.0198  0.0100  0.0104  0.0157  0.0151  0.0191  0.0101  0.0120  0.0121  0.0179  0.0120  0.0106  0.0149  0.0149  0.0185  0.0133  0.0151  0.0198  0.0075  0.0121  0.0151  0.0104  0.0154  0.0133  0.0155  0.0133  0.0205
SIM22  0.0169  0.0216  0.0185  0.0168  0.0154  0.0131  0.0214  0.0069  0.0210  0.0152  0.0163  0.0104  0.0164  0.0148  0.0086  0.0053  0.0070  0.0151  0.0120  0.0134  0.0171  1.0000  0.0141  0.0212  0.0162  0.0086  0.0189  0.0102  0.0158  0.0116  0.0119  0.0202  0.0099  0.0136  0.0122  0.0210  0.0195  0.0151  0.0147  0.0150  0.0212  0.0192  0.0120  0.0118  0.0054  0.0120  0.0180  0.0137  0.0116  0.0154
SIM23  0.0123  0.0056  0.0090  0.0156  0.0175  0.0151  0.0154  0.0120  0.0119  0.0123  0.0200  0.0090  0.0185  0.0185  0.0122  0.0169  0.0187  0.0155  0.0173  0.0188  0.0210  0.0141  1.0000  0.0185  0.0231  0.0139  0.0160  0.0088  0.0147  0.0185  0.0189  0.0157  0.0198  0.0139  0.0108  0.0119  0.0136  0.0122  0.0184  0.0187  0.0153  0.0059  0.0207  0.0072  0.0089  0.0073  0.0136  0.0074  0.0167  0.0141
SIM24  0.0148  0.0131  0.0132  0.0146  0.0181  0.0173  0.0161  0.0097  0.0142  0.0131  0.0204  0.0164  0.0128  0.0174  0.0083  0.0128  0.0114  0.0209  0.0131  0.0177  0.0198  0.0212  0.0185  1.0000  0.0157  0.0130  0.0215  0.0129  0.0123  0.0097  0.0209  0.0164  0.0141  0.0052  0.0133  0.0127  0.0158  0.0114  0.0173  0.0114  0.0128  0.0039  0.0068  0.0192  0.0130  0.0163  0.0143  0.0164  0.0096  0.0133
SIM25  0.0209  0.0223  0.0114  0.0145  0.0115  0.0156  0.0190  0.0127  0.0110  0.0192  0.0247  0.0099  0.0187  0.0141  0.0113  0.0127  0.0174  0.0144  0.0208  0.0206  0.0100  0.0162  0.0231  0.0157  1.0000  0.0129  0.0133  0.0143  0.0181  0.0141  0.0129  0.0115  0.0154  0.0129  0.0211  0.0186  0.0126  0.0113  0.0125  0.0143  0.0096  0.0119  0.0146  0.0128  0.0175  0.0240  0.0126  0.0131  0.0125  0.0163
