*********************************************************************
* LD Score Regression (LDSC)
* Version 1.0.1
* (C) 2014-2019 Brendan Bulik-Sullivan and Hilary Finucane
* Broad Institute of MIT and Harvard / MIT Department of Mathematics
* GNU General Public License v3
*********************************************************************
Call: 
./ldsc.py \
--out /data/sbcs/GuoLab/backup/liq17/CRC_TF_TWAS_zhishan2024/NC_revision_OceanCode/v2_NC_revision//84Tracks//ldscores_sim10000//8 \
--bfile /data/sbcs/GuoLab/backup/liq17/ref/Alkesgroup/1000G_EUR_Phase3_plink_hg38/1000G.EUR.QC.8 \
--annot /data/sbcs/GuoLab/backup/liq17/CRC_TF_TWAS_zhishan2024/NC_revision_OceanCode/v2_NC_revision//84Tracks//annots_sim10000//8.annot.txt \
--l2  \
--ld-wind-kb 100.0 

Beginning analysis at Sun Oct 26 23:13:14 2025
Read list of 549556 SNPs from /data/sbcs/GuoLab/backup/liq17/ref/Alkesgroup/1000G_EUR_Phase3_plink_hg38/1000G.EUR.QC.8.bim
Read 50 annotations for 549556 SNPs from /data/sbcs/GuoLab/backup/liq17/CRC_TF_TWAS_zhishan2024/NC_revision_OceanCode/v2_NC_revision//84Tracks//annots_sim10000//8.annot.txt
Read list of 489 individuals from /data/sbcs/GuoLab/backup/liq17/ref/Alkesgroup/1000G_EUR_Phase3_plink_hg38/1000G.EUR.QC.8.fam
Reading genotypes from /data/sbcs/GuoLab/backup/liq17/ref/Alkesgroup/1000G_EUR_Phase3_plink_hg38/1000G.EUR.QC.8.bed
Estimating LD Score.
Writing LD Scores for 549556 SNPs to /data/sbcs/GuoLab/backup/liq17/CRC_TF_TWAS_zhishan2024/NC_revision_OceanCode/v2_NC_revision//84Tracks//ldscores_sim10000//8.l2.ldscore.gz

Summary of LD Scores in /data/sbcs/GuoLab/backup/liq17/CRC_TF_TWAS_zhishan2024/NC_revision_OceanCode/v2_NC_revision//84Tracks//ldscores_sim10000//8.l2.ldscore.gz
         MAF  SIM1L2  SIM2L2  SIM3L2  SIM4L2  SIM5L2  SIM6L2  SIM7L2  SIM8L2  SIM9L2  SIM10L2  SIM11L2  SIM12L2  SIM13L2  SIM14L2  SIM15L2  SIM16L2  SIM17L2  SIM18L2  SIM19L2  SIM20L2  SIM21L2  SIM22L2  SIM23L2  SIM24L2  SIM25L2  SIM26L2  SIM27L2  SIM28L2  SIM29L2  SIM30L2  SIM31L2  SIM32L2  SIM33L2  SIM34L2  SIM35L2  SIM36L2  SIM37L2  SIM38L2  SIM39L2  SIM40L2  SIM41L2  SIM42L2  SIM43L2  SIM44L2  SIM45L2  SIM46L2  SIM47L2  SIM48L2  SIM49L2  SIM50L2
mean  0.1476  0.0823  0.0715  0.0790  0.0818  0.0761  0.0760  0.0791  0.0866  0.0828   0.0792   0.0797   0.0698   0.0826   0.0817   0.0787   0.0779   0.0810   0.0847   0.0860   0.0812   0.0664   0.0763   0.0802   0.0686   0.0788   0.0843   0.0820   0.0748   0.0757   0.0754   0.0778   0.0806   0.0743   0.0828   0.0761   0.0734   0.0818   0.0738   0.0756   0.0798   0.0697   0.0728   0.0750   0.0849   0.0822   0.0788   0.0805   0.0815   0.0811   0.0787
std   0.1493  0.2483  0.2203  0.2304  0.2449  0.2338  0.2311  0.2374  0.2525  0.2341   0.2345   0.2303   0.2202   0.2316   0.2431   0.2281   0.2295   0.2453   0.2530   0.2453   0.2446   0.2096   0.2240   0.2328   0.2113   0.2368   0.2363   0.2560   0.2265   0.2246   0.2358   0.2205   0.2341   0.2280   0.2435   0.2325   0.2214   0.2367   0.2179   0.2319   0.2286   0.2109   0.2172   0.2309   0.2696   0.2562   0.2356   0.2330   0.2548   0.2567   0.2372
min   0.0051 -0.0110 -0.0104 -0.0125 -0.0118 -0.0096 -0.0127 -0.0145 -0.0142 -0.0112  -0.0105  -0.0094  -0.0128  -0.0092  -0.0134  -0.0119  -0.0100  -0.0128  -0.0130  -0.0135  -0.0101  -0.0112  -0.0123  -0.0107  -0.0146  -0.0133  -0.0120  -0.0175  -0.0157  -0.0131  -0.0109  -0.0114  -0.0147  -0.0135  -0.0104  -0.0119  -0.0125  -0.0100  -0.0097  -0.0104  -0.0113  -0.0113  -0.0122  -0.0109  -0.0108  -0.0138  -0.0123  -0.0143  -0.0130  -0.0150  -0.0134
25%   0.0194  0.0000  0.0000  0.0000  0.0000  0.0000  0.0000  0.0000  0.0000  0.0000   0.0000   0.0000   0.0000   0.0000   0.0000   0.0000   0.0000   0.0000   0.0000   0.0000   0.0000   0.0000   0.0000   0.0000   0.0000   0.0000   0.0000   0.0000   0.0000   0.0000   0.0000   0.0000   0.0000   0.0000   0.0000   0.0000   0.0000   0.0000   0.0000   0.0000   0.0000   0.0000   0.0000   0.0000   0.0000   0.0000   0.0000   0.0000   0.0000   0.0000   0.0000
50%   0.0838  0.0000  0.0000  0.0000  0.0000  0.0000  0.0000  0.0000  0.0000  0.0000   0.0000   0.0000   0.0000   0.0000   0.0000   0.0000   0.0000   0.0000   0.0000   0.0000   0.0000   0.0000   0.0000   0.0000   0.0000   0.0000   0.0000   0.0000   0.0000   0.0000   0.0000   0.0000   0.0000   0.0000   0.0000   0.0000   0.0000   0.0000   0.0000   0.0000   0.0000   0.0000   0.0000   0.0000   0.0000   0.0000   0.0000   0.0000   0.0000   0.0000   0.0000
75%   0.2556  0.0216  0.0169  0.0218  0.0214  0.0169  0.0198  0.0181  0.0261  0.0236   0.0204   0.0227   0.0143   0.0232   0.0212   0.0196   0.0188   0.0193   0.0230   0.0250   0.0220   0.0149   0.0213   0.0208   0.0153   0.0192   0.0251   0.0161   0.0195   0.0182   0.0164   0.0238   0.0202   0.0159   0.0224   0.0194   0.0162   0.0217   0.0202   0.0181   0.0242   0.0158   0.0169   0.0184   0.0206   0.0233   0.0186   0.0234   0.0189   0.0207   0.0220
max   0.5000  3.3264  2.9933  2.2608  4.0128  3.0500  2.8538  2.9786  3.0000  2.7378   3.0290   2.9457   3.8472   3.0020   2.7721   2.1816   2.6433   2.8711   2.8924   2.8764   3.8497   2.2713   2.8708   2.6142   2.3757   2.6882   2.1745   3.3000   3.0973   2.3032   3.1296   2.4256   2.0217   3.0000   2.4863   2.8041   2.1345   2.9225   2.6229   3.1495   2.8706   2.3602   3.1310   3.8280   4.0108   3.8979   2.7810   2.3215   3.6000   4.5009   2.9034

MAF/LD Score Correlation Matrix
            MAF  SIM1L2  SIM2L2  SIM3L2  SIM4L2  SIM5L2  SIM6L2  SIM7L2  SIM8L2  SIM9L2  SIM10L2  SIM11L2  SIM12L2  SIM13L2  SIM14L2  SIM15L2  SIM16L2  SIM17L2  SIM18L2  SIM19L2  SIM20L2  SIM21L2  SIM22L2  SIM23L2  SIM24L2  SIM25L2  SIM26L2  SIM27L2  SIM28L2  SIM29L2  SIM30L2  SIM31L2  SIM32L2  SIM33L2  SIM34L2  SIM35L2  SIM36L2  SIM37L2  SIM38L2  SIM39L2  SIM40L2  SIM41L2  SIM42L2  SIM43L2  SIM44L2  SIM45L2  SIM46L2  SIM47L2  SIM48L2  SIM49L2  SIM50L2
MAF      1.0000  0.1436  0.1275  0.1354  0.1460  0.1325  0.1432  0.1301  0.1320  0.1621   0.1117   0.1392   0.1597   0.1433   0.1594   0.1628   0.1700   0.1254   0.1503   0.1610   0.1315   0.1283   0.1629   0.1687   0.1313   0.1352   0.1604   0.1160   0.1426   0.1383   0.1326   0.1792   0.1327   0.1262   0.1721   0.1447   0.1017   0.1632   0.1561   0.1271   0.1597   0.1126   0.1303   0.1366   0.1392   0.1298   0.1326   0.1614   0.1439   0.1213   0.1493
SIM1L2   0.1436  1.0000  0.2081  0.1276  0.1409  0.1621  0.1662  0.1597  0.1523  0.1792   0.1910   0.2235   0.1849   0.2056   0.2585   0.1363   0.2245   0.1925   0.2223   0.1733   0.2110   0.1659   0.1152   0.2218   0.1595   0.2394   0.1947   0.1455   0.1553   0.1795   0.1788   0.1851   0.1816   0.1386   0.1598   0.1833   0.2081   0.1654   0.1772   0.2567   0.1373   0.1667   0.1629   0.2203   0.1555   0.1344   0.2024   0.1463   0.1986   0.1371   0.1591
SIM2L2   0.1275  0.2081  1.0000  0.1368  0.1098  0.1028  0.1451  0.2040  0.1859  0.1236   0.1677   0.1084   0.1545   0.1267   0.1230   0.1484   0.1796   0.1527   0.1572   0.1780   0.1721   0.1399   0.1532   0.1658   0.1100   0.1387   0.2106   0.1444   0.1177   0.1513   0.1032   0.1679   0.2261   0.1342   0.1247   0.1502   0.1551   0.1548   0.1504   0.1310   0.1579   0.1679   0.1349   0.1744   0.1262   0.1101   0.1873   0.1725   0.1413   0.1306   0.1551
SIM3L2   0.1354  0.1276  0.1368  1.0000  0.1791  0.1123  0.1471  0.1586  0.1587  0.1789   0.1569   0.1668   0.1249   0.1674   0.1557   0.1412   0.1557   0.1572   0.1501   0.1423   0.1449   0.1254   0.1290   0.1435   0.0888   0.1116   0.1346   0.1674   0.1529   0.1202   0.1301   0.1706   0.1903   0.1621   0.1609   0.1475   0.1198   0.1663   0.1444   0.1359   0.1638   0.1469   0.1326   0.1532   0.1233   0.0919   0.1340   0.1884   0.1352   0.1088   0.1576
SIM4L2   0.1460  0.1409  0.1098  0.1791  1.0000  0.2297  0.1700  0.2001  0.1885  0.1984   0.1807   0.2598   0.1921   0.1857   0.1681   0.2287   0.1929   0.1849   0.1488   0.1580   0.1501   0.2413   0.1589   0.1985   0.1169   0.1752   0.1881   0.2018   0.1770   0.1557   0.1577   0.1763   0.1486   0.2059   0.1884   0.1478   0.2215   0.1338   0.0861   0.1828   0.1673   0.1588   0.1984   0.1620   0.2037   0.2188   0.2227   0.1418   0.2124   0.1622   0.1971
SIM5L2   0.1325  0.1621  0.1028  0.1123  0.2297  1.0000  0.1201  0.1578  0.1808  0.1570   0.1999   0.1491   0.1397   0.1357   0.1013   0.2378   0.1811   0.1719   0.1505   0.1308   0.2061   0.2220   0.1125   0.2185   0.2001   0.2255   0.2204   0.2854   0.1828   0.2028   0.1950   0.1680   0.1412   0.2196   0.2114   0.1764   0.1580   0.1755   0.1230   0.1666   0.1738   0.2036   0.1740   0.2129   0.2454   0.2599   0.1780   0.1592   0.2374   0.2472   0.1164
SIM6L2   0.1432  0.1662  0.1451  0.1471  0.1700  0.1201  1.0000  0.1935  0.1185  0.2099   0.0961   0.2030   0.2174   0.1894   0.2392   0.1438   0.1864   0.1408   0.1948   0.1993   0.1653   0.1134   0.2104   0.1959   0.1698   0.1717   0.1759   0.1399   0.1107   0.1527   0.1346   0.1537   0.1903   0.1183   0.1717   0.1763   0.1395   0.1656   0.1876   0.1415   0.2246   0.1438   0.1560   0.1334   0.1979   0.1220   0.1792   0.1939   0.1274   0.1611   0.1423
SIM7L2   0.1301  0.1597  0.2040  0.1586  0.2001  0.1578  0.1935  1.0000  0.1863  0.1734   0.1984   0.2101   0.1668   0.1618   0.1743   0.1563   0.2226   0.1949   0.1812   0.1722   0.1426   0.1445   0.1148   0.1893   0.1230   0.1497   0.1959   0.1782   0.1744   0.1780   0.0977   0.1746   0.1569   0.1819   0.1891   0.1746   0.1264   0.1529   0.1517   0.1674   0.1788   0.1584   0.1665   0.2041   0.1312   0.1228   0.2127   0.2108   0.1935   0.1134   0.1441
SIM8L2   0.1320  0.1523  0.1859  0.1587  0.1885  0.1808  0.1185  0.1863  1.0000  0.1703   0.2079   0.1564   0.1853   0.2219   0.1767   0.1755   0.2142   0.1518   0.1927   0.1854   0.2278   0.2338   0.1749   0.2229   0.1421   0.1588   0.2443   0.2636   0.1682   0.2144   0.1852   0.1935   0.2308   0.1895   0.1857   0.2060   0.1713   0.1852   0.1067   0.1442   0.1569   0.1964   0.1753   0.1790   0.2359   0.2886   0.1558   0.2141   0.2703   0.2206   0.1632
SIM9L2   0.1621  0.1792  0.1236  0.1789  0.1984  0.1570  0.2099  0.1734  0.1703  1.0000   0.1554   0.1813   0.1552   0.1506   0.1644   0.1855   0.1916   0.1362   0.2214   0.1579   0.0999   0.1603   0.1313   0.1679   0.1251   0.1601   0.1415   0.1550   0.1317   0.1848   0.1502   0.1676   0.1576   0.1507   0.1351   0.2014   0.1484   0.2033   0.1692   0.1690   0.1243   0.1524   0.1622   0.1787   0.1166   0.1209   0.1840   0.1390   0.1079   0.1183   0.1498
SIM10L2  0.1117  0.1910  0.1677  0.1569  0.1807  0.1999  0.0961  0.1984  0.2079  0.1554   1.0000   0.1892   0.1501   0.1608   0.1455   0.1948   0.1973   0.2072   0.1343   0.1274   0.2193   0.2154   0.1423   0.1653   0.1075   0.1541   0.1924   0.2080   0.1790   0.1323   0.1306   0.1676   0.1763   0.1878   0.1641   0.1535   0.1664   0.1664   0.1691   0.1588   0.1336   0.1482   0.1673   0.1652   0.1836   0.1386   0.1867   0.1813   0.2063   0.1566   0.1124
SIM11L2  0.1392  0.2235  0.1084  0.1668  0.2598  0.1491  0.2030  0.2101  0.1564  0.1813   0.1892   1.0000   0.1872   0.1383   0.1825   0.1665   0.1994   0.2197   0.2510   0.1539   0.1864   0.1750   0.1794   0.1710   0.1604   0.1713   0.1867   0.1845   0.2080   0.1535   0.1470   0.1625   0.1782   0.1486   0.1794   0.1711   0.1839   0.1453   0.1920   0.2427   0.1616   0.1360   0.1502   0.1727   0.1965   0.1566   0.1813   0.2177   0.1541   0.1453   0.1591
SIM12L2  0.1597  0.1849  0.1545  0.1249  0.1921  0.1397  0.2174  0.1668  0.1853  0.1552   0.1501   0.1872   1.0000   0.1459   0.2498   0.1664   0.1410   0.1397   0.1466   0.1698   0.1181   0.1363   0.1989   0.1934   0.1370   0.1536   0.1594   0.1616   0.0883   0.1759   0.1573   0.1451   0.1719   0.1485   0.1672   0.1886   0.1361   0.1776   0.1099   0.1444   0.1455   0.1839   0.1123   0.1375   0.1902   0.1677   0.1815   0.1658   0.1585   0.1260   0.1719
SIM13L2  0.1433  0.2056  0.1267  0.1674  0.1857  0.1357  0.1894  0.1618  0.2219  0.1506   0.1608   0.1383   0.1459   1.0000   0.2236   0.1197   0.2339   0.1759   0.1300   0.2055   0.1320   0.1510   0.1096   0.1737   0.1338   0.1756   0.1304   0.2116   0.1752   0.1514   0.1557   0.1897   0.1626   0.2380   0.1783   0.1519   0.1479   0.1438   0.1307   0.1244   0.1212   0.1896   0.1608   0.1735   0.1585   0.1433   0.1518   0.1404   0.1619   0.1609   0.1413
SIM14L2  0.1594  0.2585  0.1230  0.1557  0.1681  0.1013  0.2392  0.1743  0.1767  0.1644   0.1455   0.1825   0.2498   0.2236   1.0000   0.1512   0.2161   0.2289   0.2335   0.1794   0.1910   0.1393   0.1864   0.2038   0.1155   0.1662   0.1669   0.1818   0.1355   0.2102   0.1936   0.1497   0.1617   0.1737   0.2439   0.2184   0.1875   0.1721   0.1189   0.1872   0.1798   0.1863   0.1679   0.1584   0.2252   0.1752   0.1948   0.1267   0.1890   0.1954   0.2106
SIM15L2  0.1628  0.1363  0.1484  0.1412  0.2287  0.2378  0.1438  0.1563  0.1755  0.1855   0.1948   0.1665   0.1664   0.1197   0.1512   1.0000   0.1821   0.1883   0.1346   0.1688   0.1530   0.1544   0.1176   0.2147   0.1134   0.1163   0.1756   0.1843   0.1661   0.1876   0.1624   0.2075   0.1898   0.1729   0.1933   0.1884   0.1632   0.1476   0.1584   0.1541   0.1539   0.2001   0.1470   0.1475   0.1745   0.2457   0.1951   0.1561   0.1963   0.1853   0.1272
SIM16L2  0.1700  0.2245  0.1796  0.1557  0.1929  0.1811  0.1864  0.2226  0.2142  0.1916   0.1973   0.1994   0.1410   0.2339   0.2161   0.1821   1.0000   0.1881   0.2008   0.1839   0.2014   0.1788   0.1713   0.2618   0.1601   0.1516   0.1985   0.2376   0.1891   0.1976   0.1937   0.2172   0.2244   0.2367   0.2052   0.2420   0.1450   0.2261   0.1541   0.2106   0.1772   0.2020   0.1473   0.2048   0.1256   0.1637   0.2318   0.1716   0.2041   0.1889   0.1166
SIM17L2  0.1254  0.1925  0.1527  0.1572  0.1849  0.1719  0.1408  0.1949  0.1518  0.1362   0.2072   0.2197   0.1397   0.1759   0.2289   0.1883   0.1881   1.0000   0.1665   0.1505   0.2475   0.1588   0.1280   0.1940   0.1385   0.1993   0.1977   0.2240   0.2510   0.1956   0.1915   0.1619   0.1338   0.1661   0.1610   0.1734   0.1376   0.1291   0.1640   0.1879   0.1442   0.1391   0.1805   0.2221   0.2605   0.1846   0.2348   0.1572   0.2365   0.2358   0.1271
SIM18L2  0.1503  0.2223  0.1572  0.1501  0.1488  0.1505  0.1948  0.1812  0.1927  0.2214   0.1343   0.2510   0.1466   0.1300   0.2335   0.1346   0.2008   0.1665   1.0000   0.1536   0.2301   0.1451   0.1767   0.2306   0.1677   0.2696   0.1956   0.2104   0.1809   0.1876   0.1678   0.1410   0.1863   0.1341   0.1820   0.1830   0.2013   0.2039   0.1185   0.2169   0.1694   0.1344   0.1435   0.2223   0.2262   0.1839   0.1688   0.2199   0.2123   0.1999   0.1641
SIM19L2  0.1610  0.1733  0.1780  0.1423  0.1580  0.1308  0.1993  0.1722  0.1854  0.1579   0.1274   0.1539   0.1698   0.2055   0.1794   0.1688   0.1839   0.1505   0.1536   1.0000   0.2141   0.1569   0.1882   0.1778   0.1362   0.1592   0.1929   0.1542   0.1803   0.2052   0.1170   0.1679   0.2078   0.1415   0.1926   0.1608   0.1532   0.2016   0.1287   0.1457   0.1932   0.1656   0.1575   0.1435   0.2047   0.1592   0.1644   0.1789   0.1762   0.1678   0.1407
SIM20L2  0.1315  0.2110  0.1721  0.1449  0.1501  0.2061  0.1653  0.1426  0.2278  0.0999   0.2193   0.1864   0.1181   0.1320   0.1910   0.1530   0.2014   0.2475   0.2301   0.2141   1.0000   0.1876   0.1525   0.2381   0.2088   0.1860   0.2732   0.2130   0.1840   0.2216   0.1662   0.1819   0.2037   0.1623   0.2257   0.2179   0.2033   0.1741   0.1417   0.1712   0.2055   0.1819   0.1579   0.1748   0.2289   0.2106   0.1873   0.2264   0.2608   0.2674   0.1217
SIM21L2  0.1283  0.1659  0.1399  0.1254  0.2413  0.2220  0.1134  0.1445  0.2338  0.1603   0.2154   0.1750   0.1363   0.1510   0.1393   0.1544   0.1788   0.1588   0.1451   0.1569   0.1876   1.0000   0.1493   0.2179   0.1423   0.1961   0.2008   0.2035   0.1877   0.1570   0.1221   0.1658   0.1380   0.1559   0.1408   0.1799   0.1584   0.1627   0.0807   0.1276   0.1414   0.1405   0.1955   0.1818   0.1717   0.1929   0.1230   0.1678   0.1813   0.1877   0.1346
SIM22L2  0.1629  0.1152  0.1532  0.1290  0.1589  0.1125  0.2104  0.1148  0.1749  0.1313   0.1423   0.1794   0.1989   0.1096   0.1864   0.1176   0.1713   0.1280   0.1767   0.1882   0.1525   0.1493   1.0000   0.1916   0.1661   0.1966   0.1595   0.1444   0.1295   0.1527   0.1266   0.1742   0.1873   0.1387   0.1565   0.1431   0.1581   0.1716   0.1511   0.1593   0.1224   0.0972   0.1341   0.0848   0.1453   0.1187   0.1114   0.1722   0.1270   0.1541   0.1969
SIM23L2  0.1687  0.2218  0.1658  0.1435  0.1985  0.2185  0.1959  0.1893  0.2229  0.1679   0.1653   0.1710   0.1934   0.1737   0.2038   0.2147   0.2618   0.1940   0.2306   0.1778   0.2381   0.2179   0.1916   1.0000   0.2072   0.1772   0.1944   0.2705   0.2115   0.2392   0.2042   0.2057   0.2090   0.2095   0.2431   0.2516   0.1884   0.2457   0.1724   0.1707   0.1790   0.1835   0.1547   0.1828   0.2309   0.2465   0.1793   0.2420   0.2993   0.2585   0.1785
SIM24L2  0.1313  0.1595  0.1100  0.0888  0.1169  0.2001  0.1698  0.1230  0.1421  0.1251   0.1075   0.1604   0.1370   0.1338   0.1155   0.1134   0.1601   0.1385   0.1677   0.1362   0.2088   0.1423   0.1661   0.2072   1.0000   0.1876   0.1770   0.1481   0.1287   0.1290   0.1180   0.1241   0.1200   0.1141   0.1192   0.1437   0.1087   0.1833   0.2052   0.1853   0.1293   0.1265   0.1344   0.1564   0.1625   0.1871   0.1712   0.1866   0.1691   0.1808   0.1104
SIM25L2  0.1352  0.2394  0.1387  0.1116  0.1752  0.2255  0.1717  0.1497  0.1588  0.1601   0.1541   0.1713   0.1536   0.1756   0.1662   0.1163   0.1516   0.1993   0.2696   0.1592   0.1860   0.1961   0.1966   0.1772   0.1876   1.0000   0.2255   0.2143   0.1749   0.1436   0.1699   0.1645   0.1525   0.1707   0.1429   0.1687   0.1793   0.1753   0.1379   0.1995   0.1730   0.1404   0.2076   0.2192   0.2279   0.1893   0.2026   0.1798   0.1858   0.2079   0.1760
SIM26L2  0.1604  0.1947  0.2106  0.1346  0.1881  0.2204  0.1759  0.1959  0.2443  0.1415   0.1924   0.1867   0.1594   0.1304   0.1669   0.1756   0.1985   0.1977   0.1956   0.1929   0.2732   0.2008   0.1595   0.1944   0.1770   0.2255   1.0000   0.2288   0.1844   0.2281   0.2175   0.1929   0.2050   0.1765   0.1766   0.1889   0.2023   0.1552   0.1695   0.1689   0.1956   0.1742   0.1836   0.1879   0.2242   0.2193   0.2571   0.1983   0.1927   0.2819   0.1649
SIM27L2  0.1160  0.1455  0.1444  0.1674  0.2018  0.2854  0.1399  0.1782  0.2636  0.1550   0.2080   0.1845   0.1616   0.2116   0.1818   0.1843   0.2376   0.2240   0.2104   0.1542   0.2130   0.2035   0.1444   0.2705   0.1481   0.2143   0.2288   1.0000   0.1654   0.2435   0.2657   0.1945   0.2345   0.2628   0.2637   0.2337   0.1935   0.2312   0.1291   0.1345   0.1784   0.2284   0.2003   0.1497   0.2990   0.3171   0.2127   0.2399   0.3483   0.3137   0.1093
SIM28L2  0.1426  0.1553  0.1177  0.1529  0.1770  0.1828  0.1107  0.1744  0.1682  0.1317   0.1790   0.2080   0.0883   0.1752   0.1355   0.1661   0.1891   0.2510   0.1809   0.1803   0.1840   0.1877   0.1295   0.2115   0.1287   0.1749   0.1844   0.1654   1.0000   0.1938   0.1608   0.1984   0.1448   0.1735   0.1802   0.1684   0.1462   0.1444   0.0927   0.1564   0.1465   0.1453   0.1631   0.1647   0.1792   0.1701   0.1949   0.1852   0.1771   0.1986   0.0619
SIM29L2  0.1383  0.1795  0.1513  0.1202  0.1557  0.2028  0.1527  0.1780  0.2144  0.1848   0.1323   0.1535   0.1759   0.1514   0.2102   0.1876   0.1976   0.1956   0.1876   0.2052   0.2216   0.1570   0.1527   0.2392   0.1290   0.1436   0.2281   0.2435   0.1938   1.0000   0.2327   0.1831   0.1749   0.1717   0.2229   0.2250   0.1802   0.2255   0.1169   0.1951   0.2040   0.2140   0.1773   0.2244   0.2632   0.2189   0.1707   0.1763   0.1926   0.2708   0.1167
SIM30L2  0.1326  0.1788  0.1032  0.1301  0.1577  0.1950  0.1346  0.0977  0.1852  0.1502   0.1306   0.1470   0.1573   0.1557   0.1936   0.1624   0.1937   0.1915   0.1678   0.1170   0.1662   0.1221   0.1266   0.2042   0.1180   0.1699   0.2175   0.2657   0.1608   0.2327   1.0000   0.1780   0.1439   0.1499   0.2114   0.2186   0.1863   0.1725   0.1378   0.1556   0.1929   0.1832   0.1680   0.1684   0.3044   0.2388   0.1385   0.1434   0.2092   0.2856   0.1407
SIM31L2  0.1792  0.1851  0.1679  0.1706  0.1763  0.1680  0.1537  0.1746  0.1935  0.1676   0.1676   0.1625   0.1451   0.1897   0.1497   0.2075   0.2172   0.1619   0.1410   0.1679   0.1819   0.1658   0.1742   0.2057   0.1241   0.1645   0.1929   0.1945   0.1984   0.1831   0.1780   1.0000   0.1718   0.1661   0.1678   0.1997   0.1596   0.1435   0.1366   0.1637   0.1347   0.1546   0.1487   0.1536   0.1608   0.1686   0.2003   0.2078   0.2059   0.1920   0.0986
SIM32L2  0.1327  0.1816  0.2261  0.1903  0.1486  0.1412  0.1903  0.1569  0.2308  0.1576   0.1763   0.1782   0.1719   0.1626   0.1617   0.1898   0.2244   0.1338   0.1863   0.2078   0.2037   0.1380   0.1873   0.2090   0.1200   0.1525   0.2050   0.2345   0.1448   0.1749   0.1439   0.1718   1.0000   0.2069   0.2023   0.2220   0.1558   0.2605   0.1273   0.1791   0.2082   0.2025   0.1555   0.2036   0.1494   0.1636   0.1961   0.1798   0.1621   0.2169   0.1371
SIM33L2  0.1262  0.1386  0.1342  0.1621  0.2059  0.2196  0.1183  0.1819  0.1895  0.1507   0.1878   0.1486   0.1485   0.2380   0.1737   0.1729   0.2367   0.1661   0.1341   0.1415   0.1623   0.1559   0.1387   0.2095   0.1141   0.1707   0.1765   0.2628   0.1735   0.1717   0.1499   0.1661   0.2069   1.0000   0.2188   0.1766   0.1326   0.1907   0.1269   0.1593   0.1552   0.1927   0.1547   0.2014   0.1812   0.2028   0.1888   0.1353   0.1938   0.2373   0.1268
SIM34L2  0.1721  0.1598  0.1247  0.1609  0.1884  0.2114  0.1717  0.1891  0.1857  0.1351   0.1641   0.1794   0.1672   0.1783   0.2439   0.1933   0.2052   0.1610   0.1820   0.1926   0.2257   0.1408   0.1565   0.2431   0.1192   0.1429   0.1766   0.2637   0.1802   0.2229   0.2114   0.1678   0.2023   0.2188   1.0000   0.2275   0.1581   0.2068   0.1404   0.1657   0.2050   0.1975   0.1338   0.1683   0.2543   0.2596   0.1915   0.2003   0.1999   0.2520   0.0978
SIM35L2  0.1447  0.1833  0.1502  0.1475  0.1478  0.1764  0.1763  0.1746  0.2060  0.2014   0.1535   0.1711   0.1886   0.1519   0.2184   0.1884   0.2420   0.1734   0.1830   0.1608   0.2179   0.1799   0.1431   0.2516   0.1437   0.1687   0.1889   0.2337   0.1684   0.2250   0.2186   0.1997   0.2220   0.1766   0.2275   1.0000   0.1335   0.2089   0.1047   0.1321   0.2281   0.2122   0.1447   0.1680   0.2119   0.2731   0.1722   0.1613   0.2216   0.2671   0.1086
SIM36L2  0.1017  0.2081  0.1551  0.1198  0.2215  0.1580  0.1395  0.1264  0.1713  0.1484   0.1664   0.1839   0.1361   0.1479   0.1875   0.1632   0.1450   0.1376   0.2013   0.1532   0.2033   0.1584   0.1581   0.1884   0.1087   0.1793   0.2023   0.1935   0.1462   0.1802   0.1863   0.1596   0.1558   0.1326   0.1581   0.1335   1.0000   0.1407   0.1083   0.1685   0.1226   0.1263   0.1610   0.1283   0.1802   0.1671   0.1595   0.1386   0.2148   0.2259   0.1446
SIM37L2  0.1632  0.1654  0.1548  0.1663  0.1338  0.1755  0.1656  0.1529  0.1852  0.2033   0.1664   0.1453   0.1776   0.1438   0.1721   0.1476   0.2261   0.1291   0.2039   0.2016   0.1741   0.1627   0.1716   0.2457   0.1833   0.1753   0.1552   0.2312   0.1444   0.2255   0.1725   0.1435   0.2605   0.1907   0.2068   0.2089   0.1407   1.0000   0.1539   0.1315   0.1864   0.1559   0.1367   0.1652   0.1801   0.1920   0.1527   0.1845   0.1902   0.1767   0.1281
SIM38L2  0.1561  0.1772  0.1504  0.1444  0.0861  0.1230  0.1876  0.1517  0.1067  0.1692   0.1691   0.1920   0.1099   0.1307   0.1189   0.1584   0.1541   0.1640   0.1185   0.1287   0.1417   0.0807   0.1511   0.1724   0.2052   0.1379   0.1695   0.1291   0.0927   0.1169   0.1378   0.1366   0.1273   0.1269   0.1404   0.1047   0.1083   0.1539   1.0000   0.1414   0.1188   0.1107   0.1442   0.1143   0.1232   0.0989   0.1435   0.1680   0.1393   0.0797   0.1450
SIM39L2  0.1271  0.2567  0.1310  0.1359  0.1828  0.1666  0.1415  0.1674  0.1442  0.1690   0.1588   0.2427   0.1444   0.1244   0.1872   0.1541   0.2106   0.1879   0.2169   0.1457   0.1712   0.1276   0.1593   0.1707   0.1853   0.1995   0.1689   0.1345   0.1564   0.1951   0.1556   0.1637   0.1791   0.1593   0.1657   0.1321   0.1685   0.1315   0.1414   1.0000   0.1384   0.1599   0.1255   0.2280   0.1404   0.1152   0.1597   0.1340   0.1414   0.1241   0.1199
SIM40L2  0.1597  0.1373  0.1579  0.1638  0.1673  0.1738  0.2246  0.1788  0.1569  0.1243   0.1336   0.1616   0.1455   0.1212   0.1798   0.1539   0.1772   0.1442   0.1694   0.1932   0.2055   0.1414   0.1224   0.1790   0.1293   0.1730   0.1956   0.1784   0.1465   0.2040   0.1929   0.1347   0.2082   0.1552   0.2050   0.2281   0.1226   0.1864   0.1188   0.1384   1.0000   0.2188   0.1656   0.1595   0.1957   0.1638   0.2086   0.1799   0.1445   0.2167   0.1185
SIM41L2  0.1126  0.1667  0.1679  0.1469  0.1588  0.2036  0.1438  0.1584  0.1964  0.1524   0.1482   0.1360   0.1839   0.1896   0.1863   0.2001   0.2020   0.1391   0.1344   0.1656   0.1819   0.1405   0.0972   0.1835   0.1265   0.1404   0.1742   0.2284   0.1453   0.2140   0.1832   0.1546   0.2025   0.1927   0.1975   0.2122   0.1263   0.1559   0.1107   0.1599   0.2188   1.0000   0.1353   0.1783   0.2220   0.2105   0.2193   0.1731   0.1754   0.2324   0.1356
SIM42L2  0.1303  0.1629  0.1349  0.1326  0.1984  0.1740  0.1560  0.1665  0.1753  0.1622   0.1673   0.1502   0.1123   0.1608   0.1679   0.1470   0.1473   0.1805   0.1435   0.1575   0.1579   0.1955   0.1341   0.1547   0.1344   0.2076   0.1836   0.2003   0.1631   0.1773   0.1680   0.1487   0.1555   0.1547   0.1338   0.1447   0.1610   0.1367   0.1442   0.1255   0.1656   0.1353   1.0000   0.2024   0.2039   0.1486   0.1617   0.1855   0.1844   0.1849   0.1520
SIM43L2  0.1366  0.2203  0.1744  0.1532  0.1620  0.2129  0.1334  0.2041  0.1790  0.1787   0.1652   0.1727   0.1375   0.1735   0.1584   0.1475   0.2048   0.2221   0.2223   0.1435   0.1748   0.1818   0.0848   0.1828   0.1564   0.2192   0.1879   0.1497   0.1647   0.2244   0.1684   0.1536   0.2036   0.2014   0.1683   0.1680   0.1283   0.1652   0.1143   0.2280   0.1595   0.1783   0.2024   1.0000   0.1822   0.1569   0.1653   0.1588   0.1359   0.1535   0.1363
SIM44L2  0.1392  0.1555  0.1262  0.1233  0.2037  0.2454  0.1979  0.1312  0.2359  0.1166   0.1836   0.1965   0.1902   0.1585   0.2252   0.1745   0.1256   0.2605   0.2262   0.2047   0.2289   0.1717   0.1453   0.2309   0.1625   0.2279   0.2242   0.2990   0.1792   0.2632   0.3044   0.1608   0.1494   0.1812   0.2543   0.2119   0.1802   0.1801   0.1232   0.1404   0.1957   0.2220   0.2039   0.1822   1.0000   0.2923   0.2064   0.1782   0.2990   0.3158   0.1592
SIM45L2  0.1298  0.1344  0.1101  0.0919  0.2188  0.2599  0.1220  0.1228  0.2886  0.1209   0.1386   0.1566   0.1677   0.1433   0.1752   0.2457   0.1637   0.1846   0.1839   0.1592   0.2106   0.1929   0.1187   0.2465   0.1871   0.1893   0.2193   0.3171   0.1701   0.2189   0.2388   0.1686   0.1636   0.2028   0.2596   0.2731   0.1671   0.1920   0.0989   0.1152   0.1638   0.2105   0.1486   0.1569   0.2923   1.0000   0.1646   0.1902   0.2749   0.3267   0.1098
SIM46L2  0.1326  0.2024  0.1873  0.1340  0.2227  0.1780  0.1792  0.2127  0.1558  0.1840   0.1867   0.1813   0.1815   0.1518   0.1948   0.1951   0.2318   0.2348   0.1688   0.1644   0.1873   0.1230   0.1114   0.1793   0.1712   0.2026   0.2571   0.2127   0.1949   0.1707   0.1385   0.2003   0.1961   0.1888   0.1915   0.1722   0.1595   0.1527   0.1435   0.1597   0.2086   0.2193   0.1617   0.1653   0.2064   0.1646   1.0000   0.1564   0.2171   0.1973   0.1634
SIM47L2  0.1614  0.1463  0.1725  0.1884  0.1418  0.1592  0.1939  0.2108  0.2141  0.1390   0.1813   0.2177   0.1658   0.1404   0.1267   0.1561   0.1716   0.1572   0.2199   0.1789   0.2264   0.1678   0.1722   0.2420   0.1866   0.1798   0.1983   0.2399   0.1852   0.1763   0.1434   0.2078   0.1798   0.1353   0.2003   0.1613   0.1386   0.1845   0.1680   0.1340   0.1799   0.1731   0.1855   0.1588   0.1782   0.1902   0.1564   1.0000   0.1993   0.2030   0.1606
SIM48L2  0.1439  0.1986  0.1413  0.1352  0.2124  0.2374  0.1274  0.1935  0.2703  0.1079   0.2063   0.1541   0.1585   0.1619   0.1890   0.1963   0.2041   0.2365   0.2123   0.1762   0.2608   0.1813   0.1270   0.2993   0.1691   0.1858   0.1927   0.3483   0.1771   0.1926   0.2092   0.2059   0.1621   0.1938   0.1999   0.2216   0.2148   0.1902   0.1393   0.1414   0.1445   0.1754   0.1844   0.1359   0.2990   0.2749   0.2171   0.1993   1.0000   0.3215   0.1436
SIM49L2  0.1213  0.1371  0.1306  0.1088  0.1622  0.2472  0.1611  0.1134  0.2206  0.1183   0.1566   0.1453   0.1260   0.1609   0.1954   0.1853   0.1889   0.2358   0.1999   0.1678   0.2674   0.1877   0.1541   0.2585   0.1808   0.2079   0.2819   0.3137   0.1986   0.2708   0.2856   0.1920   0.2169   0.2373   0.2520   0.2671   0.2259   0.1767   0.0797   0.1241   0.2167   0.2324   0.1849   0.1535   0.3158   0.3267   0.1973   0.2030   0.3215   1.0000   0.1353
SIM50L2  0.1493  0.1591  0.1551  0.1576  0.1971  0.1164  0.1423  0.1441  0.1632  0.1498   0.1124   0.1591   0.1719   0.1413   0.2106   0.1272   0.1166   0.1271   0.1641   0.1407   0.1217   0.1346   0.1969   0.1785   0.1104   0.1760   0.1649   0.1093   0.0619   0.1167   0.1407   0.0986   0.1371   0.1268   0.0978   0.1086   0.1446   0.1281   0.1450   0.1199   0.1185   0.1356   0.1520   0.1363   0.1592   0.1098   0.1634   0.1606   0.1436   0.1353   1.0000

LD Score Matrix Condition Number
5.3723

Annotation Correlation Matrix
         SIM1    SIM2    SIM3    SIM4    SIM5    SIM6    SIM7    SIM8    SIM9   SIM10   SIM11   SIM12   SIM13   SIM14   SIM15   SIM16   SIM17   SIM18   SIM19   SIM20   SIM21   SIM22   SIM23   SIM24   SIM25   SIM26   SIM27   SIM28   SIM29   SIM30   SIM31   SIM32   SIM33   SIM34   SIM35   SIM36   SIM37   SIM38   SIM39   SIM40   SIM41   SIM42   SIM43   SIM44   SIM45   SIM46   SIM47   SIM48   SIM49   SIM50
SIM1   1.0000  0.0227  0.0098  0.0220  0.0180  0.0130  0.0081  0.0183  0.0109  0.0142  0.0131  0.0070  0.0130  0.0178  0.0193  0.0248  0.0189  0.0110  0.0215  0.0081  0.0151  0.0142  0.0144  0.0166  0.0192  0.0107  0.0097  0.0035  0.0101  0.0100  0.0049  0.0173  0.0053  0.0097  0.0178  0.0182  0.0142  0.0113  0.0207  0.0154  0.0084  0.0128  0.0116  0.0113  0.0153  0.0206  0.0174  0.0174  0.0113  0.0174
SIM2   0.0227  1.0000  0.0201  0.0197  0.0138  0.0136  0.0229  0.0191  0.0209  0.0149  0.0104  0.0142  0.0120  0.0202  0.0153  0.0057  0.0069  0.0099  0.0083  0.0165  0.0141  0.0132  0.0102  0.0123  0.0135  0.0081  0.0214  0.0167  0.0105  0.0121  0.0131  0.0213  0.0172  0.0069  0.0136  0.0123  0.0068  0.0118  0.0264  0.0130  0.0138  0.0134  0.0154  0.0070  0.0113  0.0134  0.0213  0.0214  0.0215  0.0198
SIM3   0.0098  0.0201  1.0000  0.0147  0.0136  0.0166  0.0115  0.0157  0.0283  0.0194  0.0102  0.0206  0.0134  0.0118  0.0086  0.0055  0.0115  0.0144  0.0128  0.0162  0.0139  0.0114  0.0116  0.0055  0.0149  0.0095  0.0195  0.0116  0.0054  0.0135  0.0175  0.0115  0.0120  0.0116  0.0182  0.0088  0.0208  0.0163  0.0132  0.0159  0.0152  0.0148  0.0184  0.0084  0.0172  0.0180  0.0242  0.0163  0.0084  0.0210
SIM4   0.0220  0.0197  0.0147  1.0000  0.0117  0.0227  0.0144  0.0185  0.0141  0.0175  0.0084  0.0104  0.0179  0.0180  0.0163  0.0087  0.0175  0.0111  0.0141  0.0097  0.0103  0.0143  0.0129  0.0151  0.0115  0.0153  0.0207  0.0177  0.0102  0.0085  0.0203  0.0144  0.0134  0.0161  0.0116  0.0151  0.0096  0.0067  0.0130  0.0125  0.0181  0.0145  0.0149  0.0177  0.0154  0.0177  0.0097  0.0145  0.0161  0.0129
SIM5   0.0180  0.0138  0.0136  0.0117  1.0000  0.0104  0.0085  0.0113  0.0099  0.0149  0.0121  0.0108  0.0153  0.0104  0.0153  0.0107  0.0085  0.0115  0.0209  0.0197  0.0124  0.0229  0.0118  0.0207  0.0103  0.0175  0.0150  0.0167  0.0105  0.0154  0.0115  0.0085  0.0056  0.0102  0.0087  0.0156  0.0148  0.0134  0.0297  0.0130  0.0088  0.0134  0.0121  0.0086  0.0113  0.0183  0.0182  0.0053  0.0037  0.0117
SIM6   0.0130  0.0136  0.0166  0.0227  0.0104  1.0000  0.0131  0.0173  0.0097  0.0131  0.0184  0.0073  0.0167  0.0070  0.0216  0.0106  0.0115  0.0082  0.0113  0.0131  0.0156  0.0226  0.0069  0.0138  0.0053  0.0311  0.0164  0.0149  0.0120  0.0119  0.0160  0.0210  0.0088  0.0068  0.0118  0.0138  0.0162  0.0228  0.0037  0.0190  0.0103  0.0148  0.0152  0.0101  0.0112  0.0181  0.0179  0.0100  0.0084  0.0148
SIM7   0.0081  0.0229  0.0115  0.0144  0.0085  0.0131  1.0000  0.0139  0.0186  0.0159  0.0132  0.0071  0.0178  0.0131  0.0147  0.0070  0.0066  0.0172  0.0110  0.0050  0.0168  0.0097  0.0160  0.0216  0.0146  0.0138  0.0206  0.0114  0.0182  0.0116  0.0126  0.0112  0.0069  0.0207  0.0099  0.0053  0.0142  0.0160  0.0208  0.0231  0.0164  0.0113  0.0148  0.0114  0.0184  0.0255  0.0066  0.0097  0.0223  0.0144
SIM8   0.0183  0.0191  0.0157  0.0185  0.0113  0.0173  0.0139  1.0000  0.0166  0.0184  0.0159  0.0116  0.0173  0.0143  0.0204  0.0179  0.0199  0.0122  0.0151  0.0154  0.0084  0.0078  0.0140  0.0099  0.0095  0.0178  0.0200  0.0110  0.0145  0.0113  0.0181  0.0184  0.0114  0.0216  0.0050  0.0130  0.0228  0.0125  0.0171  0.0151  0.0097  0.0125  0.0128  0.0125  0.0179  0.0125  0.0185  0.0110  0.0186  0.0200
SIM9   0.0109  0.0209  0.0283  0.0141  0.0099  0.0097  0.0186  0.0166  1.0000  0.0216  0.0145  0.0150  0.0128  0.0191  0.0160  0.0181  0.0125  0.0334  0.0212  0.0125  0.0181  0.0170  0.0126  0.0100  0.0220  0.0165  0.0095  0.0096  0.0131  0.0130  0.0078  0.0079  0.0115  0.0188  0.0191  0.0132  0.0109  0.0203  0.0127  0.0092  0.0098  0.0218  0.0145  0.0096  0.0121  0.0204  0.0156  0.0218  0.0111  0.0126
SIM10  0.0142  0.0149  0.0194  0.0175  0.0149  0.0131  0.0159  0.0184  0.0216  1.0000  0.0116  0.0120  0.0099  0.0163  0.0147  0.0070  0.0081  0.0187  0.0079  0.0143  0.0119  0.0066  0.0082  0.0200  0.0177  0.0198  0.0284  0.0082  0.0166  0.0180  0.0156  0.0112  0.0198  0.0176  0.0068  0.0070  0.0204  0.0098  0.0114  0.0140  0.0180  0.0191  0.0180  0.0082  0.0109  0.0208  0.0175  0.0129  0.0098  0.0160
SIM11  0.0131  0.0104  0.0102  0.0084  0.0121  0.0184  0.0132  0.0159  0.0145  0.0116  1.0000  0.0073  0.0103  0.0136  0.0168  0.0090  0.0116  0.0209  0.0192  0.0100  0.0140  0.0068  0.0117  0.0139  0.0118  0.0112  0.0165  0.0101  0.0105  0.0087  0.0098  0.0132  0.0121  0.0149  0.0135  0.0055  0.0147  0.0165  0.0101  0.0191  0.0137  0.0085  0.0071  0.0182  0.0159  0.0053  0.0196  0.0149  0.0213  0.0261
SIM12  0.0070  0.0142  0.0206  0.0104  0.0108  0.0073  0.0071  0.0116  0.0150  0.0120  0.0073  1.0000  0.0224  0.0241  0.0056  0.0093  0.0104  0.0167  0.0117  0.0071  0.0145  0.0136  0.0121  0.0161  0.0089  0.0132  0.0121  0.0138  0.0057  0.0107  0.0151  0.0169  0.0142  0.0204  0.0073  0.0075  0.0136  0.0171  0.0122  0.0166  0.0057  0.0072  0.0175  0.0205  0.0148  0.0221  0.0121  0.0038  0.0121  0.0104
SIM13  0.0130  0.0120  0.0134  0.0179  0.0153  0.0167  0.0178  0.0173  0.0128  0.0099  0.0103  0.0224  1.0000  0.0216  0.0005  0.0122  0.0115  0.0176  0.0206  0.0036  0.0189  0.0068  0.0132  0.0155  0.0230  0.0096  0.0116  0.0117  0.0071  0.0136  0.0207  0.0084  0.0137  0.0148  0.0118  0.0088  0.0099  0.0212  0.0085  0.0097  0.0119  0.0068  0.0266  0.0181  0.0081  0.0053  0.0036  0.0180  0.0148  0.0132
SIM14  0.0178  0.0202  0.0118  0.0180  0.0104  0.0070  0.0131  0.0143  0.0191  0.0163  0.0136  0.0241  0.0216  1.0000  0.0054  0.0089  0.0147  0.0145  0.0097  0.0084  0.0140  0.0242  0.0133  0.0056  0.0118  0.0157  0.0180  0.0117  0.0137  0.0087  0.0098  0.0116  0.0137  0.0261  0.0167  0.0072  0.0115  0.0085  0.0085  0.0160  0.0087  0.0085  0.0136  0.0165  0.0174  0.0181  0.0052  0.0148  0.0149  0.0148
SIM15  0.0193  0.0153  0.0086  0.0163  0.0153  0.0216  0.0147  0.0204  0.0160  0.0147  0.0168  0.0056  0.0005  0.0054  1.0000  0.0139  0.0147  0.0051  0.0144  0.0084  0.0106  0.0115  0.0165  0.0138  0.0166  0.0142  0.0180  0.0133  0.0186  0.0119  0.0192  0.0179  0.0153  0.0100  0.0054  0.0072  0.0241  0.0116  0.0085  0.0128  0.0169  0.0116  0.0218  0.0197  0.0220  0.0117  0.0211  0.0100  0.0085  0.0116
SIM16  0.0248  0.0057  0.0055  0.0087  0.0107  0.0106  0.0070  0.0179  0.0181  0.0070  0.0090  0.0093  0.0122  0.0089  0.0139  1.0000  0.0152  0.0101  0.0149  0.0070  0.0110  0.0070  0.0170  0.0092  0.0022  0.0147  0.0120  0.0203  0.0175  0.0124  0.0262  0.0185  0.0108  0.0104  0.0106  0.0143  0.0086  0.0120  0.0104  0.0117  0.0090  0.0055  0.0124  0.0088  0.0195  0.0187  0.0103  0.0104  0.0219  0.0120
SIM17  0.0189  0.0069  0.0115  0.0175  0.0085  0.0115  0.0066  0.0199  0.0125  0.0081  0.0116  0.0104  0.0115  0.0147  0.0147  0.0152  1.0000  0.0141  0.0095  0.0283  0.0152  0.0112  0.0161  0.0184  0.0130  0.0108  0.0191  0.0177  0.0230  0.0132  0.0187  0.0066  0.0053  0.0082  0.0084  0.0118  0.0189  0.0145  0.0177  0.0079  0.0117  0.0160  0.0196  0.0177  0.0184  0.0129  0.0144  0.0207  0.0082  0.0113
SIM18  0.0110  0.0099  0.0144  0.0111  0.0115  0.0082  0.0172  0.0122  0.0334  0.0187  0.0209  0.0167  0.0176  0.0145  0.0051  0.0101  0.0141  1.0000  0.0153  0.0187  0.0085  0.0156  0.0205  0.0181  0.0299  0.0121  0.0127  0.0112  0.0100  0.0146  0.0109  0.0111  0.0100  0.0204  0.0082  0.0116  0.0125  0.0081  0.0267  0.0123  0.0146  0.0142  0.0115  0.0158  0.0256  0.0143  0.0172  0.0204  0.0081  0.0127
SIM19  0.0215  0.0083  0.0128  0.0141  0.0209  0.0113  0.0110  0.0151  0.0212  0.0079  0.0192  0.0117  0.0206  0.0097  0.0144  0.0149  0.0095  0.0153  1.0000  0.0110  0.0181  0.0186  0.0157  0.0196  0.0112  0.0209  0.0141  0.0250  0.0099  0.0239  0.0138  0.0171  0.0146  0.0111  0.0097  0.0211  0.0276  0.0157  0.0173  0.0107  0.0067  0.0203  0.0192  0.0065  0.0239  0.0050  0.0110  0.0126  0.0111  0.0095
SIM20  0.0081  0.0165  0.0162  0.0097  0.0197  0.0131  0.0050  0.0154  0.0125  0.0143  0.0100  0.0071  0.0036  0.0084  0.0084  0.0070  0.0283  0.0187  0.0110  1.0000  0.0054  0.0127  0.0192  0.0118  0.0209  0.0108  0.0160  0.0145  0.0117  0.0084  0.0141  0.0112  0.0149  0.0129  0.0305  0.0070  0.0158  0.0238  0.0177  0.0155  0.0085  0.0129  0.0180  0.0223  0.0048  0.0239  0.0128  0.0066  0.0160  0.0237
SIM21  0.0151  0.0141  0.0139  0.0103  0.0124  0.0156  0.0168  0.0084  0.0181  0.0119  0.0140  0.0145  0.0189  0.0140  0.0106  0.0110  0.0152  0.0085  0.0181  0.0054  1.0000  0.0070  0.0137  0.0109  0.0221  0.0147  0.0235  0.0187  0.0125  0.0174  0.0118  0.0152  0.0074  0.0055  0.0173  0.0160  0.0200  0.0121  0.0138  0.0085  0.0124  0.0088  0.0141  0.0121  0.0052  0.0022  0.0202  0.0170  0.0187  0.0087
SIM22  0.0142  0.0132  0.0114  0.0143  0.0229  0.0226  0.0097  0.0078  0.0170  0.0066  0.0068  0.0136  0.0068  0.0242  0.0115  0.0070  0.0112  0.0156  0.0186  0.0127  0.0070  1.0000  0.0113  0.0167  0.0098  0.0078  0.0175  0.0113  0.0117  0.0180  0.0171  0.0174  0.0149  0.0191  0.0099  0.0215  0.0111  0.0175  0.0098  0.0079  0.0116  0.0129  0.0100  0.0145  0.0108  0.0145  0.0097  0.0128  0.0176  0.0097
SIM23  0.0144  0.0102  0.0116  0.0129  0.0118  0.0069  0.0160  0.0140  0.0126  0.0082  0.0117  0.0121  0.0132  0.0133  0.0165  0.0170  0.0161  0.0205  0.0157  0.0192  0.0137  0.0113  1.0000  0.0120  0.0036  0.0140  0.0114  0.0178  0.0167  0.0134  0.0158  0.0176  0.0167  0.0130  0.0117  0.0152  0.0206  0.0146  0.0131  0.0142  0.0134  0.0130  0.0150  0.0083  0.0079  0.0147  0.0161  0.0146  0.0067  0.0114
SIM24  0.0166  0.0123  0.0055  0.0151  0.0207  0.0138  0.0216  0.0099  0.0100  0.0200  0.0139  0.0161  0.0155  0.0056  0.0138  0.0092  0.0184  0.0181  0.0196  0.0118  0.0109  0.0167  0.0120  1.0000  0.0071  0.0114  0.0201  0.0235  0.0124  0.0139  0.0101  0.0102  0.0124  0.0103  0.0138  0.0158  0.0134  0.0234  0.0186  0.0116  0.0089  0.0234  0.0123  0.0087  0.0194  0.0153  0.0168  0.0103  0.0120  0.0087
SIM25  0.0192  0.0135  0.0149  0.0115  0.0103  0.0053  0.0146  0.0095  0.0220  0.0177  0.0118  0.0089  0.0230  0.0118  0.0166  0.0022  0.0130  0.0299  0.0112  0.0209  0.0221  0.0098  0.0036  0.0071  1.0000  0.0125  0.0210  0.0243  0.0152  0.0054  0.0128  0.0130  0.0185  0.0100  0.0117  0.0071  0.0082  0.0163  0.0132  0.0112  0.0070  0.0068  0.0102  0.0195  0.0187  0.0132  0.0067  0.0099  0.0147  0.0115
