*********************************************************************
* LD Score Regression (LDSC)
* Version 1.0.1
* (C) 2014-2019 Brendan Bulik-Sullivan and Hilary Finucane
* Broad Institute of MIT and Harvard / MIT Department of Mathematics
* GNU General Public License v3
*********************************************************************
Call: 
./ldsc.py \
--out /data/sbcs/GuoLab/backup/liq17/CRC_TF_TWAS_zhishan2024/NC_revision_OceanCode/v2_NC_revision//84Tracks//ldscores_sim10000//9 \
--bfile /data/sbcs/GuoLab/backup/liq17/ref/Alkesgroup/1000G_EUR_Phase3_plink_hg38/1000G.EUR.QC.9 \
--annot /data/sbcs/GuoLab/backup/liq17/CRC_TF_TWAS_zhishan2024/NC_revision_OceanCode/v2_NC_revision//84Tracks//annots_sim10000//9.annot.txt \
--l2  \
--ld-wind-kb 100.0 

Beginning analysis at Sun Oct 26 23:25:53 2025
Read list of 437825 SNPs from /data/sbcs/GuoLab/backup/liq17/ref/Alkesgroup/1000G_EUR_Phase3_plink_hg38/1000G.EUR.QC.9.bim
Read 50 annotations for 437825 SNPs from /data/sbcs/GuoLab/backup/liq17/CRC_TF_TWAS_zhishan2024/NC_revision_OceanCode/v2_NC_revision//84Tracks//annots_sim10000//9.annot.txt
Read list of 489 individuals from /data/sbcs/GuoLab/backup/liq17/ref/Alkesgroup/1000G_EUR_Phase3_plink_hg38/1000G.EUR.QC.9.fam
Reading genotypes from /data/sbcs/GuoLab/backup/liq17/ref/Alkesgroup/1000G_EUR_Phase3_plink_hg38/1000G.EUR.QC.9.bed
Estimating LD Score.
Writing LD Scores for 437825 SNPs to /data/sbcs/GuoLab/backup/liq17/CRC_TF_TWAS_zhishan2024/NC_revision_OceanCode/v2_NC_revision//84Tracks//ldscores_sim10000//9.l2.ldscore.gz

Summary of LD Scores in /data/sbcs/GuoLab/backup/liq17/CRC_TF_TWAS_zhishan2024/NC_revision_OceanCode/v2_NC_revision//84Tracks//ldscores_sim10000//9.l2.ldscore.gz
         MAF  SIM1L2  SIM2L2  SIM3L2  SIM4L2  SIM5L2  SIM6L2  SIM7L2  SIM8L2  SIM9L2  SIM10L2  SIM11L2  SIM12L2  SIM13L2  SIM14L2  SIM15L2  SIM16L2  SIM17L2  SIM18L2  SIM19L2  SIM20L2  SIM21L2  SIM22L2  SIM23L2  SIM24L2  SIM25L2  SIM26L2  SIM27L2  SIM28L2  SIM29L2  SIM30L2  SIM31L2  SIM32L2  SIM33L2  SIM34L2  SIM35L2  SIM36L2  SIM37L2  SIM38L2  SIM39L2  SIM40L2  SIM41L2  SIM42L2  SIM43L2  SIM44L2  SIM45L2  SIM46L2  SIM47L2  SIM48L2  SIM49L2  SIM50L2
mean  0.1440  0.0610  0.0627  0.0662  0.0558  0.0580  0.0587  0.0560  0.0540  0.0611   0.0570   0.0625   0.0629   0.0621   0.0610   0.0622   0.0580   0.0610   0.0558   0.0577   0.0577   0.0522   0.0624   0.0560   0.0619   0.0595   0.0619   0.0636   0.0587   0.0575   0.0646   0.0520   0.0554   0.0620   0.0604   0.0589   0.0577   0.0597   0.0647   0.0689   0.0605   0.0592   0.0567   0.0604   0.0571   0.0611   0.0621   0.0620   0.0539   0.0606   0.0535
std   0.1472  0.1951  0.2195  0.2123  0.1848  0.1970  0.2052  0.1960  0.1859  0.2042   0.1949   0.2162   0.2044   0.2004   0.2058   0.2070   0.1977   0.2031   0.1932   0.1989   0.1919   0.1862   0.2057   0.1888   0.1970   0.1990   0.2079   0.2130   0.1981   0.2004   0.2163   0.1860   0.1945   0.1986   0.1936   0.2005   0.1875   0.1980   0.2036   0.2152   0.1978   0.2028   0.1847   0.1986   0.1891   0.1993   0.2034   0.1992   0.1794   0.2028   0.1900
min   0.0051 -0.0142 -0.0095 -0.0102 -0.0110 -0.0113 -0.0095 -0.0108 -0.0174 -0.0113  -0.0110  -0.0146  -0.0124  -0.0112  -0.0129  -0.0114  -0.0093  -0.0148  -0.0110  -0.0114  -0.0151  -0.0095  -0.0117  -0.0108  -0.0107  -0.0168  -0.0116  -0.0149  -0.0088  -0.0100  -0.0130  -0.0098  -0.0125  -0.0136  -0.0147  -0.0118  -0.0122  -0.0119  -0.0106  -0.0124  -0.0131  -0.0128  -0.0095  -0.0110  -0.0097  -0.0106  -0.0142  -0.0096  -0.0111  -0.0121  -0.0100
25%   0.0174  0.0000  0.0000  0.0000  0.0000  0.0000  0.0000  0.0000  0.0000  0.0000   0.0000   0.0000   0.0000   0.0000   0.0000   0.0000   0.0000   0.0000   0.0000   0.0000   0.0000   0.0000   0.0000   0.0000   0.0000   0.0000   0.0000   0.0000   0.0000   0.0000   0.0000   0.0000   0.0000   0.0000   0.0000   0.0000   0.0000   0.0000   0.0000   0.0000   0.0000   0.0000   0.0000   0.0000   0.0000   0.0000   0.0000   0.0000   0.0000   0.0000   0.0000
50%   0.0838  0.0000  0.0000  0.0000  0.0000  0.0000  0.0000  0.0000  0.0000  0.0000   0.0000   0.0000   0.0000   0.0000   0.0000   0.0000   0.0000   0.0000   0.0000   0.0000   0.0000   0.0000   0.0000   0.0000   0.0000   0.0000   0.0000   0.0000   0.0000   0.0000   0.0000   0.0000   0.0000   0.0000   0.0000   0.0000   0.0000   0.0000   0.0000   0.0000   0.0000   0.0000   0.0000   0.0000   0.0000   0.0000   0.0000   0.0000   0.0000   0.0000   0.0000
75%   0.2464  0.0146  0.0120  0.0154  0.0100  0.0098  0.0112  0.0090  0.0085  0.0102   0.0095   0.0099   0.0120   0.0115   0.0104   0.0113   0.0101   0.0118   0.0066   0.0106   0.0096   0.0076   0.0110   0.0098   0.0128   0.0102   0.0112   0.0120   0.0105   0.0070   0.0110   0.0068   0.0090   0.0137   0.0122   0.0092   0.0141   0.0096   0.0137   0.0154   0.0113   0.0113   0.0112   0.0115   0.0095   0.0124   0.0129   0.0130   0.0099   0.0114   0.0087
max   0.5000  2.9108  3.0000  2.3526  1.8584  2.6829  2.9770  2.7956  2.2169  2.5858   2.1409   2.7456   2.3462   2.5445   3.1124   2.2931   2.4898   2.7252   2.0821   3.0130   2.4539   2.9130   2.0481   2.0210   2.1814   2.6902   3.1739   3.0400   2.0000   2.2369   3.3714   2.9526   3.0000   2.5718   2.7047   2.1892   2.8697   2.5289   2.6280   2.8341   2.3568   2.7715   2.0067   3.2011   2.1675   2.1565   2.8111   2.5122   2.3781   2.6188   3.1881

MAF/LD Score Correlation Matrix
            MAF  SIM1L2  SIM2L2  SIM3L2  SIM4L2  SIM5L2  SIM6L2  SIM7L2  SIM8L2  SIM9L2  SIM10L2  SIM11L2  SIM12L2  SIM13L2  SIM14L2  SIM15L2  SIM16L2  SIM17L2  SIM18L2  SIM19L2  SIM20L2  SIM21L2  SIM22L2  SIM23L2  SIM24L2  SIM25L2  SIM26L2  SIM27L2  SIM28L2  SIM29L2  SIM30L2  SIM31L2  SIM32L2  SIM33L2  SIM34L2  SIM35L2  SIM36L2  SIM37L2  SIM38L2  SIM39L2  SIM40L2  SIM41L2  SIM42L2  SIM43L2  SIM44L2  SIM45L2  SIM46L2  SIM47L2  SIM48L2  SIM49L2  SIM50L2
MAF      1.0000  0.1194  0.1033  0.1268  0.0904  0.1090  0.1241  0.0995  0.1032  0.1184   0.1069   0.1011   0.1074   0.0979   0.1080   0.1069   0.1137   0.1362   0.0893   0.1442   0.1181   0.1090   0.1412   0.1126   0.1259   0.1283   0.1188   0.0950   0.1160   0.1103   0.1134   0.0933   0.0754   0.1424   0.0989   0.0817   0.1245   0.1309   0.1016   0.1098   0.1378   0.1300   0.1279   0.1052   0.0987   0.1045   0.1303   0.1120   0.1083   0.1223   0.0515
SIM1L2   0.1194  1.0000  0.1880  0.1726  0.1744  0.1517  0.1369  0.1680  0.1465  0.1922   0.1410   0.1245   0.1863   0.1733   0.1626   0.1372   0.1098   0.1725   0.1911   0.1818   0.1339   0.1744   0.1645   0.1532   0.1410   0.1138   0.1511   0.1979   0.1432   0.1570   0.1342   0.1591   0.2023   0.1794   0.1724   0.1346   0.1123   0.1228   0.1968   0.2063   0.1533   0.1247   0.2083   0.1531   0.1596   0.1890   0.1821   0.1842   0.1749   0.2143   0.1240
SIM2L2   0.1033  0.1880  1.0000  0.1475  0.1228  0.2218  0.2099  0.1792  0.1966  0.1505   0.1714   0.2440   0.1913   0.1826   0.1366   0.1051   0.1367   0.2110   0.1788   0.0947   0.1983   0.0520   0.1486   0.1129   0.1832   0.0734   0.2445   0.1731   0.2210   0.1058   0.1734   0.1194   0.1346   0.1473   0.1208   0.1182   0.1441   0.1307   0.1527   0.1887   0.1499   0.1493   0.1213   0.2075   0.1111   0.1392   0.1824   0.1135   0.1615   0.1464   0.1650
SIM3L2   0.1268  0.1726  0.1475  1.0000  0.1158  0.0872  0.1503  0.2003  0.1822  0.1848   0.1439   0.1605   0.1272   0.1620   0.1794   0.1725   0.0509   0.1176   0.1782   0.1806   0.1542   0.1257   0.1537   0.1538   0.1644   0.1757   0.1903   0.1698   0.1715   0.2398   0.1097   0.1680   0.2253   0.1617   0.1550   0.1612   0.1136   0.1724   0.1810   0.1689   0.1907   0.1315   0.0919   0.1555   0.1583   0.1621   0.1116   0.1645   0.1687   0.1852   0.1738
SIM4L2   0.0904  0.1744  0.1228  0.1158  1.0000  0.1717  0.1237  0.1833  0.1078  0.1545   0.1488   0.1627   0.1555   0.1174   0.1860   0.1321   0.1275   0.2173   0.1489   0.1631   0.1449   0.1411   0.1033   0.1407   0.2074   0.1258   0.1686   0.1973   0.1362   0.1225   0.1115   0.0778   0.1693   0.1936   0.1610   0.1588   0.1128   0.1950   0.1551   0.1772   0.1450   0.1408   0.1378   0.1483   0.1073   0.1563   0.1500   0.1179   0.1561   0.2267   0.1066
SIM5L2   0.1090  0.1517  0.2218  0.0872  0.1717  1.0000  0.2087  0.1545  0.1291  0.1964   0.1862   0.1458   0.1397   0.1479   0.1897   0.1274   0.1652   0.1641   0.2004   0.1892   0.1341   0.1156   0.1161   0.1465   0.2138   0.0957   0.2319   0.1455   0.2114   0.1248   0.2379   0.1622   0.2087   0.1313   0.1285   0.1220   0.1875   0.2164   0.1285   0.2083   0.0901   0.1357   0.1348   0.1633   0.1512   0.1397   0.1531   0.1043   0.1197   0.1730   0.0809
SIM6L2   0.1241  0.1369  0.2099  0.1503  0.1237  0.2087  1.0000  0.1685  0.0969  0.2035   0.1352   0.1221   0.1816   0.2212   0.1516   0.0875   0.1279   0.1391   0.2195   0.1895   0.1800   0.0946   0.1298   0.1071   0.1852   0.1526   0.2132   0.1922   0.1423   0.1078   0.1987   0.1724   0.1950   0.1545   0.1621   0.1303   0.1611   0.1451   0.1346   0.2016   0.1637   0.1080   0.1733   0.1710   0.1310   0.1026   0.1571   0.0863   0.0934   0.1746   0.1111
SIM7L2   0.0995  0.1680  0.1792  0.2003  0.1833  0.1545  0.1685  1.0000  0.2293  0.2181   0.1840   0.1878   0.1532   0.1375   0.1550   0.1499   0.1312   0.1581   0.1245   0.1283   0.1595   0.1434   0.1379   0.1560   0.1901   0.1263   0.2033   0.1355   0.1788   0.1682   0.2002   0.1816   0.2106   0.1106   0.0914   0.1873   0.1177   0.1846   0.0916   0.2070   0.1631   0.1468   0.1330   0.1914   0.1550   0.1383   0.1383   0.1447   0.1506   0.1541   0.1221
SIM8L2   0.1032  0.1465  0.1966  0.1822  0.1078  0.1291  0.0969  0.2293  1.0000  0.1734   0.1438   0.2149   0.1882   0.1300   0.1586   0.1533   0.1243   0.1716   0.1774   0.0796   0.1393   0.1397   0.1274   0.1390   0.1365   0.1523   0.1295   0.1185   0.2205   0.1338   0.1488   0.1127   0.1282   0.1512   0.1070   0.1857   0.1331   0.1314   0.2373   0.1923   0.1178   0.1106   0.1203   0.2121   0.1717   0.1910   0.1902   0.1278   0.1816   0.1894   0.1279
SIM9L2   0.1184  0.1922  0.1505  0.1848  0.1545  0.1964  0.2035  0.2181  0.1734  1.0000   0.1964   0.1897   0.1533   0.1073   0.2035   0.1783   0.1583   0.1595   0.2206   0.1431   0.1336   0.1410   0.1365   0.1936   0.1345   0.1745   0.2212   0.1624   0.1761   0.1579   0.2142   0.1151   0.2051   0.1329   0.1336   0.1494   0.1517   0.1969   0.1647   0.2291   0.2029   0.2106   0.1308   0.1848   0.1291   0.1572   0.1624   0.1611   0.1463   0.1825   0.0937
SIM10L2  0.1069  0.1410  0.1714  0.1439  0.1488  0.1862  0.1352  0.1840  0.1438  0.1964   1.0000   0.1498   0.1598   0.0919   0.1534   0.1857   0.1903   0.1491   0.1981   0.1805   0.1836   0.0747   0.1966   0.0754   0.2002   0.1289   0.2167   0.1879   0.2094   0.1515   0.1758   0.1753   0.1900   0.1624   0.2072   0.1255   0.1607   0.2097   0.1536   0.1969   0.1349   0.1663   0.1801   0.1954   0.1557   0.1429   0.0935   0.1724   0.0947   0.1443   0.0889
SIM11L2  0.1011  0.1245  0.2440  0.1605  0.1627  0.1458  0.1221  0.1878  0.2149  0.1897   0.1498   1.0000   0.1682   0.1457   0.1708   0.2208   0.1661   0.2267   0.2038   0.1233   0.1345   0.1720   0.1405   0.1244   0.1707   0.1243   0.2178   0.1755   0.2285   0.1143   0.1866   0.0905   0.1892   0.1439   0.1597   0.1243   0.1880   0.1757   0.1523   0.2596   0.1609   0.1256   0.0720   0.1942   0.1759   0.1459   0.1768   0.0849   0.1060   0.1431   0.1689
SIM12L2  0.1074  0.1863  0.1913  0.1272  0.1555  0.1397  0.1816  0.1532  0.1882  0.1533   0.1598   0.1682   1.0000   0.1704   0.1869   0.1339   0.1020   0.1348   0.1188   0.1275   0.1464   0.1558   0.1378   0.1518   0.1559   0.1667   0.1960   0.2369   0.1319   0.1213   0.1470   0.1763   0.1761   0.1714   0.1994   0.2096   0.1680   0.1441   0.1614   0.2164   0.1884   0.1409   0.1672   0.1533   0.1603   0.2262   0.1860   0.1571   0.1647   0.1437   0.2148
SIM13L2  0.0979  0.1733  0.1826  0.1620  0.1174  0.1479  0.2212  0.1375  0.1300  0.1073   0.0919   0.1457   0.1704   1.0000   0.1955   0.1256   0.1306   0.1232   0.1449   0.1374   0.1687   0.1608   0.1808   0.0921   0.1638   0.0796   0.1636   0.1431   0.1472   0.1769   0.1607   0.1577   0.1899   0.1484   0.2004   0.1640   0.1767   0.1759   0.1511   0.1757   0.1186   0.1348   0.1467   0.0893   0.1885   0.1358   0.1387   0.1431   0.1496   0.1552   0.1678
SIM14L2  0.1080  0.1626  0.1366  0.1794  0.1860  0.1897  0.1516  0.1550  0.1586  0.2035   0.1534   0.1708   0.1869   0.1955   1.0000   0.1646   0.1856   0.1418   0.1822   0.1399   0.1329   0.1553   0.1199   0.1719   0.1372   0.1558   0.2110   0.1995   0.1688   0.1604   0.1355   0.1473   0.2192   0.1552   0.1732   0.1976   0.1745   0.1638   0.1417   0.1784   0.1393   0.1781   0.1169   0.1386   0.1657   0.1898   0.1009   0.2048   0.1531   0.1985   0.1315
SIM15L2  0.1069  0.1372  0.1051  0.1725  0.1321  0.1274  0.0875  0.1499  0.1533  0.1783   0.1857   0.2208   0.1339   0.1256   0.1646   1.0000   0.2024   0.1405   0.2165   0.1384   0.1611   0.1153   0.1419   0.1126   0.1592   0.1629   0.2403   0.1680   0.2275   0.1766   0.2029   0.1314   0.1881   0.1185   0.2011   0.2113   0.1363   0.2152   0.1147   0.2308   0.1370   0.1189   0.0831   0.1710   0.1622   0.1606   0.1302   0.1410   0.1283   0.1476   0.1974
SIM16L2  0.1137  0.1098  0.1367  0.0509  0.1275  0.1652  0.1279  0.1312  0.1243  0.1583   0.1903   0.1661   0.1020   0.1306   0.1856   0.2024   1.0000   0.0987   0.1640   0.0847   0.1569   0.1081   0.1643   0.0613   0.1780   0.1623   0.1471   0.1447   0.1080   0.0972   0.2200   0.1566   0.1723   0.1268   0.1326   0.1305   0.1379   0.1570   0.1577   0.1590   0.1431   0.1668   0.1373   0.1888   0.1254   0.0913   0.1540   0.1279   0.1139   0.1055   0.1062
SIM17L2  0.1362  0.1725  0.2110  0.1176  0.2173  0.1641  0.1391  0.1581  0.1716  0.1595   0.1491   0.2267   0.1348   0.1232   0.1418   0.1405   0.0987   1.0000   0.1722   0.1152   0.1565   0.1849   0.1766   0.1342   0.1784   0.1253   0.2392   0.2050   0.1860   0.1573   0.1514   0.1414   0.1585   0.1999   0.1112   0.1477   0.1135   0.1268   0.1962   0.1188   0.1555   0.1742   0.1169   0.1985   0.1589   0.2042   0.1426   0.0820   0.0981   0.2221   0.1605
SIM18L2  0.0893  0.1911  0.1788  0.1782  0.1489  0.2004  0.2195  0.1245  0.1774  0.2206   0.1981   0.2038   0.1188   0.1449   0.1822   0.2165   0.1640   0.1722   1.0000   0.1745   0.1518   0.1243   0.1622   0.1147   0.1700   0.1183   0.2136   0.1708   0.1938   0.0902   0.1652   0.1431   0.1938   0.1438   0.1645   0.1347   0.1180   0.1697   0.1917   0.2127   0.1149   0.1188   0.1443   0.1774   0.1344   0.1392   0.1575   0.1867   0.1268   0.1337   0.1579
SIM19L2  0.1442  0.1818  0.0947  0.1806  0.1631  0.1892  0.1895  0.1283  0.0796  0.1431   0.1805   0.1233   0.1275   0.1374   0.1399   0.1384   0.0847   0.1152   0.1745   1.0000   0.1121   0.0983   0.1388   0.1020   0.1858   0.1418   0.2177   0.2158   0.1018   0.1624   0.1621   0.1986   0.1530   0.1641   0.1683   0.1601   0.1355   0.2131   0.1282   0.2003   0.1921   0.1071   0.1551   0.1347   0.1374   0.1658   0.1547   0.1017   0.1202   0.1862   0.1219
SIM20L2  0.1181  0.1339  0.1983  0.1542  0.1449  0.1341  0.1800  0.1595  0.1393  0.1336   0.1836   0.1345   0.1464   0.1687   0.1329   0.1611   0.1569   0.1565   0.1518   0.1121   1.0000   0.0955   0.1473   0.0671   0.1643   0.1789   0.1862   0.1626   0.2029   0.0591   0.1603   0.1434   0.1534   0.1730   0.0978   0.1387   0.0860   0.1657   0.1384   0.1556   0.0966   0.1516   0.1490   0.1428   0.1361   0.0911   0.1466   0.1400   0.1058   0.1657   0.1429
SIM21L2  0.1090  0.1744  0.0520  0.1257  0.1411  0.1156  0.0946  0.1434  0.1397  0.1410   0.0747   0.1720   0.1558   0.1608   0.1553   0.1153   0.1081   0.1849   0.1243   0.0983   0.0955   1.0000   0.1523   0.1552   0.1886   0.1117   0.1791   0.1621   0.1434   0.1373   0.1139   0.1183   0.2230   0.1793   0.1028   0.1468   0.0980   0.0929   0.2054   0.1308   0.1075   0.1267   0.1025   0.1698   0.2112   0.1496   0.1591   0.1056   0.1641   0.1576   0.1390
SIM22L2  0.1412  0.1645  0.1486  0.1537  0.1033  0.1161  0.1298  0.1379  0.1274  0.1365   0.1966   0.1405   0.1378   0.1808   0.1199   0.1419   0.1643   0.1766   0.1622   0.1388   0.1473   0.1523   1.0000   0.0890   0.1928   0.1383   0.2105   0.1662   0.1789   0.0959   0.1693   0.1026   0.1179   0.1557   0.1587   0.0991   0.1354   0.1128   0.1780   0.1921   0.1641   0.1338   0.1330   0.2212   0.1963   0.1430   0.1564   0.1551   0.1139   0.1601   0.0917
SIM23L2  0.1126  0.1532  0.1129  0.1538  0.1407  0.1465  0.1071  0.1560  0.1390  0.1936   0.0754   0.1244   0.1518   0.0921   0.1719   0.1126   0.0613   0.1342   0.1147   0.1020   0.0671   0.1552   0.0890   1.0000   0.1246   0.1323   0.1312   0.1425   0.1678   0.1596   0.0872   0.1378   0.1796   0.1720   0.1417   0.1391   0.1275   0.1410   0.1623   0.1598   0.1326   0.1520   0.1144   0.1927   0.1275   0.1799   0.1156   0.1131   0.1274   0.2067   0.1148
SIM24L2  0.1259  0.1410  0.1832  0.1644  0.2074  0.2138  0.1852  0.1901  0.1365  0.1345   0.2002   0.1707   0.1559   0.1638   0.1372   0.1592   0.1780   0.1784   0.1700   0.1858   0.1643   0.1886   0.1928   0.1246   1.0000   0.1629   0.2512   0.2195   0.2196   0.1801   0.1776   0.1020   0.1513   0.1995   0.1459   0.1327   0.1353   0.1865   0.1718   0.2098   0.1481   0.1626   0.1831   0.2768   0.1433   0.1148   0.1560   0.1241   0.1441   0.1708   0.1723
SIM25L2  0.1283  0.1138  0.0734  0.1757  0.1258  0.0957  0.1526  0.1263  0.1523  0.1745   0.1289   0.1243   0.1667   0.0796   0.1558   0.1629   0.1623   0.1253   0.1183   0.1418   0.1789   0.1117   0.1383   0.1323   0.1629   1.0000   0.1650   0.1682   0.1457   0.1440   0.1849   0.1773   0.1783   0.1473   0.1093   0.1546   0.1164   0.1822   0.1460   0.1449   0.1740   0.1132   0.1097   0.1915   0.1620   0.1539   0.1348   0.1091   0.0910   0.1405   0.1564
SIM26L2  0.1188  0.1511  0.2445  0.1903  0.1686  0.2319  0.2132  0.2033  0.1295  0.2212   0.2167   0.2178   0.1960   0.1636   0.2110   0.2403   0.1471   0.2392   0.2136   0.2177   0.1862   0.1791   0.2105   0.1312   0.2512   0.1650   1.0000   0.2010   0.2575   0.2029   0.1751   0.1074   0.2042   0.1994   0.1611   0.1372   0.1702   0.2169   0.1995   0.2274   0.1578   0.1652   0.0964   0.2230   0.1453   0.2042   0.1566   0.1056   0.1074   0.1774   0.2016
SIM27L2  0.0950  0.1979  0.1731  0.1698  0.1973  0.1455  0.1922  0.1355  0.1185  0.1624   0.1879   0.1755   0.2369   0.1431   0.1995   0.1680   0.1447   0.2050   0.1708   0.2158   0.1626   0.1621   0.1662   0.1425   0.2195   0.1682   0.2010   1.0000   0.1597   0.1776   0.1463   0.1336   0.1841   0.1748   0.1621   0.1968   0.1415   0.1822   0.1782   0.1652   0.1551   0.0911   0.1412   0.2052   0.1041   0.1893   0.1613   0.1353   0.1429   0.1950   0.1730
SIM28L2  0.1160  0.1432  0.2210  0.1715  0.1362  0.2114  0.1423  0.1788  0.2205  0.1761   0.2094   0.2285   0.1319   0.1472   0.1688   0.2275   0.1080   0.1860   0.1938   0.1018   0.2029   0.1434   0.1789   0.1678   0.2196   0.1457   0.2575   0.1597   1.0000   0.1544   0.1548   0.1242   0.1899   0.1789   0.1492   0.1610   0.1061   0.2139   0.1524   0.1611   0.1134   0.1365   0.1114   0.2316   0.1748   0.1459   0.1445   0.1684   0.0741   0.1866   0.1789
SIM29L2  0.1103  0.1570  0.1058  0.2398  0.1225  0.1248  0.1078  0.1682  0.1338  0.1579   0.1515   0.1143   0.1213   0.1769   0.1604   0.1766   0.0972   0.1573   0.0902   0.1624   0.0591   0.1373   0.0959   0.1596   0.1801   0.1440   0.2029   0.1776   0.1544   1.0000   0.1150   0.1174   0.1778   0.1333   0.1465   0.1270   0.1390   0.1390   0.1777   0.1301   0.2229   0.1322   0.1174   0.1269   0.1527   0.2347   0.1111   0.1381   0.0938   0.1715   0.1308
SIM30L2  0.1134  0.1342  0.1734  0.1097  0.1115  0.2379  0.1987  0.2002  0.1488  0.2142   0.1758   0.1866   0.1470   0.1607   0.1355   0.2029   0.2200   0.1514   0.1652   0.1621   0.1603   0.1139   0.1693   0.0872   0.1776   0.1849   0.1751   0.1463   0.1548   0.1150   1.0000   0.1732   0.1731   0.1997   0.0915   0.1682   0.1913   0.1631   0.1635   0.2594   0.1414   0.1155   0.1643   0.1614   0.1402   0.0948   0.2156   0.1216   0.0891   0.1741   0.1585
SIM31L2  0.0933  0.1591  0.1194  0.1680  0.0778  0.1622  0.1724  0.1816  0.1127  0.1151   0.1753   0.0905   0.1763   0.1577   0.1473   0.1314   0.1566   0.1414   0.1431   0.1986   0.1434   0.1183   0.1026   0.1378   0.1020   0.1773   0.1074   0.1336   0.1242   0.1174   0.1732   1.0000   0.1771   0.1052   0.1589   0.1507   0.1237   0.1405   0.1423   0.1776   0.1229   0.1569   0.1077   0.1259   0.1739   0.1729   0.1141   0.1247   0.0934   0.1664   0.1248
SIM32L2  0.0754  0.2023  0.1346  0.2253  0.1693  0.2087  0.1950  0.2106  0.1282  0.2051   0.1900   0.1892   0.1761   0.1899   0.2192   0.1881   0.1723   0.1585   0.1938   0.1530   0.1534   0.2230   0.1179   0.1796   0.1513   0.1783   0.2042   0.1841   0.1899   0.1778   0.1731   0.1771   1.0000   0.1559   0.2129   0.1422   0.1718   0.2033   0.2323   0.1933   0.1827   0.1200   0.1384   0.1253   0.2069   0.1758   0.0917   0.1378   0.1439   0.2087   0.1989
SIM33L2  0.1424  0.1794  0.1473  0.1617  0.1936  0.1313  0.1545  0.1106  0.1512  0.1329   0.1624   0.1439   0.1714   0.1484   0.1552   0.1185   0.1268   0.1999   0.1438   0.1641   0.1730   0.1793   0.1557   0.1720   0.1995   0.1473   0.1994   0.1748   0.1789   0.1333   0.1997   0.1052   0.1559   1.0000   0.1426   0.1678   0.1234   0.1574   0.2007   0.1526   0.1241   0.1093   0.1609   0.1954   0.1631   0.1346   0.1644   0.0849   0.0978   0.1197   0.1349
SIM34L2  0.0989  0.1724  0.1208  0.1550  0.1610  0.1285  0.1621  0.0914  0.1070  0.1336   0.2072   0.1597   0.1994   0.2004   0.1732   0.2011   0.1326   0.1112   0.1645   0.1683   0.0978   0.1028   0.1587   0.1417   0.1459   0.1093   0.1611   0.1621   0.1492   0.1465   0.0915   0.1589   0.2129   0.1426   1.0000   0.1355   0.1599   0.1825   0.1591   0.2096   0.1292   0.1469   0.1819   0.1366   0.1540   0.1671   0.0978   0.1362   0.1441   0.1671   0.1044
SIM35L2  0.0817  0.1346  0.1182  0.1612  0.1588  0.1220  0.1303  0.1873  0.1857  0.1494   0.1255   0.1243   0.2096   0.1640   0.1976   0.2113   0.1305   0.1477   0.1347   0.1601   0.1387   0.1468   0.0991   0.1391   0.1327   0.1546   0.1372   0.1968   0.1610   0.1270   0.1682   0.1507   0.1422   0.1678   0.1355   1.0000   0.1610   0.1740   0.1503   0.1741   0.1265   0.1585   0.0935   0.1546   0.1600   0.1352   0.1923   0.0880   0.1472   0.1732   0.2413
SIM36L2  0.1245  0.1123  0.1441  0.1136  0.1128  0.1875  0.1611  0.1177  0.1331  0.1517   0.1607   0.1880   0.1680   0.1767   0.1745   0.1363   0.1379   0.1135   0.1180   0.1355   0.0860   0.0980   0.1354   0.1275   0.1353   0.1164   0.1702   0.1415   0.1061   0.1390   0.1913   0.1237   0.1718   0.1234   0.1599   0.1610   1.0000   0.1688   0.1399   0.2457   0.1039   0.1760   0.1645   0.1379   0.1235   0.1533   0.0883   0.0696   0.0863   0.1286   0.1320
SIM37L2  0.1309  0.1228  0.1307  0.1724  0.1950  0.2164  0.1451  0.1846  0.1314  0.1969   0.2097   0.1757   0.1441   0.1759   0.1638   0.2152   0.1570   0.1268   0.1697   0.2131   0.1657   0.0929   0.1128   0.1410   0.1865   0.1822   0.2169   0.1822   0.2139   0.1390   0.1631   0.1405   0.2033   0.1574   0.1825   0.1740   0.1688   1.0000   0.1495   0.1617   0.1236   0.0957   0.1947   0.1723   0.1459   0.1008   0.1163   0.1566   0.1455   0.1586   0.1589
SIM38L2  0.1016  0.1968  0.1527  0.1810  0.1551  0.1285  0.1346  0.0916  0.2373  0.1647   0.1536   0.1523   0.1614   0.1511   0.1417   0.1147   0.1577   0.1962   0.1917   0.1282   0.1384   0.2054   0.1780   0.1623   0.1718   0.1460   0.1995   0.1782   0.1524   0.1777   0.1635   0.1423   0.2323   0.2007   0.1591   0.1503   0.1399   0.1495   1.0000   0.1519   0.1778   0.1460   0.1657   0.1998   0.1973   0.1671   0.1565   0.1483   0.1708   0.1557   0.1617
SIM39L2  0.1098  0.2063  0.1887  0.1689  0.1772  0.2083  0.2016  0.2070  0.1923  0.2291   0.1969   0.2596   0.2164   0.1757   0.1784   0.2308   0.1590   0.1188   0.2127   0.2003   0.1556   0.1308   0.1921   0.1598   0.2098   0.1449   0.2274   0.1652   0.1611   0.1301   0.2594   0.1776   0.1933   0.1526   0.2096   0.1741   0.2457   0.1617   0.1519   1.0000   0.1607   0.1632   0.2032   0.2075   0.1609   0.2290   0.1945   0.1649   0.1346   0.1586   0.1829
SIM40L2  0.1378  0.1533  0.1499  0.1907  0.1450  0.0901  0.1637  0.1631  0.1178  0.2029   0.1349   0.1609   0.1884   0.1186   0.1393   0.1370   0.1431   0.1555   0.1149   0.1921   0.0966   0.1075   0.1641   0.1326   0.1481   0.1740   0.1578   0.1551   0.1134   0.2229   0.1414   0.1229   0.1827   0.1241   0.1292   0.1265   0.1039   0.1236   0.1778   0.1607   1.0000   0.0894   0.1439   0.1668   0.1559   0.1920   0.1459   0.1114   0.1479   0.1211   0.1245
SIM41L2  0.1300  0.1247  0.1493  0.1315  0.1408  0.1357  0.1080  0.1468  0.1106  0.2106   0.1663   0.1256   0.1409   0.1348   0.1781   0.1189   0.1668   0.1742   0.1188   0.1071   0.1516   0.1267   0.1338   0.1520   0.1626   0.1132   0.1652   0.0911   0.1365   0.1322   0.1155   0.1569   0.1200   0.1093   0.1469   0.1585   0.1760   0.0957   0.1460   0.1632   0.0894   1.0000   0.1176   0.1347   0.1954   0.1678   0.0717   0.1375   0.0925   0.1301   0.1338
SIM42L2  0.1279  0.2083  0.1213  0.0919  0.1378  0.1348  0.1733  0.1330  0.1203  0.1308   0.1801   0.0720   0.1672   0.1467   0.1169   0.0831   0.1373   0.1169   0.1443   0.1551   0.1490   0.1025   0.1330   0.1144   0.1831   0.1097   0.0964   0.1412   0.1114   0.1174   0.1643   0.1077   0.1384   0.1609   0.1819   0.0935   0.1645   0.1947   0.1657   0.2032   0.1439   0.1176   1.0000   0.1145   0.1372   0.1365   0.1319   0.1378   0.1448   0.1352   0.1099
SIM43L2  0.1052  0.1531  0.2075  0.1555  0.1483  0.1633  0.1710  0.1914  0.2121  0.1848   0.1954   0.1942   0.1533   0.0893   0.1386   0.1710   0.1888   0.1985   0.1774   0.1347   0.1428   0.1698   0.2212   0.1927   0.2768   0.1915   0.2230   0.2052   0.2316   0.1269   0.1614   0.1259   0.1253   0.1954   0.1366   0.1546   0.1379   0.1723   0.1998   0.2075   0.1668   0.1347   0.1145   1.0000   0.1443   0.1830   0.2036   0.1306   0.1184   0.1808   0.1546
SIM44L2  0.0987  0.1596  0.1111  0.1583  0.1073  0.1512  0.1310  0.1550  0.1717  0.1291   0.1557   0.1759   0.1603   0.1885   0.1657   0.1622   0.1254   0.1589   0.1344   0.1374   0.1361   0.2112   0.1963   0.1275   0.1433   0.1620   0.1453   0.1041   0.1748   0.1527   0.1402   0.1739   0.2069   0.1631   0.1540   0.1600   0.1235   0.1459   0.1973   0.1609   0.1559   0.1954   0.1372   0.1443   1.0000   0.1780   0.1294   0.1566   0.0748   0.1399   0.1176
SIM45L2  0.1045  0.1890  0.1392  0.1621  0.1563  0.1397  0.1026  0.1383  0.1910  0.1572   0.1429   0.1459   0.2262   0.1358   0.1898   0.1606   0.0913   0.2042   0.1392   0.1658   0.0911   0.1496   0.1430   0.1799   0.1148   0.1539   0.2042   0.1893   0.1459   0.2347   0.0948   0.1729   0.1758   0.1346   0.1671   0.1352   0.1533   0.1008   0.1671   0.2290   0.1920   0.1678   0.1365   0.1830   0.1780   1.0000   0.1130   0.1728   0.0694   0.1680   0.1697
SIM46L2  0.1303  0.1821  0.1824  0.1116  0.1500  0.1531  0.1571  0.1383  0.1902  0.1624   0.0935   0.1768   0.1860   0.1387   0.1009   0.1302   0.1540   0.1426   0.1575   0.1547   0.1466   0.1591   0.1564   0.1156   0.1560   0.1348   0.1566   0.1613   0.1445   0.1111   0.2156   0.1141   0.0917   0.1644   0.0978   0.1923   0.0883   0.1163   0.1565   0.1945   0.1459   0.0717   0.1319   0.2036   0.1294   0.1130   1.0000   0.0923   0.1133   0.1935   0.1117
SIM47L2  0.1120  0.1842  0.1135  0.1645  0.1179  0.1043  0.0863  0.1447  0.1278  0.1611   0.1724   0.0849   0.1571   0.1431   0.2048   0.1410   0.1279   0.0820   0.1867   0.1017   0.1400   0.1056   0.1551   0.1131   0.1241   0.1091   0.1056   0.1353   0.1684   0.1381   0.1216   0.1247   0.1378   0.0849   0.1362   0.0880   0.0696   0.1566   0.1483   0.1649   0.1114   0.1375   0.1378   0.1306   0.1566   0.1728   0.0923   1.0000   0.1383   0.0949   0.1260
SIM48L2  0.1083  0.1749  0.1615  0.1687  0.1561  0.1197  0.0934  0.1506  0.1816  0.1463   0.0947   0.1060   0.1647   0.1496   0.1531   0.1283   0.1139   0.0981   0.1268   0.1202   0.1058   0.1641   0.1139   0.1274   0.1441   0.0910   0.1074   0.1429   0.0741   0.0938   0.0891   0.0934   0.1439   0.0978   0.1441   0.1472   0.0863   0.1455   0.1708   0.1346   0.1479   0.0925   0.1448   0.1184   0.0748   0.0694   0.1133   0.1383   1.0000   0.1251   0.1039
SIM49L2  0.1223  0.2143  0.1464  0.1852  0.2267  0.1730  0.1746  0.1541  0.1894  0.1825   0.1443   0.1431   0.1437   0.1552   0.1985   0.1476   0.1055   0.2221   0.1337   0.1862   0.1657   0.1576   0.1601   0.2067   0.1708   0.1405   0.1774   0.1950   0.1866   0.1715   0.1741   0.1664   0.2087   0.1197   0.1671   0.1732   0.1286   0.1586   0.1557   0.1586   0.1211   0.1301   0.1352   0.1808   0.1399   0.1680   0.1935   0.0949   0.1251   1.0000   0.1485
SIM50L2  0.0515  0.1240  0.1650  0.1738  0.1066  0.0809  0.1111  0.1221  0.1279  0.0937   0.0889   0.1689   0.2148   0.1678   0.1315   0.1974   0.1062   0.1605   0.1579   0.1219   0.1429   0.1390   0.0917   0.1148   0.1723   0.1564   0.2016   0.1730   0.1789   0.1308   0.1585   0.1248   0.1989   0.1349   0.1044   0.2413   0.1320   0.1589   0.1617   0.1829   0.1245   0.1338   0.1099   0.1546   0.1176   0.1697   0.1117   0.1260   0.1039   0.1485   1.0000

LD Score Matrix Condition Number
5.08

Annotation Correlation Matrix
         SIM1    SIM2    SIM3    SIM4    SIM5    SIM6    SIM7    SIM8    SIM9   SIM10   SIM11   SIM12   SIM13   SIM14   SIM15   SIM16   SIM17   SIM18   SIM19   SIM20   SIM21   SIM22   SIM23   SIM24   SIM25   SIM26   SIM27   SIM28   SIM29   SIM30   SIM31   SIM32   SIM33   SIM34   SIM35   SIM36   SIM37   SIM38   SIM39   SIM40   SIM41   SIM42   SIM43   SIM44   SIM45   SIM46   SIM47   SIM48   SIM49   SIM50
SIM1   1.0000  0.0156  0.0175  0.0119  0.0076  0.0189  0.0099  0.0081  0.0184  0.0148  0.0230  0.0053  0.0206  0.0249  0.0100  0.0162  0.0116  0.0147  0.0186  0.0165  0.0129  0.0117  0.0054  0.0137  0.0182  0.0205  0.0053  0.0146  0.0170  0.0095  0.0123  0.0140  0.0113  0.0096  0.0142  0.0199  0.0145  0.0196  0.0072  0.0121  0.0228  0.0275  0.0098  0.0232  0.0097  0.0178  0.0095  0.0141  0.0224  0.0078
SIM2   0.0156  1.0000  0.0175  0.0054  0.0228  0.0189  0.0186  0.0310  0.0206  0.0148  0.0165  0.0095  0.0120  0.0249  0.0100  0.0141  0.0158  0.0148  0.0186  0.0077  0.0129  0.0139  0.0141  0.0116  0.0054  0.0054  0.0096  0.0213  0.0170  0.0116  0.0235  0.0076  0.0195  0.0117  0.0077  0.0136  0.0212  0.0258  0.0175  0.0165  0.0207  0.0187  0.0163  0.0122  0.0162  0.0221  0.0117  0.0206  0.0139  0.0122
SIM3   0.0175  0.0175  1.0000  0.0138  0.0118  0.0099  0.0205  0.0284  0.0203  0.0146  0.0184  0.0115  0.0075  0.0203  0.0077  0.0118  0.0156  0.0079  0.0271  0.0141  0.0127  0.0137  0.0139  0.0198  0.0222  0.0138  0.0179  0.0144  0.0212  0.0073  0.0100  0.0181  0.0254  0.0221  0.0076  0.0176  0.0077  0.0296  0.0153  0.0141  0.0118  0.0185  0.0161  0.0120  0.0139  0.0176  0.0136  0.0160  0.0222  0.0230
SIM4   0.0119  0.0054  0.0138  1.0000  0.0146  0.0127  0.0170  0.0155  0.0168  0.0107  0.0102  0.0273  0.0101  0.0079  0.0172  0.0168  0.0272  0.0152  0.0057  0.0125  0.0181  0.0099  0.0034  0.0229  0.0210  0.0123  0.0056  0.0151  0.0060  0.0272  0.0036  0.0123  0.0095  0.0209  0.0102  0.0162  0.0104  0.0160  0.0075  0.0193  0.0146  0.0035  0.0146  0.0149  0.0079  0.0185  0.0077  0.0101  0.0122  0.0081
SIM5   0.0076  0.0228  0.0118  0.0146  1.0000  0.0243  0.0148  0.0180  0.0080  0.0178  0.0126  0.0122  0.0125  0.0147  0.0150  0.0080  0.0121  0.0201  0.0149  0.0149  0.0038  0.0078  0.0282  0.0209  0.0123  0.0236  0.0278  0.0199  0.0154  0.0165  0.0082  0.0124  0.0203  0.0100  0.0103  0.0163  0.0105  0.0075  0.0204  0.0081  0.0193  0.0127  0.0080  0.0082  0.0191  0.0164  0.0100  0.0102  0.0234  0.0196
SIM6   0.0189  0.0189  0.0099  0.0127  0.0243  1.0000  0.0128  0.0160  0.0150  0.0182  0.0198  0.0102  0.0082  0.0150  0.0130  0.0104  0.0124  0.0181  0.0152  0.0036  0.0088  0.0080  0.0150  0.0168  0.0058  0.0241  0.0215  0.0108  0.0086  0.0124  0.0178  0.0149  0.0142  0.0215  0.0128  0.0145  0.0037  0.0208  0.0165  0.0129  0.0174  0.0129  0.0105  0.0107  0.0081  0.0212  0.0035  0.0150  0.0035  0.0130
SIM7   0.0099  0.0186  0.0205  0.0170  0.0148  0.0128  1.0000  0.0133  0.0125  0.0155  0.0172  0.0277  0.0125  0.0328  0.0151  0.0080  0.0144  0.0108  0.0058  0.0173  0.0183  0.0079  0.0238  0.0144  0.0191  0.0147  0.0079  0.0107  0.0108  0.0166  0.0083  0.0169  0.0054  0.0079  0.0149  0.0099  0.0106  0.0248  0.0054  0.0241  0.0080  0.0173  0.0125  0.0128  0.0170  0.0077  0.0100  0.0170  0.0190  0.0128
SIM8   0.0081  0.0310  0.0284  0.0155  0.0180  0.0160  0.0133  1.0000  0.0179  0.0188  0.0181  0.0129  0.0085  0.0085  0.0111  0.0038  0.0105  0.0212  0.0134  0.0134  0.0193  0.0060  0.0156  0.0059  0.0084  0.0132  0.0177  0.0186  0.0138  0.0082  0.0209  0.0155  0.0215  0.0060  0.0181  0.0104  0.0112  0.0239  0.0126  0.0134  0.0156  0.0158  0.0109  0.0207  0.0037  0.0197  0.0106  0.0203  0.0107  0.0087
SIM9   0.0184  0.0206  0.0203  0.0168  0.0080  0.0150  0.0125  0.0179  1.0000  0.0224  0.0193  0.0187  0.0147  0.0213  0.0150  0.0102  0.0186  0.0176  0.0148  0.0058  0.0205  0.0078  0.0057  0.0142  0.0189  0.0123  0.0188  0.0198  0.0200  0.0251  0.0128  0.0234  0.0224  0.0166  0.0125  0.0184  0.0173  0.0160  0.0139  0.0216  0.0057  0.0103  0.0057  0.0127  0.0101  0.0142  0.0143  0.0280  0.0100  0.0081
SIM10  0.0148  0.0148  0.0146  0.0107  0.0178  0.0182  0.0155  0.0188  0.0224  1.0000  0.0109  0.0128  0.0037  0.0154  0.0038  0.0037  0.0196  0.0137  0.0132  0.0109  0.0091  0.0105  0.0131  0.0150  0.0060  0.0083  0.0036  0.0160  0.0088  0.0150  0.0111  0.0083  0.0146  0.0175  0.0108  0.0171  0.0062  0.0146  0.0191  0.0132  0.0154  0.0157  0.0154  0.0181  0.0154  0.0126  0.0082  0.0177  0.0129  0.0086
SIM11  0.0230  0.0165  0.0184  0.0102  0.0126  0.0198  0.0172  0.0181  0.0193  0.0109  1.0000  0.0100  0.0103  0.0103  0.0221  0.0193  0.0166  0.0202  0.0036  0.0105  0.0160  0.0101  0.0058  0.0100  0.0079  0.0102  0.0168  0.0200  0.0061  0.0188  0.0153  0.0102  0.0162  0.0235  0.0149  0.0209  0.0106  0.0206  0.0249  0.0173  0.0126  0.0174  0.0194  0.0151  0.0148  0.0144  0.0145  0.0080  0.0124  0.0036
SIM12  0.0053  0.0095  0.0115  0.0273  0.0122  0.0102  0.0277  0.0129  0.0187  0.0128  0.0100  1.0000  0.0165  0.0143  0.0213  0.0209  0.0139  0.0173  0.0167  0.0056  0.0084  0.0206  0.0121  0.0139  0.0141  0.0164  0.0162  0.0103  0.0150  0.0289  0.0080  0.0099  0.0240  0.0098  0.0188  0.0095  0.0057  0.0115  0.0157  0.0101  0.0187  0.0235  0.0055  0.0191  0.0208  0.0266  0.0140  0.0165  0.0119  0.0191
SIM13  0.0206  0.0120  0.0075  0.0101  0.0125  0.0082  0.0125  0.0085  0.0147  0.0037  0.0103  0.0165  1.0000  0.0259  0.0104  0.0169  0.0099  0.0153  0.0148  0.0217  0.0134  0.0255  0.0079  0.0099  0.0101  0.0146  0.0056  0.0106  0.0223  0.0143  0.0128  0.0280  0.0075  0.0233  0.0216  0.0120  0.0266  0.0182  0.0139  0.0058  0.0147  0.0149  0.0192  0.0173  0.0169  0.0120  0.0209  0.0102  0.0012  0.0081
SIM14  0.0249  0.0249  0.0203  0.0079  0.0147  0.0150  0.0328  0.0085  0.0213  0.0154  0.0103  0.0143  0.0259  1.0000  0.0195  0.0124  0.0121  0.0083  0.0103  0.0216  0.0134  0.0100  0.0035  0.0186  0.0078  0.0212  0.0254  0.0175  0.0130  0.0099  0.0174  0.0123  0.0117  0.0078  0.0193  0.0163  0.0105  0.0225  0.0289  0.0148  0.0124  0.0103  0.0236  0.0241  0.0079  0.0076  0.0165  0.0057  0.0122  0.0104
SIM15  0.0100  0.0100  0.0077  0.0172  0.0150  0.0130  0.0151  0.0111  0.0150  0.0038  0.0221  0.0213  0.0104  0.0195  1.0000  0.0241  0.0213  0.0109  0.0198  0.0106  0.0064  0.0080  0.0127  0.0146  0.0058  0.0172  0.0057  0.0249  0.0133  0.0057  0.0201  0.0194  0.0120  0.0080  0.0220  0.0012  0.0177  0.0055  0.0142  0.0082  0.0127  0.0175  0.0127  0.0060  0.0126  0.0212  0.0124  0.0150  0.0170  0.0107
SIM16  0.0162  0.0141  0.0118  0.0168  0.0080  0.0104  0.0080  0.0038  0.0102  0.0037  0.0193  0.0209  0.0169  0.0124  0.0241  1.0000  0.0077  0.0130  0.0103  0.0239  0.0134  0.0100  0.0259  0.0099  0.0123  0.0146  0.0166  0.0129  0.0200  0.0099  0.0197  0.0212  0.0096  0.0166  0.0125  0.0228  0.0196  0.0203  0.0182  0.0103  0.0147  0.0081  0.0192  0.0150  0.0124  0.0164  0.0099  0.0146  0.0034  0.0081
SIM17  0.0116  0.0158  0.0156  0.0272  0.0121  0.0124  0.0144  0.0105  0.0186  0.0196  0.0166  0.0139  0.0099  0.0121  0.0213  0.0077  1.0000  0.0195  0.0100  0.0145  0.0154  0.0097  0.0164  0.0139  0.0098  0.0164  0.0162  0.0103  0.0104  0.0160  0.0215  0.0163  0.0177  0.0183  0.0276  0.0222  0.0259  0.0135  0.0094  0.0144  0.0253  0.0078  0.0187  0.0168  0.0033  0.0159  0.0097  0.0142  0.0205  0.0168
SIM18  0.0147  0.0148  0.0079  0.0152  0.0201  0.0181  0.0108  0.0212  0.0176  0.0137  0.0202  0.0173  0.0153  0.0083  0.0109  0.0130  0.0195  1.0000  0.0155  0.0179  0.0090  0.0197  0.0107  0.0172  0.0059  0.0106  0.0036  0.0063  0.0088  0.0126  0.0302  0.0199  0.0079  0.0174  0.0061  0.0103  0.0205  0.0190  0.0034  0.0249  0.0154  0.0038  0.0177  0.0204  0.0083  0.0126  0.0218  0.0083  0.0151  0.0204
SIM19  0.0186  0.0186  0.0271  0.0057  0.0149  0.0152  0.0058  0.0134  0.0148  0.0132  0.0036  0.0167  0.0148  0.0103  0.0198  0.0103  0.0100  0.0155  1.0000  0.0082  0.0063  0.0124  0.0058  0.0144  0.0124  0.0215  0.0168  0.0130  0.0108  0.0144  0.0153  0.0147  0.0313  0.0168  0.0172  0.0121  0.0199  0.0119  0.0184  0.0059  0.0285  0.0266  0.0080  0.0082  0.0193  0.0254  0.0145  0.0148  0.0079  0.0059
SIM20  0.0165  0.0077  0.0141  0.0125  0.0149  0.0036  0.0173  0.0134  0.0058  0.0109  0.0105  0.0056  0.0217  0.0216  0.0106  0.0239  0.0145  0.0179  0.0082  1.0000  0.0112  0.0124  0.0126  0.0144  0.0259  0.0238  0.0146  0.0294  0.0132  0.0189  0.0153  0.0215  0.0270  0.0169  0.0058  0.0143  0.0130  0.0185  0.0185  0.0036  0.0194  0.0151  0.0058  0.0152  0.0148  0.0166  0.0168  0.0171  0.0236  0.0152
SIM21  0.0129  0.0129  0.0127  0.0181  0.0038  0.0088  0.0183  0.0193  0.0205  0.0091  0.0160  0.0084  0.0134  0.0134  0.0064  0.0134  0.0154  0.0090  0.0063  0.0112  1.0000  0.0155  0.0110  0.0270  0.0038  0.0205  0.0085  0.0089  0.0190  0.0153  0.0163  0.0109  0.0218  0.0108  0.0063  0.0083  0.0064  0.0104  0.0127  0.0184  0.0158  0.0136  0.0254  0.0210  0.0181  0.0199  0.0201  0.0134  0.0085  0.0113
SIM22  0.0117  0.0139  0.0137  0.0099  0.0078  0.0080  0.0079  0.0060  0.0078  0.0105  0.0101  0.0206  0.0255  0.0100  0.0080  0.0100  0.0097  0.0197  0.0124  0.0124  0.0155  1.0000  0.0122  0.0119  0.0099  0.0121  0.0229  0.0172  0.0105  0.0183  0.0126  0.0121  0.0179  0.0077  0.0190  0.0139  0.0103  0.0179  0.0158  0.0146  0.0211  0.0169  0.0078  0.0170  0.0122  0.0097  0.0163  0.0056  0.0077  0.0125
SIM23  0.0054  0.0141  0.0139  0.0034  0.0282  0.0150  0.0238  0.0156  0.0057  0.0131  0.0058  0.0121  0.0079  0.0035  0.0127  0.0259  0.0164  0.0107  0.0058  0.0126  0.0110  0.0122  1.0000  0.0099  0.0100  0.0079  0.0210  0.0129  0.0177  0.0099  0.0128  0.0057  0.0139  0.0122  0.0193  0.0076  0.0082  0.0096  0.0096  0.0148  0.0147  0.0126  0.0147  0.0127  0.0124  0.0273  0.0209  0.0102  0.0255  0.0081
SIM24  0.0137  0.0116  0.0198  0.0229  0.0209  0.0168  0.0144  0.0059  0.0142  0.0150  0.0100  0.0139  0.0099  0.0186  0.0146  0.0099  0.0139  0.0172  0.0144  0.0144  0.0270  0.0119  0.0099  1.0000  0.0184  0.0185  0.0119  0.0170  0.0149  0.0117  0.0192  0.0141  0.0156  0.0119  0.0165  0.0201  0.0191  0.0219  0.0219  0.0122  0.0077  0.0256  0.0164  0.0079  0.0164  0.0095  0.0203  0.0120  0.0162  0.0123
SIM25  0.0182  0.0054  0.0222  0.0210  0.0123  0.0058  0.0191  0.0084  0.0189  0.0060  0.0079  0.0141  0.0101  0.0078  0.0058  0.0123  0.0098  0.0059  0.0124  0.0259  0.0038  0.0099  0.0100  0.0184  1.0000  0.0144  0.0077  0.0173  0.0128  0.0249  0.0195  0.0188  0.0116  0.0208  0.0280  0.0225  0.0171  0.0264  0.0137  0.0214  0.0101  0.0080  0.0123  0.0215  0.0100  0.0140  0.0120  0.0189  0.0077  0.0238
